0.513114  0.376532  
0.37621  0.487558  
0.376803  0.463062  
0.377857  0.449353  
0.47879  0.378196  
0.37958  0.434516  
0.467679  0.379041  
0.488409  0.377543  
0.496855  0.377495  
0.377728  0.458651  
0.446226  0.381165  
0.456149  0.380352  
0.5039  0.376806  
0.39587  0.402292  
0.382404  0.42664  
0.433311  0.384166  
0.428912  0.385501  
0.381567  0.431883  
0.401787  0.398787  
0.438489  0.383025  
0.390773  0.408923  
0.38337  0.420681  
0.50961  0.376573  
0.388391  0.418236  
0.460667  0.379316  
0.39074  0.41418  
0.385828  0.419984  
0.424554  0.386346  
0.407368  0.394346  
0.393345  0.406685  
0.38859  0.414207  
0.404863  0.396004  
0.441982  0.382325  
0.419424  0.388996  
0.411433  0.392956  
0.421849  0.388424  
0.409139  0.393499  
0.442976  0.381765  
0.459611  0.380109  
0.395049  0.405473  
0.424121  0.388171  
0.403995  0.396763  
0.402267  0.398105  
0.416783  0.38907  
0.413208  0.391916  
0.415792  0.391112  
0.413875  0.391685  
0.394578  0.406213  
0.460658  0.379628  
0.416158  0.389755  
