1.80634  0  
1.80834  0  
1.80793  0  
1.80894  0  
1.8062  0  
1.80751  0  
1.80843  0  
1.80634  0  
1.807  0  
1.807  0  
1.80774  0  
1.8091  0  
1.80529  0  
1.80843  0  
1.80774  0  
1.80751  0  
1.8062  0  
1.80803  0  
1.80478  0  
1.80099  0  
1.80439  0  
1.80769  0  
1.80287  0  
1.80321  0  
1.80529  0  
1.80054  0  
1.80526  0  
1.80321  0  
1.80439  0  
1.7996  0  
1.80287  0  
1.80592  0  
1.80639  0  
1.80089  0  
1.80054  0  
1.80504  0  
1.80614  0  
1.80564  0  
1.7996  0  
1.80592  0  
1.80642  0  
1.80564  0  
1.80753  0  
1.80831  0  
1.80753  0  
1.80648  0  
1.80843  0  
1.8072  0  
1.80843  0  
1.8085  0  
