-45.39800214503932096477001323364675045013427734375
-30.3779788531999059841837151907384395599365234375
25.663096098800007638374154339544475078582763671875
1.617005569511266838134133649873547255992889404296875
25.094674570027375892777854460291564464569091796875
86.04252123928046103173983283340930938720703125
30.60446611336636379974152077920734882354736328125
74.078765421655674572321004234254360198974609375
17.41327698918079391887658857740461826324462890625
4.2085335457131005654218824929557740688323974609375
-81.273137735556616689791553653776645660400390625
-73.4846554550396575677950750105082988739013671875
66.48501144126885264995507895946502685546875
19.450791723682332445832798839546740055084228515625
-5.68487568483130889518406547722406685352325439453125
-17.2532036034884725950178108178079128265380859375
72.9540665573115205688736750744283199310302734375
56.08789911475105327554047107696533203125
48.86792079422195200777423451654613018035888671875
-79.2171738943308270108900615014135837554931640625
-93.2803756824801979519179440103471279144287109375
6.4132591581831643878786053392104804515838623046875
-94.1774987418560840524150989949703216552734375
-38.910596938555471524523454718291759490966796875
-46.32681240955000845360700623132288455963134765625
96.6842830967142532472280436195433139801025390625
39.70694903362468863861067802645266056060791015625
19.0575632016497280574185424484312534332275390625
-55.959797711697092381655238568782806396484375
18.11866885501026303018079488538205623626708984375
59.5680177738538105813859147019684314727783203125
-95.818778063377322951055248267948627471923828125
-69.8091381055420043821868603117763996124267578125
-41.39693624358428536424980848096311092376708984375
35.9234762742511435362757765688002109527587890625
-32.6074227066127519947258406318724155426025390625
7.83052373717336980263326040585525333881378173828125
84.95055756297512061792076565325260162353515625
8.9834934399172947649958587135188281536102294921875
-5.7074552416718749014989953138865530490875244140625
64.1426414492716503445990383625030517578125
55.7503719772029171508620493113994598388671875
93.7390901581876931913939188234508037567138671875
77.7516982586120235509952181018888950347900390625
-72.0120090456449730709209688939154148101806640625
43.96071226450504099148020031861960887908935546875
89.2895055992014619050678447820246219635009765625
-70.744547063008184295540559105575084686279296875
85.8468484912868490255277720279991626739501953125
13.340468687272505121654830873012542724609375
-10.167421115689887045618888805620372295379638671875
27.86225611857478412503041909076273441314697265625
27.027121046412077021159348078072071075439453125
-29.869187596935063311320845969021320343017578125
8.959189636219978325470947311259806156158447265625
-64.7092935343061839148504077456891536712646484375
-9.1647226223585587234765625908039510250091552734375
14.68595648064226821816191659308969974517822265625
-47.9403937452386657014358206652104854583740234375
14.9501287576830588221810103277675807476043701171875
-15.918835123111033880149989272467792034149169921875
-60.30106842970852909502355032600462436676025390625
48.7483829866616957815494970418512821197509765625
-19.3127859200081815060912049375474452972412109375
76.145963083495729506466886959969997406005859375
-80.3268474826923721821003709919750690460205078125
73.7642179648872655661762109957635402679443359375
81.5422410565291642114971182309091091156005859375
-48.86754648996379302161585655994713306427001953125
-72.0963644233969631613945239223539829254150390625
-13.50334549107157755543084931559860706329345703125
47.7465566604670357264694757759571075439453125
63.104599338364295135761494748294353485107421875
-89.5619810511603873237618245184421539306640625
29.87884543434162054609259939752519130706787109375
27.51277521960420102686839527450501918792724609375
-70.5146242735462323025785735808312892913818359375
-34.7153054405758467737541650421917438507080078125
3.54774025315740626496108234277926385402679443359375
68.95852589841337021425715647637844085693359375
36.66201883028509911355286021716892719268798828125
69.020128133715701324035762809216976165771484375
51.261587375339757954861852340400218963623046875
46.4692851734291849652436212636530399322509765625
63.56149110277166158766704029403626918792724609375
-38.61881605927766969443837297149002552032470703125
-43.46634612767200422922542202286422252655029296875
3.885978068074426250433361929026432335376739501953125
81.2761468123084256376387202180922031402587890625
27.288146125350660753383635892532765865325927734375
-3.158229301119919174567485242732800543308258056640625
-48.41684300825141207269552978686988353729248046875
93.13193462890905038875644095242023468017578125
86.20291713306306746744667179882526397705078125
-51.9361397119308634273693314753472805023193359375
64.43883838038306066664517857134342193603515625
83.2057536321596700190639239735901355743408203125
38.28900118531273477628928958438336849212646484375
7.127106632526164275986957363784313201904296875
-39.9127849468667221799478284083306789398193359375
-76.8438270418354250068659894168376922607421875
-11.1285196944652486905624755308963358402252197265625
48.788692451561047391805914230644702911376953125
41.24258250513852175345164141617715358734130859375
18.726779813551626574508190969936549663543701171875
-48.80177474281426697189090191386640071868896484375
-14.85517226463963424976100213825702667236328125
-85.7850364986270932377010467462241649627685546875
-57.30415540730223966647827182896435260772705078125
-56.985385504565698511214577592909336090087890625
86.8872869198536363910534419119358062744140625
89.968085436873508342614513821899890899658203125
-41.44337123475537509875721298158168792724609375
-51.5108548546829894121401594020426273345947265625
50.91884685992732784143299795687198638916015625
-6.02171048025784561019690954708494246006011962890625
79.1528579920988448748175869695842266082763671875
3.00980274313701112731678222189657390117645263671875
93.78045164350754703264101408421993255615234375
43.88666075334388239070904091931879520416259765625
-53.3517354235637384363144519738852977752685546875
69.186483492583874976844526827335357666015625
-26.8737686258145771489580511115491390228271484375
85.3686333928752816291307681240141391754150390625
58.6279307262784783461029292084276676177978515625
70.230551361501085239069652743637561798095703125
-31.54605787263779603790680994279682636260986328125
17.15262762775454774555328185670077800750732421875
8.1274017184248972256455090246163308620452880859375
13.8702294355011002124911101418547332286834716796875
-10.444984094849214528721859096549451351165771484375
-22.158870311699825350615356001071631908416748046875
8.8138451959040668981515409541316330432891845703125
-99.5573287896913399208642658777534961700439453125
-30.86509058293356844160371110774576663970947265625
72.454882243927869467370328493416309356689453125
-18.744068892364477818546220078133046627044677734375
-54.296058770414248328961548395454883575439453125
-92.5487818768268510893904021941125392913818359375
50.9184236322951306874529109336435794830322265625
17.458376129175377400315483100712299346923828125
-96.6905536976085926426094374619424343109130859375
-25.935126912812311417155797244049608707427978515625
-22.827194857603370081733373808674514293670654296875
-87.787979737457106921283411793410778045654296875
29.398170497765601538731061737053096294403076171875
55.3009021033285392832112847827374935150146484375
28.3258331462935899480726220645010471343994140625
69.191517576336849515428184531629085540771484375
22.80618456336154764585444354452192783355712890625
5.2850790052509086791587833431549370288848876953125
-7.77270806663061630814581803861074149608612060546875
-48.12290937296064186057265033014118671417236328125
-60.241388956543261201659333892166614532470703125
-66.610737899133027895004488527774810791015625
5.4565257687708967893058797926642000675201416015625
-55.0545799919952258960620383732020854949951171875
19.338504615897914362676601740531623363494873046875
-74.7742027550760752774294815026223659515380859375
-78.064360907294513935994473285973072052001953125
84.273929459988636381240212358534336090087890625
-27.4703338600276083525386638939380645751953125
-11.8970678860775773699742785538546741008758544921875
-36.23557846922476954887315514497458934783935546875
27.81688532579570249936296022497117519378662109375
74.33383317984095128849730826914310455322265625
16.068666469690260356628641602583229541778564453125
-6.99404722047384819205717576551251113414764404296875
-10.7785358669810253928744714357890188694000244140625
-33.9726542537932374443698790855705738067626953125
20.1240836371215436884085647761821746826171875
12.1789203328880137888745593954809010028839111328125
82.3678227447714874642770155332982540130615234375
67.6533024214721905309488647617399692535400390625
-96.96906969079083182805334217846393585205078125
70.08602207770849190637818537652492523193359375
57.679327093344681998132728040218353271484375
-33.1265101633392049507165211252868175506591796875
50.45673614835533271616441197693347930908203125
17.03755854894235000074331765063107013702392578125
-58.00153593791893769093803712166845798492431640625
75.0036835487933188915121718309819698333740234375
-57.8660978742050673417907091788947582244873046875
75.040696393601052704980247654020786285400390625
10.78025656907299634212904493324458599090576171875
-64.3547277773226369390613399446010589599609375
60.99887722990451521809518453665077686309814453125
-55.21124204120898326664246269501745700836181640625
27.44004606657057365737273357808589935302734375
3.733558190949837207739392397343181073665618896484375
48.16548028519400048708121175877749919891357421875
-33.3800211384215828047672403044998645782470703125
-32.930657011571184966669534333050251007080078125
75.0125659868438532384971040301024913787841796875
31.372196172777595535308137186802923679351806640625
-50.9100888051692521685254178009927272796630859375
83.3971765897093746389145962893962860107421875
44.47279544882632507096786866895854473114013671875
16.759267473239670920293065137229859828948974609375
22.347842980034311466397412004880607128143310546875
20.7123699357314734470492112450301647186279296875
-61.39248480261441187622040160931646823883056640625
25.9008065326839158615257474593818187713623046875
67.090871494671404207110754214227199554443359375
-5.62965514132371680489086429588496685028076171875
-34.34869037565426452829342451877892017364501953125
-48.72629571398493197875723126344382762908935546875
36.882785248362097263452596962451934814453125
58.5495702467181757810976705513894557952880859375
-70.950298284859712794059305451810359954833984375
-38.81195801615667306805335101671516895294189453125
55.91617332848141330714497598819434642791748046875
83.874172542041520728162140585482120513916015625
-95.8974588831882783779292367398738861083984375
-40.16121332391657006155583076179027557373046875
-43.131875122390994192755897529423236846923828125
-42.19102662916011325933141051791608333587646484375
14.802953773065841147626997553743422031402587890625
52.94830427078013457276028930209577083587646484375
51.6016788525433867107494734227657318115234375
90.677053006983925342865404672920703887939453125
-64.6605585058881189297608216293156147003173828125
-75.1423631236314264469910995103418827056884765625
-35.7472385888919035323851858265697956085205078125
26.1566723156991685073080589063465595245361328125
21.813098505440251528852968476712703704833984375
16.756575063557708205053131678141653537750244140625
-49.88481298873204394794811378233134746551513671875
-79.1797283019087529964963323436677455902099609375
20.858153888523187191594843170605599880218505859375
-44.21475687922991681944040465168654918670654296875
-44.8022279377701835301195387728512287139892578125
43.717079019515011850671726278960704803466796875
-51.5108954559222667057838407345116138458251953125
9.5812717617933369496086015715263783931732177734375
-31.282243120103469635751025634817779064178466796875
-19.30285619506447147841754485853016376495361328125
6.8476901572981443422349911998026072978973388671875
-12.1786960740700092031829626648686826229095458984375
17.296708538954018052891115075908601284027099609375
85.9065578280123673948764917440712451934814453125
-65.1026622113512729583817417733371257781982421875
5.60082377456482038979856952209956943988800048828125
-45.61944857547651821505496627651154994964599609375
50.06264401443609557418312761001288890838623046875
57.3895244425261950027561397291719913482666015625
34.8464494157117457007188932038843631744384765625
-42.38666797273496200659792521037161350250244140625
-49.960560455700630200226441957056522369384765625
-67.16900804971550087429932318627834320068359375
-75.8636605746797982874340959824621677398681640625
55.3782611431620779285367461852729320526123046875
50.9087536457093250419347896240651607513427734375
24.661861243503498286600006395019590854644775390625
-26.401486043930528779810629202984273433685302734375
96.09058712474455887786461971700191497802734375
81.48997917471041319004143588244915008544921875
-24.444100238701462757262561353854835033416748046875
-25.193645451052514516732117044739425182342529296875
-47.28533135138123810747856623493134975433349609375
-62.33500926227164740112129948101937770843505859375
-53.95550076510986770017552771605551242828369140625
-23.461556278143138598579753306694328784942626953125
-41.83235149515468265235540457069873809814453125
25.070922809512662610131883411668241024017333984375
54.30260564520546751055007916875183582305908203125
70.0493172067390332813374698162078857421875
2.245414037604617885079960615257732570171356201171875
7.94782068685010134601043318980373442173004150390625
-27.2559307285463745529341395013034343719482421875
-77.2865906446096602167017408646643161773681640625
6.0994942429437930542235335451550781726837158203125
-45.872943519584538307753973640501499176025390625
-68.8223070836656205528925056569278240203857421875
-5.18154973486162884199757172609679400920867919921875
-35.738100025064653664230718277394771575927734375
-6.8299387200129775266077558626420795917510986328125
77.3817665032527060020584031008183956146240234375
86.323850311068412111126235686242580413818359375
-54.2558920689249362112605012953281402587890625
-65.6483915954377295065569342114031314849853515625
40.03616809538696230674759135581552982330322265625
-88.2473252961234635449727647937834262847900390625
85.7975942267064937141185509972274303436279296875
5.1416224173312787826262137969024479389190673828125
-43.70029980756907406203026766888797283172607421875
-17.136574213257286913858479238115251064300537109375
-54.5414346958183813285359065048396587371826171875
96.469261490358377386655774898827075958251953125
-37.27401420542057763896082178689539432525634765625
-7.85837362645542558681199807324446737766265869140625
5.97800556259548176996077017975039780139923095703125
66.036644057893084891475155018270015716552734375
8.442684215574420392158572212792932987213134765625
8.823894005111586835710113518871366977691650390625
-63.77459160684505690142032108269631862640380859375
-51.00102173104016145543937454931437969207763671875
-66.101561583639664831935078836977481842041015625
58.56848225464121782124493620358407497406005859375
53.14364745746150475724789430387318134307861328125
-14.8607736939334049708349994034506380558013916015625
-93.6239730345087082241661846637725830078125
76.0296373144993822279502637684345245361328125
-47.1073338838415480722687789238989353179931640625
94.230492712960170820224448107182979583740234375
-83.554718436029787653751554898917675018310546875
-4.289365733097707078513849410228431224822998046875
-42.1323030049124866991405724547803401947021484375
30.084269149485994176984604564495384693145751953125
10.664436646198492297799020889215171337127685546875
75.00242385496329688976402394473552703857421875
3.977626520665405340793085997574962675571441650390625
-84.7971537414903338003568933345377445220947265625
-4.42033636533416984804034655098803341388702392578125
-17.547282471688692595535030704922974109649658203125
30.98272732912810312200235784985125064849853515625
-59.2177181731861281832607346586883068084716796875
-48.6631176697141398790336097590625286102294921875
-49.42054433266846302785779698751866817474365234375
22.08721690134222370716088335029780864715576171875
33.54291823702016017705318517982959747314453125
-75.712062769683285523569793440401554107666015625
41.78415486900161823768939939327538013458251953125
-16.524594038289837527599956956692039966583251953125
26.628083094035854827552611823193728923797607421875
13.3661930625946308026641418109647929668426513671875
36.8295203969721711700913147069513797760009765625
-3.542055536654938663332359283231198787689208984375
74.3994585777664241277307155542075634002685546875
38.763407173637943969879415817558765411376953125
51.60822578333982590947925928048789501190185546875
-67.2547689401705639511419576592743396759033203125
37.56019187989039664898882620036602020263671875
98.36814425221990632053348235785961151123046875
53.15263275255077957126559340395033359527587890625
71.15717020774678758243680931627750396728515625
79.4645725511187350775799131952226161956787109375
27.36765726556260602819747873581945896148681640625
48.45047562244085526117487461306154727935791015625
-68.0563150336642621596183744259178638458251953125
68.8325517226970760020776651799678802490234375
-9.264953483226303632136477972380816936492919921875
-52.0312223771762774049420841038227081298828125
66.7081445561322112780544557608664035797119140625
43.620862551283408947710995562374591827392578125
33.92161575542296958474253187887370586395263671875
-30.783393946870322821496301912702620029449462890625
-50.40740721095036036558667547069489955902099609375
-2.48790625815413424248845331021584570407867431640625
-85.9774152861214560061853262595832347869873046875
26.195544726622120634829116170294582843780517578125
-97.503590619032962649725959636270999908447265625
93.7109860293663956554155447520315647125244140625
36.550829753894873874742188490927219390869140625
6.65143830858641482706161696114577353000640869140625
-34.45825952423742677410700707696378231048583984375
-18.4875490715462404978097765706479549407958984375
68.7174153953445312481562723405659198760986328125
22.78824018454081823392698424868285655975341796875
-10.5138870076488490923338758875615894794464111328125
24.282483749855568788689197390340268611907958984375
-24.15228901442304021429663407616317272186279296875
48.43503509455864985966400126926600933074951171875
-26.934224966471742135354361380450427532196044921875
-82.6053076662424672349516185931861400604248046875
-95.37452896456733242303016595542430877685546875
-43.20227484017829056028858758509159088134765625
-16.264849676282683077488400158472359180450439453125
3.31216257353003573626892830361612141132354736328125
-95.2139478301559307737989001907408237457275390625
-67.600761658763161676688469015061855316162109375
3.037056921762713468382344217388890683650970458984375
36.20042101770568621077472926117479801177978515625
-76.9442966780354566935784532688558101654052734375
-79.58150854386707351295626722276210784912109375
-95.5185211271535621335715404711663722991943359375
-81.531378011582347653529723174870014190673828125
-19.47371960917729438733658753335475921630859375
-39.10918792635775531607578159309923648834228515625
35.91156161834715732084077899344265460968017578125
-29.37542252910996154469103203155100345611572265625
40.62992288779422977995636756531894207000732421875
-70.6943598359021052601747214794158935546875
72.2383056713251647806828259490430355072021484375
-1.6482617971724462524463206136715598404407501220703125
19.629644216017663183038166607730090618133544921875
51.26893609505652449342960608191788196563720703125
-56.15010550410380574248847551643848419189453125
29.871083114211277376170983188785612583160400390625
-31.696770335196067236438466352410614490509033203125
-99.89761610282056381038273684680461883544921875
79.567088676020972570768208242952823638916015625
-28.061757720546776084802331752143800258636474609375
91.7040633147429531391026102937757968902587890625
29.0853801419446682530178804881870746612548828125
75.9528337299500577728395001031458377838134765625
-70.849399912259485745380516164004802703857421875
-33.10305499734226231112188543193042278289794921875
-80.8995237380112683922561700455844402313232421875
-22.811985885488784475683132768608629703521728515625
27.24041539685300250539512489922344684600830078125
65.6622964417926908708977862261235713958740234375
-86.20621079357732696735183708369731903076171875
-94.212117656781259711351594887673854827880859375
-94.445672861024405619900790043175220489501953125
-0.4335566045497729614766058148234151303768157958984375
93.736398691871244182038935832679271697998046875
50.60658719503627622771091409958899021148681640625
-69.6829730118403887217937153764069080352783203125
10.634541532913598160803303471766412258148193359375
-72.0362273796864229780112509615719318389892578125
67.19415172962015958546544425189495086669921875
78.369630647852119409435545094311237335205078125
-56.40175818320073375389256398193538188934326171875
30.295024698800109064222851884551346302032470703125
9.17605515187904785534556140191853046417236328125
-29.75848561373522471740216133184731006622314453125
-23.5356365807815421931081800721585750579833984375
-64.118863307525998607161454856395721435546875
-45.393958029443780333167524076998233795166015625
-39.8379369106875600436978857032954692840576171875
-93.8143282666223541355066117830574512481689453125
-36.59319661598095763110904954373836517333984375
20.90451431804121540380947408266365528106689453125
-17.191246527153790424335966235958039760589599609375
-94.6986554661704076352179981768131256103515625
-35.89038190389843663297142484225332736968994140625
-66.9983027681462743885276722721755504608154296875
79.3482882138940084360001492314040660858154296875
-18.5111999810822140943855629302561283111572265625
26.9729927221227256950442097149789333343505859375
-87.22551343109944355092011392116546630859375
-41.43810898362581696119377738796174526214599609375
48.1762291185975328744461876340210437774658203125
83.9630448797937134486346621997654438018798828125
92.7903472999774976415210403501987457275390625
-19.920779530810211355174033087678253650665283203125
50.2950970075615515497702290304005146026611328125
-63.32496618506682040106170461513102054595947265625
71.183073768308105400137719698250293731689453125
54.72215690076804861519121914170682430267333984375
79.2893706432823108798402245156466960906982421875
-61.2317704975640282327731256373226642608642578125
-90.388150175248455298060434870421886444091796875
-51.35003656047041431520483456552028656005859375
-29.127967065062609464121123892255127429962158203125
15.0553660384683265505145755014382302761077880859375
33.78295179979388507263138308189809322357177734375
-77.1117633520352541154352365992963314056396484375
56.02138351678770078478919458575546741485595703125
-75.49058583440773873007856309413909912109375
-42.23014059097835826150912907905876636505126953125
-10.242921225563609510800233692862093448638916015625
66.541119358910464143264107406139373779296875
2.81186592868914697618265563505701720714569091796875
69.0369637956364243791540502570569515228271484375
2.550393641665592792122652099351398646831512451171875
-81.5768085841100543120774091221392154693603515625
59.73219519065425942017100169323384761810302734375
9.87470997379413262251546257175505161285400390625
-56.8746110432634992548628360964357852935791015625
47.29801176892891589886858128011226654052734375
98.1720909224342079824054962955415248870849609375
-8.057450539396750599507868173532187938690185546875
-71.8394468748273737901399726979434490203857421875
74.8752870931450758007486001588404178619384765625
10.2994085530437278208637508214451372623443603515625
7.193359109151771235701744444668292999267578125
-26.751768294214446797241180320270359516143798828125
27.503882077554152374432305805385112762451171875
62.29622631991710335341849713586270809173583984375
-1.122037942812211586129933493793942034244537353515625
49.16223698094498928412576788105070590972900390625
21.425804526048199960541751352138817310333251953125
-23.00596687074281732066083350218832492828369140625
-26.17060126404270903321958030574023723602294921875
89.5367353092092486122055561281740665435791015625
96.9839546393374121180386282503604888916015625
62.40750261898552508910142933018505573272705078125
-40.7199915568438228774539311416447162628173828125
42.28086649178461442488696775399148464202880859375
67.860951039685829755399026907980442047119140625
56.5072921471155069639280554838478565216064453125
-45.92192156133631897318991832435131072998046875
27.10590368910471426033836905844509601593017578125
12.67433236554978748245048336684703826904296875
62.80408264783395821950762183405458927154541015625
-25.598587305493392562993903993628919124603271484375
92.670565859109984785391134209930896759033203125
19.403402287153657113094595842994749546051025390625
-8.7509467284827362476562484516762197017669677734375
-83.7057364421881544558345922268927097320556640625
-33.77193740740694494206763920374214649200439453125
19.99897873233677358939530677162110805511474609375
-29.33824610229720519782858900725841522216796875
-22.77190508661090717623665113933384418487548828125
-7.46708283778819126297321417951025068759918212890625
85.135117604092187093556276522576808929443359375
-43.90138757870789731896365992724895477294921875
-94.0057519200671691805837326683104038238525390625
64.842960888481428582963417284190654754638671875
-24.232702975054422722678282298147678375244140625
-85.0922502562804226045045652426779270172119140625
77.9536404893765251244985847733914852142333984375
48.26603434144868032262820634059607982635498046875
-9.2890113912077065805306119727902114391326904296875
1.1151598644881743904733184535871259868144989013671875
-71.0565164982913728408675524406135082244873046875
-11.1875842148273942910918776760809123516082763671875
14.694825383713833844012697227299213409423828125
63.6321972581252026657239184714853763580322265625
-81.159330820158544383957632817327976226806640625
-33.185126415957739709483576007187366485595703125
18.7578761840057808285564533434808254241943359375
-29.6267715359105068273493088781833648681640625
50.31118340844972181002958677709102630615234375
-72.2087657291826729988315491937100887298583984375
-64.843162963293110578888445161283016204833984375
-85.787597504644764967451919801533222198486328125
-68.0533510831660777284923824481666088104248046875
-44.7962556175750279408021015115082263946533203125
90.10524432890844082066905684769153594970703125
17.053105791182776584946623188443481922149658203125
77.8266222128751650188860367052257061004638671875
-56.74874079642149382607385632582008838653564453125
-75.104936399365470833799918182194232940673828125
48.61252855926407079323325888253748416900634765625
47.64074554095346769599927938543260097503662109375
-25.138551740738211748293906566686928272247314453125
-5.29364819790358342999070373480208218097686767578125
-9.9477827088888783890752165461890399456024169921875
73.910238436174807930001406930387020111083984375
11.42225480133819104366921237669885158538818359375
84.886792400678842795969103462994098663330078125
-99.102897959931539162425906397402286529541015625
98.652787902067046843512798659503459930419921875
37.3186822795614290271259960718452930450439453125
-34.090044951208170687095844186842441558837890625
72.1044240278065871052604052238166332244873046875
-65.101446136779117068726918660104274749755859375
53.8467015567176048307374003343284130096435546875
-52.85421337700969246498061693273484706878662109375
95.959285358936767806881107389926910400390625
-59.8119377905649827198431012220680713653564453125
-78.7835233349891126408692798577249050140380859375
-96.1349398324242798707928159274160861968994140625
-96.97119404973233258715481497347354888916015625
65.4705251805610402016100124455988407135009765625
2.0489863051412040562127003795467317104339599609375
-93.5370571519672893145980197004973888397216796875
13.793910773201520925113072735257446765899658203125
90.1438309866518210355934570543467998504638671875
-17.29899798254815124209926580078899860382080078125
97.172433630482913713422021828591823577880859375
-8.4145934493316953961539184092544019222259521484375
42.34441252431872015904446016065776348114013671875
-94.0835194744523590770768350921571254730224609375
-7.6761045020840175112653014366514980792999267578125
-4.26026384449724293546069020521827042102813720703125
63.08561944045511182821428519673645496368408203125
93.1579138241970525768920197151601314544677734375
-89.8049215307958235143814818002283573150634765625
42.2107393792198450910291285254061222076416015625
97.9836070879475897754673496820032596588134765625
-85.069383855565803287390735931694507598876953125
-74.9646287285528245547538972459733486175537109375
-10.437060736513945613523901556618511676788330078125
0.68033081031057796028704842683509923517704010009765625
-87.758612097837612964212894439697265625
-43.46483206660897025130907422862946987152099609375
-4.8536110335148681116379520972259342670440673828125
-1.763375485515599638830508411047048866748809814453125
-53.14820991022727270092218532226979732513427734375
-30.61953967897242279150304966606199741363525390625
-53.3178666711893498586505302228033542633056640625
38.37030785234884433521074242889881134033203125
88.66990365618147507120738737285137176513671875
-1.0966869640998162527267822952126152813434600830078125
-41.44325329342774466567789204418659210205078125
-20.91673237556891962185545708052814006805419921875
87.16880790683950408492819406092166900634765625
96.745769904530646954299299977719783782958984375
-70.6215321322975597695403848774731159210205078125
-47.10323496119831787609655293636023998260498046875
-16.707303765987717270036228001117706298828125
-84.0809322889772374765016138553619384765625
-47.54786585294620948616284294985234737396240234375
-39.41754420263699643101062974892556667327880859375
-60.516776730077481261105276644229888916015625
-50.27008073584874381367626483552157878875732421875
-37.1102729213918820505568874068558216094970703125
76.845491239749179612772422842681407928466796875
-82.753424287991634855643496848642826080322265625
70.29255375089707058577914722263813018798828125
-72.55916700426058696393738500773906707763671875
-59.3312506726649502297732396982610225677490234375
95.8266506367508412722600041888654232025146484375
-56.52216371487020296626724302768707275390625
12.3423485203833234180592626216821372509002685546875
30.87220447902398490214181947521865367889404296875
-4.6493861456918370578250687685795128345489501953125
78.7673897485891529868240468204021453857421875
-78.2545703011703182028213632293045520782470703125
-27.495431399852098053315785364247858524322509765625
26.700028778695699571699151420034468173980712890625
10.4892354220307115753030302585102617740631103515625
-3.00681596370460280098768635070882737636566162109375
76.8107059420471358635040814988315105438232421875
8.313859442163515467427714611403644084930419921875
36.1508067322825894507332122884690761566162109375
78.9966728013965990840006270445883274078369140625
46.18091310880941335881288978271186351776123046875
-25.00595680420880029259933508001267910003662109375
-73.45489402533559086805325932800769805908203125
-72.8808287420582274762637098319828510284423828125
-2.839335529322372764227111474610865116119384765625
-58.92785136238324383839426445774734020233154296875
-0.0143681009061741964127900672565374406985938549041748046875
53.81625326169031353629179648123681545257568359375
-0.39129513255960868267635532902204431593418121337890625
13.2149677929861493197449817671440541744232177734375
85.995879476607484548367210663855075836181640625
-56.7086976916353791011715657077729701995849609375
49.91922659270459661229324410669505596160888671875
12.0045956736429761946283178986050188541412353515625
31.77489048266551208143937401473522186279296875
37.5997278038631037588856997899711132049560546875
72.91387722198675191975780762732028961181640625
83.5421949914298664907619240693747997283935546875
-85.711965275424944366022828035056591033935546875
-78.64343818056937607252621091902256011962890625
36.539061710028903462443850003182888031005859375
-22.79159248085257871707653976045548915863037109375
38.61874753262795678665497689507901668548583984375
37.28977332736521788092431961558759212493896484375
16.556623544737288256101237493567168712615966796875
-86.647570716932705181534402072429656982421875
-26.19049212193927900216294801793992519378662109375
68.5600852205815272100153379142284393310546875
-7.94049209234150143998931525857187807559967041015625
95.674078312267539558888529427349567413330078125
-86.64228496306446913877152837812900543212890625
-88.7045263919987547751588863320648670196533203125
87.766409048589281383101479150354862213134765625
12.3632167236781409513923790655098855495452880859375
-39.82925639204417933569857268594205379486083984375
-60.64161863987077794035940314643085002899169921875
8.93757065863423605378557112999260425567626953125
-67.7534378272572297419173992238938808441162109375
-80.9421922777445246310890070162713527679443359375
-39.3543666817012791625529644079506397247314453125
62.42145070773589310419993125833570957183837890625
-4.235065748556205988961664843373000621795654296875
96.611113069801007213754928670823574066162109375
32.22938028801782905929940170608460903167724609375
-67.033908886912712432604166679084300994873046875
63.596532398527216400907491333782672882080078125
-79.373645870140506985990214161574840545654296875
24.249415820756414774450604454614222049713134765625
88.93118606454885366474627517163753509521484375
-84.2995375382389369178781635127961635589599609375
23.942642879455011239997475058771669864654541015625
-17.348870709955019009385068784467875957489013671875
88.2936486561211921753056230954825878143310546875
55.01331740754131516268898849375545978546142578125
24.965011428451585828725001192651689052581787109375
-85.1640612646070138680443051271140575408935546875
-46.81812969073536123687517829239368438720703125
-31.584594453061033192398099345155060291290283203125
-29.096125997635908788652159273624420166015625
90.38188465141348615361494012176990509033203125
-15.551848422479675804197540855966508388519287109375
6.80734062491039626507927096099592745304107666015625
65.4128329880522869643755257129669189453125
-15.2561466064839752476700596162118017673492431640625
-87.1314812943321186367029440589249134063720703125
-50.36066299281623770411897567100822925567626953125
-23.126203305936552823141028056852519512176513671875
-75.6130553307077803992797271348536014556884765625
-85.634919094540776995927444659173488616943359375
45.521738424622043339695665054023265838623046875
37.42533309198398683292907662689685821533203125
27.122057045428032751033242675475776195526123046875
-37.60425499332071552771594724617898464202880859375
-1.8846260760304514025875732841086573898792266845703125
-90.919690640762979683131561614573001861572265625
-49.13507088404985978513650479726493358612060546875
34.732024237297451918493607081472873687744140625
79.6300182411331292087197653017938137054443359375
-7.48992054141916785425792113528586924076080322265625
-77.26909224304773715630290098488330841064453125
93.1173632039341327981674112379550933837890625
43.2424567697014055056570214219391345977783203125
17.85796995700699341114159324206411838531494140625
-79.2705549954033727999558323062956333160400390625
6.21148011922588327848870903835631906986236572265625
56.70645494947843445743274060077965259552001953125
-30.194519062651675511688154074363410472869873046875
61.53098909787265569093506201170384883880615234375
-24.47197972769712492890903376974165439605712890625
-84.92587157186318336243857629597187042236328125
65.935274608047194533355650492012500762939453125
7.04078585104540177752596719074063003063201904296875
36.82858176744201728070038370788097381591796875
65.2558268713800089244614355266094207763671875
95.0538880869011109098209999501705169677734375
-66.7055875750330784512698301114141941070556640625
-48.258118526292861361071118153631687164306640625
43.50750012068807137666226481087505817413330078125
-13.4377037126098031194487703032791614532470703125
-52.95131894467427713379947817884385585784912109375
-68.5779684483439950781757943332195281982421875
40.3697473421469368304315139539539813995361328125
-44.45459027863741852115708752535283565521240234375
21.92192422962641984440779197029769420623779296875
70.563734151962847818140289746224880218505859375
58.48381435860924426606288761831820011138916015625
-30.89684331697808516992154181934893131256103515625
13.8384187984801823034786139032803475856781005859375
-53.26021845735093762641554349102079868316650390625
40.08313483598436022248279186896979808807373046875
-74.5156234624268023480908595956861972808837890625
-25.961962002571343788304147892631590366363525390625
87.3577969552841722133962321095168590545654296875
73.6697697759562544206346501596271991729736328125
82.99452160879383200153824873268604278564453125
83.4486356805140161441158852539956569671630859375
34.10187212421045188648349721916019916534423828125
-11.8438781509769004429699634783901274204254150390625
43.21323929737678781748400069773197174072265625
-2.157206030667207841133858892135322093963623046875
28.927998464073684914410478086210787296295166015625
-29.642691079309802404395668418146669864654541015625
-60.29596181080123784568058908917009830474853515625
-57.93726435676476427261150092817842960357666015625
82.827043781036309155751951038837432861328125
-5.0406343370251622815203518257476389408111572265625
-2.12517150805425014681304674013517796993255615234375
0.07178014030194375394433592418863554485142230987548828125
37.802207094416672816805657930672168731689453125
-30.892860061183224473779773688875138759613037109375
48.2009185983109631479237577877938747406005859375
-20.20032124396076511629871674813330173492431640625
-1.434686683939904394691211564349941909313201904296875
-40.03474541493446992035387665964663028717041015625
-22.1400372740890674094771384261548519134521484375
-66.091561818609619649578235112130641937255859375
-57.7557617707273749374508042819797992706298828125
-92.9550281453174847001719172112643718719482421875
24.76413290705917091827359399758279323577880859375
85.5978583079997434879260254092514514923095703125
-34.85684624906416928524777176789939403533935546875
-49.5087852359456093154221889562904834747314453125
27.087544717369578251009443192742764949798583984375
20.989096375297759067279912414960563182830810546875
12.2427414827380918183052926906384527683258056640625
-1.66751936609220052787350141443312168121337890625
-18.313622412341334921848101657815277576446533203125
67.23316895582456709234975278377532958984375
71.92767896776348379717092029750347137451171875
85.6155850990291611424254369921982288360595703125
-86.466301302991581678725196979939937591552734375
-54.12873980297334952638266258873045444488525390625
-20.78659840608431608188766404055058956146240234375
-52.4576894740035442055159364826977252960205078125
-28.3474514829136552407362614758312702178955078125
14.385607791840076430389672168530523777008056640625
46.20958690530688528497194056399166584014892578125
68.0584288619759121274910285137593746185302734375
25.393740288384119452302911668084561824798583984375
41.2045360479628897110160323791205883026123046875
-92.5381313253757724623937974683940410614013671875
10.26869520428575555115457973442971706390380859375
-2.02684267527005612663515421445481479167938232421875
-94.470070998006207219077623449265956878662109375
-39.9955217788068466688855551183223724365234375
18.649033642321231951655136072076857089996337890625
71.3300637770984877761293319053947925567626953125
-12.458802653810028715497537632472813129425048828125
-1.613680163346705942473136019543744623661041259765625
12.98157454376130459650084958411753177642822265625
95.13326533557466291313176043331623077392578125
-10.297134070342007561293939943425357341766357421875
-42.05649245591990137427274021320044994354248046875
34.61581271878821297605099971406161785125732421875
-18.288231471495947744188015349209308624267578125
96.6144861769228810999265988357365131378173828125
95.160550903635481745368451811373233795166015625
-29.0891088074264843044147710315883159637451171875
51.71032578966876513959505246020853519439697265625
-88.853262551167034644095110706984996795654296875
-34.39582547411978197260395972989499568939208984375
26.130042387861291075523695326410233974456787109375
16.942354174254916188147035427391529083251953125
-61.309213934763619135992485098540782928466796875
75.9031935052136788044663262553513050079345703125
15.940762008504588465029883082024753093719482421875
19.93885742006340677789921755902469158172607421875
74.3856404179542067822694662027060985565185546875
37.38955246498733941962200333364307880401611328125
18.806977070049061495637943153269588947296142578125
-41.84153970843284042757659335620701313018798828125
87.8294395603507069836268783546984195709228515625
78.1513902349171161176855093799531459808349609375
76.8646297985936115537697332911193370819091796875
55.2382191207814656763730454258620738983154296875
-66.2697212709865794977304176427423954010009765625
16.064090101824756828818863141350448131561279296875
9.871846445586328400167985819280147552490234375
-60.7258543146198235263000242412090301513671875
13.27899625420540274944869452156126499176025390625
2.453811307019495568937372809159569442272186279296875
-64.163229002587542026958544738590717315673828125
16.764951085727108903711268794722855091094970703125
46.68314100811075917363268672488629817962646484375
-72.1266124185264061452471651136875152587890625
-69.0817060407322998116796952672302722930908203125
-19.0899311615059588120857370086014270782470703125
9.2298274260468229357456948491744697093963623046875
-40.2050204337236181117987143807113170623779296875
54.969102724516602620496996678411960601806640625
-51.270601650556045569828711450099945068359375
14.2898128763141922803470151848159730434417724609375
-7.7050487014652997430630421149544417858123779296875
-21.74868767078084630384182673878967761993408203125
-36.150494022322817500025848858058452606201171875
-57.03890713557365899077922222204506397247314453125
-8.68893455126320901626968407072126865386962890625
-48.666120618210271686621126718819141387939453125
-39.70240983790710487255637417547404766082763671875
82.826493089782530887532630003988742828369140625
-28.473924140407287808329783729277551174163818359375
80.1831385895318504708484397269785404205322265625
99.7080415983056269624285050667822360992431640625
29.326463251770267248730306164361536502838134765625
53.79132696965240967301724595017731189727783203125
65.1552353796062249102760688401758670806884765625
-22.190597159474013011504212045110762119293212890625
2.762116280972089388257018072181381285190582275390625
63.1548070124104725664437864907085895538330078125
-38.8600416347941433059531846083700656890869140625
12.5705820605899543096484194393269717693328857421875
10.9887294414982950030434949439950287342071533203125
-97.1143278787549348862739861942827701568603515625
50.18097879364341906693880446255207061767578125
16.367577523055700794429867528378963470458984375
-36.72607207623877201285722549073398113250732421875
93.7100369996155819762861938215792179107666015625
-72.1750221219730434540906571783125400543212890625
4.52514643862815990615899863769300282001495361328125
74.892901745793068357670563273131847381591796875
19.724621642038425051168815116398036479949951171875
-30.961270780365051535909515223465859889984130859375
16.20852083220707839927854365669190883636474609375
58.1478972807116605281407828442752361297607421875
62.54581059048026503432993195019662380218505859375
28.559226413727689219967942335642874240875244140625
21.0338999573402389842158299870789051055908203125
-8.5239480537514307201263363822363317012786865234375
-72.9226389129764385188536834903061389923095703125
-61.047871057570461061914102174341678619384765625
-52.76138189502135134034688235260546207427978515625
-13.1657231866605410885995297576300799846649169921875
-52.65045824301883925500078476034104824066162109375
-59.6058035068020473090655286796391010284423828125
-83.6061640809784734074128209613263607025146484375
20.9307497111883122897779685445129871368408203125
16.922842065325159666144827497191727161407470703125
59.338246351168578485157922841608524322509765625
19.72147319062955972412964911200106143951416015625
-31.8227559801974422271086950786411762237548828125
-32.574345607624223930542939342558383941650390625
-22.25140201491867486538467346690595149993896484375
25.1037817350799201676636585034430027008056640625
-14.9341081028847018075111918733455240726470947265625
88.8202811133249525710198213346302509307861328125
-71.4931857469543530214650672860443592071533203125
60.6182544439328694352298043668270111083984375
27.7877061022729350270310533232986927032470703125
-47.602944745881330845804768614470958709716796875
89.1059791559099352298289886675775051116943359375
-14.5657497450082740186871887999586760997772216796875
-27.04523282998554378764310968108475208282470703125
23.4758560521469235027325339615345001220703125
44.55487041821532301355546223931014537811279296875
97.989695487780608118555392138659954071044921875
37.3479360130865103428732254542410373687744140625
-5.9023940345244536587188122211955487728118896484375
31.90370803411418165751456399448215961456298828125
-37.8139706342870596245120395906269550323486328125
69.1405313212020473656593821942806243896484375
37.70586538919376806688887882046401500701904296875
22.259756427930142308468930423259735107421875
12.60186252452831467962823808193206787109375
78.9597716463440093548342701978981494903564453125
66.97337631899569032611907459795475006103515625
-9.6286246451983874550251130131073296070098876953125
-24.993102519406757977549204952083528041839599609375
95.229386306588139632367528975009918212890625
-16.6013010793178494850508286617696285247802734375
-90.2116846545289234882147866301238536834716796875
-39.61108388664293755709877586923539638519287109375
-14.6273309493733822961303303600288927555084228515625
-23.832506541824475476687439368106424808502197265625
-29.509032616799640180715869064442813396453857421875
92.056524021289902748321765102446079254150390625
20.714910368222007264193962328135967254638671875
-68.39261423383339888459886424243450164794921875
81.780059000515478828674531541764736175537109375
-75.438661167197352597213466651737689971923828125
86.81493711239642152577289380133152008056640625
56.92714895619352688527214922942221164703369140625
-91.6796423169132737029940471984446048736572265625
46.71532218617253562342739314772188663482666015625
3.45332412681782496832738615921698510646820068359375
-8.5059096871458024224921246059238910675048828125
-36.93220395553534984856014489196240901947021484375
-98.1170745912488797557671205140650272369384765625
-9.609528128703924920728240977041423320770263671875
74.84369797560719916873495094478130340576171875
-76.786358937938757662777788937091827392578125
-12.4827418770065019515413951012305915355682373046875
32.7204540836424939698190428316593170166015625
-67.8549970992196591623724089004099369049072265625
22.660598862155449495503489742986857891082763671875
60.83965372727093523508301586844027042388916015625
-79.8998707556705767274252139031887054443359375
21.24730446188153365483231027610599994659423828125
62.70310379251774435260813334025442600250244140625
-27.12925345182127756515910732559859752655029296875
88.1548270026346045824539032764732837677001953125
-20.280030947908070260155000141821801662445068359375
38.32861848579437236139710876159369945526123046875
-63.96300690443964498399509466253221035003662109375
-34.75695974750966144029007409699261188507080078125
-34.21208276394139602416544221341609954833984375
-82.5221981489871012627190793864428997039794921875
-52.8293307719269051858645980246365070343017578125
-1.0394795025945298139191663722158409655094146728515625
-14.790773302492151941578413243405520915985107421875
71.29080161599102893887902610003948211669921875
20.201759904653830091092459042556583881378173828125
28.07572894735331914262133068405091762542724609375
19.984029910386571060598726035095751285552978515625
97.3127551811938502623888780362904071807861328125
2.048210854094720811957586192875169217586517333984375
-91.2350837285963507383712567389011383056640625
33.20378592937561990083850105293095111846923828125
69.6531927949554443557644844986498355865478515625
-0.2334084556391673725972424335850519128143787384033203125
-54.7028721208301931255846284329891204833984375
-23.29688067582308264036328182555735111236572265625
-21.572500495689521216036155237816274166107177734375
-2.24396486654517612890913369483314454555511474609375
66.031692554128909478095010854303836822509765625
13.2873314174261434317259045201353728771209716796875
19.1115365116949220691822119988501071929931640625
-38.712731333921283294330351054668426513671875
-95.5216540254680666066633420996367931365966796875
15.1934434649693717034324436099268496036529541015625
-3.944328494237316906634305269108153879642486572265625
21.0656924785712504899493069387972354888916015625
80.05043505190195674003916792571544647216796875
65.0358044704033630978301516734063625335693359375
-16.827105258055102154912674450315535068511962890625
64.9861765581507739852895610965788364410400390625
15.326671585148456955494111753068864345550537109375
-18.4356788426591009510957519523799419403076171875
-58.42321682591207121504339738748967647552490234375
-43.02278925881929438901352114044129848480224609375
82.4728426138258186028906493447721004486083984375
-54.995862534071392246914911083877086639404296875
35.66373562200987379355865414254367351531982421875
61.63844365026744753777165897190570831298828125
51.20486363659336603859628667123615741729736328125
-56.1335999320481278118677437305450439453125
-93.126488289445575219360762275755405426025390625
-53.06271966970047770928431418724358081817626953125
-77.1711995525374021553943748585879802703857421875
-14.2499902087295797770138960913754999637603759765625
-83.3736998441747658716849400661885738372802734375
64.3184560924997441588857327587902545928955078125
87.555431455589626921209855936467647552490234375
-74.13488296746567129957838915288448333740234375
33.68119840612418869341126992367208003997802734375
7.924820690584486015950460569001734256744384765625
-59.55261751186326790730163338594138622283935546875
-9.5062101058733166070169318118132650852203369140625
-3.42822975376702121508287746109999716281890869140625
-74.0433563823271043702334281988441944122314453125
-20.414277858125302600456052459776401519775390625
44.36318890381721047333485330455005168914794921875
80.920413159379364742562756873667240142822265625
-10.99645390936644417934076045639812946319580078125
-61.71739915492238282013204297982156276702880859375
-78.213152007297395584828336723148822784423828125
-51.53571545083611482596097630448639392852783203125
-46.17053751666460215119514032267034053802490234375
50.3080508812872011503714020363986492156982421875
0.367837442299788708321983676796662621200084686279296875
