-8.5461655876627897754360674298368394374847412109375
18.5229321124524943797950982116162776947021484375
6.8164157981251491946750320494174957275390625
29.282528689904125940302037633955478668212890625
-23.35720694133174646367478999309241771697998046875
4.61926868966396053650669273338280618190765380859375
31.47158726716130416889427579008042812347412109375
-22.9930795424598812815020210109651088714599609375
15.293374025288787976251114741899073123931884765625
12.458886652131891281669595628045499324798583984375
13.9432506956913524476249222061596810817718505859375
-4.2561653817802724830698934965766966342926025390625
19.55622034395083375102331046946346759796142578125
17.6736758310788815151681774295866489410400390625
-17.25478041838795206786016933619976043701171875
30.15460930648432480438714264892041683197021484375
-29.21078104163488120548208826221525669097900390625
-24.142138963887791902607204974628984928131103515625
-10.9597302497219093453395544202066957950592041015625
10.054797920611946437929873354732990264892578125
-17.062408847621750140888252644799649715423583984375
-15.7169087450603779387847680482082068920135498046875
-20.4415285910618393927506986074149608612060546875
0.6335282998065221438110938834142871201038360595703125
-1.224211259947964425265354293514974415302276611328125
-5.1689588864532591827583019039593636989593505859375
15.1324617045642657586768109467811882495880126953125
12.55428208623526842302453587763011455535888671875
18.85558853752437613593428977765142917633056640625
22.193585349671248962977188057266175746917724609375
8.351755487550892809167635277844965457916259765625
5.9763057809103781181647718767635524272918701171875
-14.0982431582205887110603725886903703212738037109375
2.186494278579493855119153522537089884281158447265625
-22.76227665894366936072401585988700389862060546875
-8.466238315428245897464876179583370685577392578125
19.7918796603016602375646471045911312103271484375
1.9739742686459582632352294240263290703296661376953125
-10.371652573837767619124861084856092929840087890625
-18.774358151429094476725367712788283824920654296875
-3.11939560297566220725684615899808704853057861328125
-1.870473058762692541989736128016375005245208740234375
-31.78203588929790157635579816997051239013671875
11.005661185073261520983578520826995372772216796875
-19.470290835891621128439510357566177845001220703125
0.76229840967826756337188953693839721381664276123046875
6.85556785460999673631476980517618358135223388671875
25.15545825769489596268613240681588649749755859375
5.258453175161758252897925558499991893768310546875
-12.3432430457677657642534541082568466663360595703125
8.128509225465638365903942030854523181915283203125
-17.920675676039916623949466156773269176483154296875
21.3990108801236971203252323903143405914306640625
-31.138397387336308241856386302970349788665771484375
-20.230245095890619921874531428329646587371826171875
-17.57629710316340521103484206832945346832275390625
-11.54271408182423641619607224129140377044677734375
27.80403032284383613159661763347685337066650390625
10.348307383391290414920149487443268299102783203125
20.654402701683846288460699724964797496795654296875
18.871533420265311775665395543910562992095947265625
-0.1481664105572082501538488941150717437267303466796875
24.8248091184062360525786061771214008331298828125
24.87016547530929955200917902402579784393310546875
8.8395335790741338399811866111122071743011474609375
8.31532994620044263456293265335261821746826171875
-15.6271163678337590141609325655736029148101806640625
-26.37194461486097196711853030137717723846435546875
21.768706778201501350622493191622197628021240234375
-31.504624608791715445477166213095188140869140625
-19.123246165821552011720996233634650707244873046875
29.898571198019244121724113938398659229278564453125
16.573267395468118223789133480750024318695068359375
18.17475879064753740976811968721449375152587890625
31.11103822246885641789049259386956691741943359375
29.951110001631917612030520103871822357177734375
21.920285441387608926788743701763451099395751953125
29.701605661149049097957686171866953372955322265625
-10.965795097488996390211468678899109363555908203125
-22.72187591470418510652962140738964080810546875
-7.51860420193642742248130161897279322147369384765625
-13.4164628329912982707128321635536849498748779296875
18.55479289452053848208379349671304225921630859375
29.10992573373414415982551872730255126953125
30.756868880467241211817963630892336368560791015625
-27.356028540613106514456376316957175731658935546875
-24.6894712568934977525714202784001827239990234375
17.53031946056044176884824992157518863677978515625
-14.8645056312229915107536726281978189945220947265625
-14.4863886587731283128732684417627751827239990234375
28.956933154466927504699924611486494541168212890625
29.023443468446064485988244996406137943267822265625
-7.5513949912900120153835814562626183032989501953125
-5.3115032109012236816170116071589291095733642578125
11.1894204352126767076924807042814791202545166015625
14.1812762141744048705049863201566040515899658203125
-11.549563330194484223056861083023250102996826171875
-4.0459722247776443992961503681726753711700439453125
-22.390355157489469917209135019220411777496337890625
-18.797138303116899038514020503498613834381103515625
3.2636298877540301788258148008026182651519775390625
-7.15758240660758726647827643319033086299896240234375
-5.4031388511010920439048277330584824085235595703125
9.135877563285728086839299066923558712005615234375
-20.479957415513720064836888923309743404388427734375
-7.714682202722347170720240683294832706451416015625
0.03506083468682859305420862483515520580112934112548828125
28.94393504794312121930488501675426959991455078125
-18.539959219010082591694299480877816677093505859375
-19.1474798782443400568809011019766330718994140625
-17.465558565342035990397562272846698760986328125
0.655662014048004504473965425859205424785614013671875
-18.85809761871140466382712475024163722991943359375
-1.1574746686393242445234363913186825811862945556640625
-13.814688119465888149761667591519653797149658203125
-24.487952373640926140296869562007486820220947265625
-15.6167617070911379784092787303961813449859619140625
19.227118818332147753835670300759375095367431640625
0.78715407167800999221896063318126834928989410400390625
-13.3742326629242729296720426646061241626739501953125
-25.060743679262234451243784860707819461822509765625
12.10901735710726967454320401884615421295166015625
5.02564824204588678213667662930674850940704345703125
29.588803675706675022638592054136097431182861328125
23.79531625797202565308907651342451572418212890625
-14.137573927866679213138922932557761669158935546875
-11.6979013358771393171764430007897317409515380859375
-12.9603541876232153384762568748556077480316162109375
-14.3593715145024436452558802557177841663360595703125
28.781412245972472163657585042528808116912841796875
7.63687706749130956751514531788416206836700439453125
-1.7216920997458162734261577497818507254123687744140625
25.4999758177564643801815691404044628143310546875
16.163889811153769215934516978450119495391845703125
28.20817154188485886834314442239701747894287109375
6.528760051770280625760278780944645404815673828125
-3.330144258841559956607625281321816146373748779296875
-22.9581972326705994191797799430787563323974609375
-26.05669295436457133519070339389145374298095703125
11.4031188669310363792419593664817512035369873046875
-29.12504789834689944427736918441951274871826171875
6.3214569007702738900889016804285347461700439453125
15.9735944156234683788397887838073074817657470703125
26.11858353849839176064051571302115917205810546875
23.395521596811409636984535609371960163116455078125
17.044957765118294190642700414173305034637451171875
-15.4319531747180889169612783007323741912841796875
-0.947388088287515639507319065160118043422698974609375
1.34153640409370922270682058297097682952880859375
-18.442697624235762532407534308731555938720703125
-24.400777048084709264230696135200560092926025390625
6.15969864018148260953466888167895376682281494140625
24.957822344656324986544859712012112140655517578125
-21.103541885641636355330774676986038684844970703125
-23.20624132990943877530298777855932712554931640625
1.1879862004798005248318304438726045191287994384765625
12.29144407852755449539472465403378009796142578125
-9.54400466946902525933182914741337299346923828125
-29.849694949864289839069897425360977649688720703125
-16.739549449710494855025899596512317657470703125
-22.4905731403744226781782344914972782135009765625
-3.226344691284127375041634877561591565608978271484375
-11.425384053353358382310034357942640781402587890625
4.8231668746597708974377383128739893436431884765625
6.73839280309922106226849791710264980792999267578125
14.1515201235378835775691186427138745784759521484375
9.6796772683398870640303357504308223724365234375
-28.962234896956005059109884314239025115966796875
-29.214385944710340226038169930689036846160888671875
-9.0392445649054220524476477294228971004486083984375
-15.85956885652529990693437866866588592529296875
4.23601443500542362841088106506504118442535400390625
-15.316952919723345161173710948787629604339599609375
26.83905303171857070765327080152928829193115234375
-30.229372531023955161799676716327667236328125
-27.876483413358332796860850066877901554107666015625
15.2149579422363974146037435275502502918243408203125
-27.603321104600187396727051236666738986968994140625
3.06323970343575258112878145766444504261016845703125
-27.9325406355188334828199003823101520538330078125
16.573889262210087736093555577099323272705078125
-3.921714424191083292470239030080847442150115966796875
5.67540458297905825446605376782827079296112060546875
19.733879041451469760204417980276048183441162109375
30.4262395403265060167541378177702426910400390625
-8.5774299201467645303864628658629953861236572265625
16.7810186458497554440327803604304790496826171875
-23.928776734054114427863169112242758274078369140625
-12.8251583275569824849071665084920823574066162109375
1.5626002376965912876727315961034037172794342041015625
4.141193839386570374472285038791596889495849609375
-22.2657669344664412847123458050191402435302734375
23.4006808216974064862370141781866550445556640625
-24.029848719210175289617836824618279933929443359375
27.2266252937365180741835501976311206817626953125
-9.6313668418046933794585129362531006336212158203125
5.588635783937117906816638424061238765716552734375
25.82539188205186064806184731423854827880859375
-13.662599400777509117688168771564960479736328125
30.049100680162748489010482444427907466888427734375
-1.4070507299532943878972446327679790556430816650390625
-29.22576857757170643026256584562361240386962890625
19.266220004377004215712076984345912933349609375
-16.969868079930829907198130968026816844940185546875
-26.97553733588799929066226468421518802642822265625
-22.477250641124339125553888152353465557098388671875
-22.27424168457901743067850475199520587921142578125
-10.2944822598827840920421294867992401123046875
-18.989263969563722866951138712465763092041015625
-19.830650774382892365110819810070097446441650390625
4.77374563059177869916993586230091750621795654296875
4.78490249546838786187663572491146624088287353515625
-4.31528779288748598474967366200871765613555908203125
8.2114825604408192560867973952554166316986083984375
29.72854620122804902848656638525426387786865234375
15.578511477414746622116581420414149761199951171875
-16.48394168665936376783065497875213623046875
2.34060701067554699505990356556139886379241943359375
17.150068120122757164836002630181610584259033203125
24.57863576878997946550953201949596405029296875
-30.37077656963048610805344651453197002410888671875
-2.2945714178798208848775175283662974834442138671875
-21.7167803886122356971100089140236377716064453125
-18.034660409330808050754058058373630046844482421875
0.07590027323415095283909437284819432534277439117431640625
31.668229842974369603325612843036651611328125
-8.734027367791266982521847239695489406585693359375
14.3049714551220130687170239980332553386688232421875
7.89556808208613691846267101936973631381988525390625
-13.1056189207242592686952775693498551845550537109375
-6.1534602294191085292140996898524463176727294921875
12.9860447389865480971593569847755134105682373046875
-14.5882151063669365242958519957028329372406005859375
-8.529592555152216704072998254559934139251708984375
-8.5090303993740956656210983055643737316131591796875
-29.07995564321890924475155770778656005859375
22.99595278952485699619501247070729732513427734375
28.786660951500135041669636848382651805877685546875
6.1276777000206603673859717673622071743011474609375
-3.120359167820221824030113566550426185131072998046875
20.99076273050368257599984644912183284759521484375
-18.391586077019308476110381889156997203826904296875
-26.667430299890202860524368588812649250030517578125
-10.78615557223280774223894695751368999481201171875
14.5774195744214924985726611339487135410308837890625
-22.3952564679842822670252644456923007965087890625
21.273740525068173923273207037709653377532958984375
-24.930964905862776248568479786626994609832763671875
-22.1898637737422603777304175309836864471435546875
16.58485673004398819330162950791418552398681640625
24.30684068384146456764938193373382091522216796875
-0.370394848306361434975286783810588531196117401123046875
8.7791800690724830502631448325701057910919189453125
-3.074943228509111836643796777934767305850982666015625
29.77375409076046963718908955343067646026611328125
12.8835350321503963044733609422110021114349365234375
-19.67248994305629139489610679447650909423828125
6.4787805536676756901215412653982639312744140625
30.67490312456635592752718366682529449462890625
-0.63024894005301934640783656504936516284942626953125
-0.82963259338383499308378077330416999757289886474609375
6.11998935358840778775402213796041905879974365234375
-18.484792668973060614234782406128942966461181640625
14.8131716740021364131507652928121387958526611328125
-13.4396895678146535146879614330828189849853515625
7.410459902553025557381261023692786693572998046875
-15.9276922379885288449941072030924260616302490234375
4.524670532834019098800126812420785427093505859375
4.5905282540400680346692752209492027759552001953125
-4.64554431539965850816997772199101746082305908203125
13.2810930329549403694500142592005431652069091796875
-16.59502065488349131783252232708036899566650390625
-4.006854271151770063852382008917629718780517578125
-3.3674466678490517779209767468273639678955078125
30.734462455331442498618343961425125598907470703125
-17.71610892277880822121005621738731861114501953125
25.37313975691864698092103935778141021728515625
18.921803430895767661468198639340698719024658203125
19.83721266643248526406750897876918315887451171875
13.0064462018295952105972901335917413234710693359375
9.58135835017043291372829116880893707275390625
-10.7152115343437390748704274301417171955108642578125
1.6323507221446058590430538970394991338253021240234375
-2.948936503168406719765926027321256697177886962890625
-8.108275644714037611038293107412755489349365234375
-17.012910939786689112906969967298209667205810546875
13.2392655928297546807925755274482071399688720703125
16.99956520272753124345399555750191211700439453125
3.087225183627065216995788432541303336620330810546875
-5.29032303092736366778581214020960032939910888671875
-20.955291495730410389342068810947239398956298828125
-16.70274400946109238930148421786725521087646484375
16.40476543209054938188273808918893337249755859375
11.0038307468324791926761463400907814502716064453125
15.7064570891220807169474937836639583110809326171875
-20.27456027660934267942138831131160259246826171875
18.644265206869448547877254895865917205810546875
-6.0627508254092585815442362218163907527923583984375
23.965051824601058427788302651606500148773193359375
3.0574761184586574103150269365869462490081787109375
14.4861713134317415807572615449316799640655517578125
-2.4381860814469096254697433323599398136138916015625
-10.682728576358119454425832373090088367462158203125
24.076849684165676279690160299651324748992919921875
26.228922293475879001789508038200438022613525390625
2.7679888152637293075031266198493540287017822265625
-20.17064199803129298516068956814706325531005859375
-17.851498610064712835310274385847151279449462890625
19.6116122351503889831292326562106609344482421875
-11.8870390403146277691348586813546717166900634765625
-14.4477309153595339097364558256231248378753662109375
-30.29246685147231943346923799254000186920166015625
6.7899792891050640974981433828361332416534423828125
22.394754735471078532782485126517713069915771484375
24.794398163421480063561830320395529270172119140625
-11.161717166335325401860245619900524616241455078125
17.46266947146538228707868256606161594390869140625
-0.823726177889041455415508607984520494937896728515625
15.3086547383781663711488363333046436309814453125
-11.1153489744637994363074540160596370697021484375
-12.610538961437985250313431606628000736236572265625
-19.87840781004565116063531604595482349395751953125
-18.4269254800366724111881921999156475067138671875
-23.1387035284343909324888954870402812957763671875
-22.672708852508293375649373047053813934326171875
1.4490241003940520503334710156195797026157379150390625
17.649557498789590681553818285465240478515625
6.5849330912275281235679358360357582569122314453125
-0.04696758537921845444440549499631742946803569793701171875
-26.5289003798654761112629785202443599700927734375
-2.419914677844125616701376202399842441082000732421875
-10.21777285167167548252109554596245288848876953125
25.467698893771856916146134608425199985504150390625
-3.37422608880821695009899485739879310131072998046875
-29.92599039635382496271631680428981781005859375
-23.14025857612784164984987000934779644012451171875
-5.91882442063834712797643078374676406383514404296875
6.5743766936964131986087522818706929683685302734375
-18.314870894014205759958713315427303314208984375
-7.26519468427404557786530858720652759075164794921875
-31.35250840450891018917900510132312774658203125
28.97709963592634352380628115497529506683349609375
3.042353924234932893710947610088624060153961181640625
-0.32299350896337764016408300449256785213947296142578125
12.2468747460694391548940984648652374744415283203125
-1.8581763448206383149141629473888315260410308837890625
6.7641916955239427267088103690184652805328369140625
-4.2676197399724014047706077690236270427703857421875
10.98842880577989689072637702338397502899169921875
-14.5184900047605633943703651311807334423065185546875
8.4406109162995104355786679661832749843597412109375
-10.1532594105572417930716255796141922473907470703125
3.14153590455540321357830180204473435878753662109375
-1.410422300847022025749311069375835359096527099609375
20.621027045126169241484603844583034515380859375
5.5360555718598281060849330970086157321929931640625
21.928259017080822701473152847029268741607666015625
4.0904949531719605460011734976433217525482177734375
30.74363063429634479462038143537938594818115234375
-18.1233381651405949241961934603750705718994140625
-20.000224006064446058417161111719906330108642578125
23.392201348692776008419969002716243267059326171875
-19.29918096479419631350538111291825771331787109375
-17.8510956222003329685321659781038761138916015625
-16.334816891833622065632880548946559429168701171875
5.473957305888884405931094079278409481048583984375
1.0247224715689113860861425564507953822612762451171875
-1.864967069218920858730825784732587635517120361328125
-26.435024847735434150308719836175441741943359375
-6.8725870329356109067475699703209102153778076171875
-16.6611798322786199832989950664341449737548828125
-22.04486373868758875005369191057980060577392578125
-14.4008238584679428839763204450719058513641357421875
-9.3284676087546696265917489654384553432464599609375
22.052353463933432209387319744564592838287353515625
13.8887863939657290046625348622910678386688232421875
0.79950916484272382955822422445635311305522918701171875
19.70413849628943836478356388397514820098876953125
-14.7836753609390374464283013367094099521636962890625
14.1083622954479661615323493606410920619964599609375
-10.279726919361873882508007227443158626556396484375
-16.417478230653042459152857190929353237152099609375
8.069086529640092209092472330667078495025634765625
25.502620593921534464243450202047824859619140625
-9.0164992327408466366023276350460946559906005859375
-0.07004123499947996489556345522942137904465198516845703125
30.719116699161940431395123596303164958953857421875
13.8639805575036465512539507471956312656402587890625
13.8864953419998276018532123998738825321197509765625
6.13523635289131785697236409760080277919769287109375
1.784709663986621563935841550119221210479736328125
27.196352791622803835025479202158749103546142578125
-25.180373716933313943400207790546119213104248046875
-18.53118936538928807067350135184824466705322265625
-30.303541081154566683153461781330406665802001953125
17.331335657398813765439626877196133136749267578125
11.1025316486952210226490933564491569995880126953125
5.71115504185054501107288160710595548152923583984375
16.6456200106439240471445373259484767913818359375
27.54456853614458822221422451548278331756591796875
23.24525147411328163116195355542004108428955078125
7.4080750390053982101790097658522427082061767578125
-16.783101740690693048918546992354094982147216796875
-5.1428068285817314375663045211695134639739990234375
-3.0773734333598508072782351518981158733367919921875
28.175035449581429247700725682079792022705078125
-18.452095293805935938280526897870004177093505859375
-26.90561208299396156462535145692527294158935546875
31.134660586982409569145602290518581867218017578125
-21.489413780208405313487673993222415447235107421875
-13.6059267787950002315255915164016187191009521484375
-23.04262097776400963766718632541596889495849609375
14.3467386773915475117746609612368047237396240234375
3.282758182998973151001109727076254785060882568359375
28.763697876678509857129029114730656147003173828125
-3.5208824608175834924850278184749186038970947265625
1.013827185415461684669935493730008602142333984375
28.0478302783132704689705860801041126251220703125
-4.267380715929078860426670871675014495849609375
14.6097100998152864548274010303430259227752685546875
5.1275272947645635923663576249964535236358642578125
6.072652136783812437670349027030169963836669921875
-29.80328486159317691317482967860996723175048828125
-13.9093397439016737138217649771831929683685302734375
-28.7857004631605803979255142621695995330810546875
-27.187610078060050255999158252961933612823486328125
29.958223477240654375464146141894161701202392578125
-15.4533698209608392204472693265415728092193603515625
14.9738431966987395327350895968265831470489501953125
-9.2907016852742998480607639066874980926513671875
-11.5073777842628732770435817656107246875762939453125
29.651784325752483795213265693746507167816162109375
17.680893998003256228912505321204662322998046875
30.80162436361337796597581473179161548614501953125
23.8686097397349357152052107267081737518310546875
-12.0953445650202553451890707947313785552978515625
7.45161469989970992600092358770780265331268310546875
13.569610586030069754315263708122074604034423828125
8.2325917188636257293410380952991545200347900390625
-15.35814402267012468428220017813146114349365234375
-27.610197152574283308013036730699241161346435546875
0.944480721538309975215952363214455544948577880859375
-4.808406981972328964047846966423094272613525390625
-29.4366667487708610906338435597717761993408203125
28.159912738139194487985150772146880626678466796875
17.614853166867955991392591386102139949798583984375
21.214283163969415824112729751504957675933837890625
7.183908875806057636737023130990564823150634765625
-27.04879923852748646595500758849084377288818359375
-0.357877972737127125757439216613420285284519195556640625
19.343541803212762175689931609667837619781494140625
-19.24525168541979525116403237916529178619384765625
28.9483626046452400260022841393947601318359375
24.952469612227815787264262326061725616455078125
19.13858598551263412446132861077785491943359375
12.3167175884147805930979302502237260341644287109375
-8.4651161994823755918559982092119753360748291015625
14.6130593326365438855418688035570085048675537109375
-20.7117988600381721653320710174739360809326171875
-3.37559819574193653579641249962151050567626953125
-19.806424653791953716108764638192951679229736328125
11.8303528138250584333945880644023418426513671875
25.891763624177084324173847562633454799652099609375
-26.50057823564900871815552818588912487030029296875
-23.682434542270538457842121715657413005828857421875
26.5012941493706222217952017672359943389892578125
-2.7295201037397429644215662847273051738739013671875
-25.933548522124464597027326817624270915985107421875
13.518844290220133785851430729962885379791259765625
10.446139750904965382005684659816324710845947265625
18.9256274788186686919289059005677700042724609375
-10.07001114050498102869823924265801906585693359375
-5.73236103202253399757637453149072825908660888671875
15.3750043896563273193578424979932606220245361328125
26.580141186067493208611267618834972381591796875
15.9533854206264162911566018010489642620086669921875
-25.630269346006084418831960647366940975189208984375
16.97346006183868638572675990872085094451904296875
26.742157833741391215198746067471802234649658203125
-26.75943837908493350141725386492908000946044921875
2.372779391251055525202673379681073129177093505859375
-31.88631133924176452865140163339674472808837890625
-9.6983673865144890413603206980042159557342529296875
-0.2378571827477102551551269016272271983325481414794921875
-12.8996018490511072940307712997309863567352294921875
-2.606549408381545251955913045094348490238189697265625
-18.12952288268706979579292237758636474609375
-11.5217491812443864063197906943969428539276123046875
2.386413516349204400057715247385203838348388671875
3.26944432179771826696423886460252106189727783203125
22.50739739946190098862643935717642307281494140625
-11.1594337258453446537487252498976886272430419921875
-19.384189156985652147113796672783792018890380859375
20.45898783813709087553434073925018310546875
-31.297329786101936832665160181932151317596435546875
-14.3569535086787620770110152079723775386810302734375
20.621701053046248119926531217060983180999755859375
3.41921529837424476028218123246915638446807861328125
-9.1204972019370149638461953145451843738555908203125
10.7317581727547892711527310893870890140533447265625
29.94278787219810311626133625395596027374267578125
-31.6462263860689887451371760107576847076416015625
26.388751629766279194200251367874443531036376953125
-13.6776439244539975703673917450942099094390869140625
-31.19048194989614586347670410759747028350830078125
7.64494532365909140736448534880764782428741455078125
-5.91387117588198218953721152502112090587615966796875
-11.0511740525678447966129169799387454986572265625
2.0455151998029048598937151837162673473358154296875
2.3866348203345406631115110940299928188323974609375
-23.3637339316260721489015850238502025604248046875
18.2519869072981038016223465092480182647705078125
-22.607901198777323514832460205070674419403076171875
20.91581437087747730174669413827359676361083984375
-8.3971885374727452955312401172704994678497314453125
24.59550092395573983594658784568309783935546875
11.037154067401640844536814256571233272552490234375
20.191324714714237842372313025407493114471435546875
-25.86485367884485953027251525782048702239990234375
31.549036873729786378817152581177651882171630859375
-4.80598055968405191151759936474263668060302734375
13.0162329374017868843793621635995805263519287109375
-5.4192747364721753910998813807964324951171875
-8.870686414266828023755806498229503631591796875
4.29636733365052325694932733313180506229400634765625
-12.3164957455900054839048607391305267810821533203125
28.17746886966289565634724567644298076629638671875
7.043521031682690392017320846207439899444580078125
-15.427927891417699157727838610298931598663330078125
10.8869176314200135635701371938921511173248291015625
-3.795920941329326669944066452444531023502349853515625
-21.055109993466796680650077178142964839935302734375
28.815070428961757187380499090068042278289794921875
4.9151198331929766283110438962467014789581298828125
-6.61161392402420489133874070830643177032470703125
26.112352092801614844574942253530025482177734375
29.81468588651396345312605262733995914459228515625
-30.627284034100792808885671547614037990570068359375
-21.052275545122864031100107240490615367889404296875
30.137044214358429172762043890543282032012939453125
-17.669960867163009510250049061141908168792724609375
-3.93065375581367160151557982317171990871429443359375
-21.444853604524013235277379862964153289794921875
23.587234008746097657649443135596811771392822265625
-31.452740518465720498397786286659538745880126953125
-11.1332112347578320310503841028548777103424072265625
25.10416350363396276179628330282866954803466796875
-27.39228857384023996246469323523342609405517578125
-0.36917131488962351415494822504115290939807891845703125
3.47474724745755292332205499405972659587860107421875
21.135218145922703314454338396899402141571044921875
-0.1948052326117742094613305425809812732040882110595703125
23.498225210463061785048921592533588409423828125
-10.36849816818516245575665379874408245086669921875
-15.9089312234218294150878136861138045787811279296875
7.03968976801289869626998552121222019195556640625
-18.868042389559160909584534238092601299285888671875
1.2546175474677363492759241125895641744136810302734375
14.6300615348098137502574900281615555286407470703125
-9.080888098608870251382541027851402759552001953125
27.26991291431753694496364914812147617340087890625
21.28098783446483110992630827240645885467529296875
22.917338920286677961257737479172646999359130859375
-10.475293456299926475594475050456821918487548828125
1.789263296136424319371371893794275820255279541015625
-13.2253964203930678422693745233118534088134765625
6.71414052427469254524794450844638049602508544921875
-17.841204735036143347315373830497264862060546875
-25.360935073715637599889305420219898223876953125
17.630770940320314110749677638523280620574951171875
22.46234970745485526322227087803184986114501953125
15.9199984387682871300739861908368766307830810546875
-14.78887714687929388901466154493391513824462890625
-29.812257534884150089737886446528136730194091796875
14.128068742740058638673872337676584720611572265625
-8.5850576668288720583177564549259841442108154296875
0.63374760028887455742818701764917932450771331787109375
16.6827786732051919216246460564434528350830078125
29.403644299372945880577390198595821857452392578125
28.784340160282141596326255239546298980712890625
-6.1822456998957751039824870531447231769561767578125
9.9662573735839448119122607749886810779571533203125
0.6740817654007156267681466488284058868885040283203125
15.435111540998594392704035271890461444854736328125
-13.354169187112145067430901690386235713958740234375
-20.058967184344364653725278913043439388275146484375
-20.835994522142573970313605968840420246124267578125
-1.0816333807375222431090833197231404483318328857421875
17.979386080726246888161767856217920780181884765625
-14.920591086604947150817679357714951038360595703125
-28.1594272614856180325659806840121746063232421875
21.50265291541910528394510038197040557861328125
-0.84368030198010190989776901915320195257663726806640625
-28.7352065133721907841390930116176605224609375
-19.908951077065911050567592610605061054229736328125
7.239463259994710853106880676932632923126220703125
13.3341673387492587465885662822984158992767333984375
-1.887405017562562736799236517981626093387603759765625
13.299882338751768173779055359773337841033935546875
-8.116375121214314702910996857099235057830810546875
10.17138459434979580464641912840306758880615234375
3.627580624549139987067292167921550571918487548828125
-2.4596643610309580907369308988563716411590576171875
6.47327177773569228946826115134172141551971435546875
-6.38126979869412114254600965068675577640533447265625
-9.1985664086601151012700938736088573932647705078125
-6.48440279764980243015770611236803233623504638671875
-14.7622801371838789918911061249673366546630859375
24.87772251228195585781577392481267452239990234375
4.350757764041436104207605239935219287872314453125
28.5276223681839979917640448547899723052978515625
1.6238747045500148136198959036846645176410675048828125
-4.2999405742857899070941130048595368862152099609375
-12.283146130434818843468747218139469623565673828125
-14.9179809244423591252370897564105689525604248046875
19.78354116638586646104158717207610607147216796875
-5.9490087679600467396312524215318262577056884765625
11.7504510419693932732343455427326261997222900390625
11.08771786853625229696262977086007595062255859375
-8.4836415515084642180454466142691671848297119140625
18.4252123311076587697243667207658290863037109375
-6.4485258670012708392960121273063123226165771484375
6.79590685816706230326644799788482487201690673828125
19.909295686768786026732414029538631439208984375
9.6201412017901244411177685833536088466644287109375
-27.031452141000595901232372852973639965057373046875
18.93496379581386435120293754152953624725341796875
0.097124967588769706150486626938800327479839324951171875
-29.752028519613620716199875460006296634674072265625
13.5843040161218464589865106972865760326385498046875
-2.47001874759477590970391247537918388843536376953125
-10.76436619387575177597682341001927852630615234375
6.59360718959709313224948346032761037349700927734375
19.569435405492857427134367753751575946807861328125
2.929121462601182113161257802858017385005950927734375
9.302924430912423048312120954506099224090576171875
-29.2548317328491549460522946901619434356689453125
21.026341677050002232363112852908670902252197265625
30.476482673013254753868750412948429584503173828125
0.50572326167724679368831175452214665710926055908203125
27.103843273203583663644167245365679264068603515625
23.604563630986685751622644602321088314056396484375
8.0715256586274204408937293919734656810760498046875
-17.75663203190450900592622929252684116363525390625
6.3529980910283878614563946030102670192718505859375
-21.73443787670624516294992645271122455596923828125
13.2147162384875311857967972173355519771575927734375
12.6323681415506001712856232188642024993896484375
18.50645559397209893859326257370412349700927734375
-17.130505119898554511337351868860423564910888671875
-14.7881915454283987543249168084003031253814697265625
-15.1317285143030471061820207978598773479461669921875
17.19586611208569593145512044429779052734375
-25.610892701806175608680860023014247417449951171875
-4.93590952190907206187375777517445385456085205078125
-25.9123684875893474099939339794218540191650390625
-3.5156582287363136174462852068245410919189453125
0.07998110510073273837772234173826291225850582122802734375
-13.12874254038388244225643575191497802734375
27.831365422451984414919934351928532123565673828125
-9.04560820430827305926868575625121593475341796875
-10.438563395369168773640922154299914836883544921875
10.5677731442339801759544570813886821269989013671875
-18.552015664820938667389782494865357875823974609375
-9.404220861259883434968287474475800991058349609375
23.127235521128692852244057576172053813934326171875
2.21953272590302486122482150676660239696502685546875
-8.4582114341471434926233996520750224590301513671875
21.169466353646281930878103594295680522918701171875
-29.787091755749173671574681065976619720458984375
6.15837499622545347932600634521804749965667724609375
-26.844761545633534893795513198710978031158447265625
-2.72408734358477122583508389652706682682037353515625
9.237544616284782961201926809735596179962158203125
1.0521074333702509218113618771894834935665130615234375
19.690445483896208855867371312342584133148193359375
-20.6557015427489005787720088846981525421142578125
0.70014411581923019500806049109087325632572174072265625
11.785545174263379664125750423409044742584228515625
-26.76438433214222101241830387152731418609619140625
27.262335024713092224146748776547610759735107421875
-31.131660773514330031730423797853291034698486328125
11.3727978018963806761121304589323699474334716796875
-12.2999073411398658350890400470234453678131103515625
28.849749226155580572594772092998027801513671875
14.6034844751656134320683122496120631694793701171875
0.059720613128584919271357733805416501127183437347412109375
16.259282766534557396198579226620495319366455078125
16.82555082139352720105307525955140590667724609375
-8.2595476439882649088985999696888029575347900390625
-8.0601835935006160838156574754975736141204833984375
24.771122338073165991545465658418834209442138671875
11.0782977336398342771417446783743798732757568359375
22.000185678340844930289676995016634464263916015625
-2.669028134747514879876462146057747304439544677734375
-6.33142518331674875042835992644540965557098388671875
-9.1568679385593867436909931711852550506591796875
2.756590811787402284238623906276188790798187255859375
-7.1550701791661186490500767831690609455108642578125
-5.80055466782083239962730658589862287044525146484375
-12.0656540211269742712829611264169216156005859375
-0.853164698433158452672842031461186707019805908203125
17.34586343391350737874745391309261322021484375
31.497717953742398577787753310985863208770751953125
6.123976247386480054046842269599437713623046875
-9.949012779040007359299124800600111484527587890625
10.864122212715859205900414963252842426300048828125
16.534049053771664006262653856538236141204833984375
2.812350329218558986354992157430388033390045166015625
2.6668470720977932586492897826246917247772216796875
-24.05811250347147733918973244726657867431640625
-16.288527771081749762061008368618786334991455078125
1.2724440767540914354327696855762042105197906494140625
-13.861420769631120464282503235153853893280029296875
-12.507527505112676635690149851143360137939453125
22.21247078568006827481440268456935882568359375
-7.52830378209183503912527157808654010295867919921875
-10.8792205698363719790222603478468954563140869140625
-4.372339416014863644477372872643172740936279296875
-6.8469431577319088688682313659228384494781494140625
0.494440271584956736461435866658575832843780517578125
-0.27950992928406070969771235468215309083461761474609375
-4.04630367121894973791995653300546109676361083984375
-2.164473907104472960583052554284222424030303955078125
-2.186239427974171700697070264141075313091278076171875
4.1098010166575367207997260265983641147613525390625
-13.904429282379854981854805373586714267730712890625
16.532556060989808344174889498390257358551025390625
-13.6728559215049738639891074853949248790740966796875
2.2882111718200892624963671551086008548736572265625
-25.016781186992776753186262794770300388336181640625
1.8773806005477486902321970774210058152675628662109375
15.144425816099445825102520757354795932769775390625
12.2653809575567134260154489311389625072479248046875
-29.723641968773836907757868175394833087921142578125
-8.2288942590438960422716263565234839916229248046875
13.3825058151252225258076578029431402683258056640625
-6.06011976139762698068125246209092438220977783203125
-5.840098634249383025007773539982736110687255859375
15.6171248861791180928548783413134515285491943359375
5.7309956377990172171621452434919774532318115234375
4.4672982680926960341594167402945458889007568359375
-16.791853755898134892277084873057901859283447265625
31.9879732899455433425828232429921627044677734375
21.853581463207969903805860667489469051361083984375
4.21039932486288659418960378388874232769012451171875
14.14498550278715782724248128943145275115966796875
-15.02358876924656527762635960243642330169677734375
-12.6594681636404491342773326323367655277252197265625
-30.292194282608509325882550911046564579010009765625
-21.32937281876984769724003854207694530487060546875
-19.11748788026687861929531209170818328857421875
-19.95559107716174906954620382748544216156005859375
-6.605938925107462722507989383302628993988037109375
-6.04259101859588287908309212070889770984649658203125
7.025826877437879147692001424729824066162109375
-5.2338546935879417532078150543384253978729248046875
-20.1642584615863285080195055343210697174072265625
25.955928242334113775768855703063309192657470703125
9.8426636413234209754818948567844927310943603515625
6.6815772345324742076400070800445973873138427734375
-7.5279159680652210084872422157786786556243896484375
25.617289644088646838326894794590771198272705078125
31.8708556009254238006178638897836208343505859375
16.196113524769241820422394084744155406951904296875
-10.3895663776658491173066067858599126338958740234375
-1.540189205613786693760403068154118955135345458984375
10.2405006987149818087345920503139495849609375
-9.08558030036922303906976594589650630950927734375
6.76969711193705592222613631747663021087646484375
-21.205065177677969501246479921974241733551025390625
16.47618195122331741231391788460314273834228515625
24.3457735252810465453876531682908535003662109375
-26.0669693806805042868290911428630352020263671875
-18.989352448368553183399853878654539585113525390625
-19.042644238774389719992541358806192874908447265625
-16.870309669348767300789404544048011302947998046875
-8.557765702892712766924887546338140964508056640625
8.9015936617641511219289895961992442607879638671875
-25.30860291516620463880826719105243682861328125
0.4217823190396272625690698987455107271671295166015625
9.1766501305107990305032217293046414852142333984375
-5.208949543210703581053166999481618404388427734375
14.0538099407745686875159663031809031963348388671875
12.030782122561927138804094283841550350189208984375
19.90613568180501857796116382814943790435791015625
-11.13197645469166019438489456661045551300048828125
29.204825988697873384580816491506993770599365234375
29.69513263178708228906543808989226818084716796875
-5.30863447046851089083929764456115663051605224609375
-7.5463973153942536242766436771489679813385009765625
-8.9966194185982573117144056595861911773681640625
-27.664906206602001503824794781394302845001220703125
-4.846789791276652437090888270176947116851806640625
27.0119116039487181524236802943050861358642578125
0.32751946392361774851309519362985156476497650146484375
-12.09954863396973223643726669251918792724609375
18.298032282935110970356618054211139678955078125
6.56762621660360057518346366123296320438385009765625
1.6269290122388582187085148689220659434795379638671875
-20.235946224795309689170608180575072765350341796875
4.775863133254034664787468500435352325439453125
-1.2457106224786083092936905813985504209995269775390625
-29.699593452591134479234824539162218570709228515625
-16.181139884215458124572251108475029468536376953125
-31.862892348836471256845470634289085865020751953125
10.40641512567510318376662326045334339141845703125
18.349637171678441660560565651394426822662353515625
-3.645800068679076577637943046283908188343048095703125
16.195014160638901756783525343053042888641357421875
-9.795386512097206122007264639250934123992919921875
29.75082553768971393992615048773586750030517578125
14.3331297418482730421374071738682687282562255859375
15.147646652065507311135661439038813114166259765625
-22.3195338382294039547559805214405059814453125
1.48268185912164796036449843086302280426025390625
-4.72984055363820488082637893967330455780029296875
28.915237950404300448781214072369039058685302734375
-17.712185099710882951740131829865276813507080078125
20.757796755771838803639184334315359592437744140625
24.7269513588513660806711413897573947906494140625
-31.382969741908258498597206198610365390777587890625
-6.39014889260950180727149927406571805477142333984375
-30.075235867482593477006957982666790485382080078125
13.38804526444854303690590313635766506195068359375
-23.2883888044505766856673290021717548370361328125
-0.70678599600591629492640777243650518357753753662109375
21.372953706308184251838611089624464511871337890625
-23.31900176638462340861224220134317874908447265625
-10.2635527820206906568500926368869841098785400390625
24.593861434818666822366139967925846576690673828125
-30.58387089365609057267647585831582546234130859375
-21.371344211694729864348119008354842662811279296875
-27.61914799145312571226895670406520366668701171875
-5.6048673077462662917014313279651105403900146484375
14.5814944629857503599623669288121163845062255859375
1.55343430084650524491962642059661448001861572265625
24.364129960458445367521562729962170124053955078125
-22.925850625098615154229264589957892894744873046875
-29.34978517647328999373712576925754547119140625
-25.09308892312723315853872918523848056793212890625
-11.1548951257574220363721906323917210102081298828125
-21.817014896023149361781179322861135005950927734375
8.8922105003708029613562757731415331363677978515625
-18.12633841757894259671957115642726421356201171875
-21.569676315402343647065208642743527889251708984375
-16.7704970764441583241932676173746585845947265625
20.673213336797996220184359117411077022552490234375
-0.1585168336672868605319308699108660221099853515625
-15.809949984962745617167456657625734806060791015625
14.97009970358028141390605014748871326446533203125
-4.2067277613326918839220525114797055721282958984375
1.2896306418741760868584833588101901113986968994140625
4.147874028564604742541632731445133686065673828125
2.855133538914430335609040412236936390399932861328125
21.0654756096275974641685024835169315338134765625
-24.300489065840309876875835470855236053466796875
-29.871684483126355047488686977885663509368896484375
31.233343911821368266146237147040665149688720703125
-6.08729108296940779609940364025533199310302734375
17.171878394993388639022668940015137195587158203125
-10.4496584930795624046595548861660063266754150390625
0.783279573551649122009621351025998592376708984375
-20.84573353389237837518521700985729694366455078125
-15.2854753713929287783912513987161219120025634765625
22.207149522967402077711085439659655094146728515625
7.35606724470340989086025729193352162837982177734375
10.5438276876881307231315076933242380619049072265625
-6.64757595055489236557377807912416756153106689453125
-24.173316989418925260224568773992359638214111328125
-6.75806350211481099421462204190902411937713623046875
6.826297794402176322137165698222815990447998046875
9.210729414824772476322323200292885303497314453125
29.554902684527892375854207784868776798248291015625
-29.8064932881791406771299079991877079010009765625
18.51925840039245230173037271015346050262451171875
-21.500048628688642082806836697272956371307373046875
-22.77744265661353750829221098683774471282958984375
1.3945838774777750135314136059605516493320465087890625
-2.876290016806596572251919496920891106128692626953125
-0.71978374406633027771107435910380445420742034912109375
19.14438976552160198707497329451143741607666015625
-19.720070672483387852480518631637096405029296875
-12.2757961356807374642130525899119675159454345703125
3.31374026043194902513278066180646419525146484375
0.4257367645597474048457797834998928010463714599609375
-17.36754273997028263920583412982523441314697265625
9.0335654926956241439484074362553656101226806640625
31.495630458024454156884530675597488880157470703125
-16.48465517681314196352104772813618183135986328125
17.67238264522985247140240971930325031280517578125
-6.0412281212786691497740321210585534572601318359375
1.72907930745178628484381988528184592723846435546875
5.00481761100933741914786878623999655246734619140625
8.4849694899250867052842295379377901554107666015625
-7.04084494576990227443502590176649391651153564453125
-19.4249717197103990429241093806922435760498046875
19.7367313782262243648801813833415508270263671875
-5.75462138187960992041780627914704382419586181640625
-3.15640816327134121621611484442837536334991455078125
21.311318366678609237396813114173710346221923828125
28.186404952401634460557033889926970005035400390625
22.394627388112457566649027285166084766387939453125
24.0244560686639800906050368212163448333740234375
-15.4795004463860426113797075231559574604034423828125
-17.619379912032844259783814777620136737823486328125
0.51845268714702241741321131485165096819400787353515625
24.331549201344689237203056109137833118438720703125
-9.1376829550460154649726973730139434337615966796875
29.387810114428706498301835381425917148590087890625
6.76687906539448302822847836068831384181976318359375
15.7902470032829729262857654248364269733428955078125
0.45647323992689370353303957017487846314907073974609375
-31.8739875200977849090122617781162261962890625
29.486943664166691547734444611705839633941650390625
-19.553780601271402161955847986973822116851806640625
-20.690273514185410164145650924183428287506103515625
-0.70389307361704889220987979570054449141025543212890625
-29.84771513354089478298192261718213558197021484375
15.321035307079949205899538355879485607147216796875
28.844987377051811705541695118881762027740478515625
-14.0339701584549967350312726921401917934417724609375
-2.830018236292328293046693943324498832225799560546875
-23.4920735015437713855135370977222919464111328125
24.5708365021544778983297874219715595245361328125
0.71077870961331834909202598282718099653720855712890625
-19.17656768318419580054978723637759685516357421875
29.305863634413707785597580368630588054656982421875
24.489706272302935730067474651150405406951904296875
-25.589625359785880931440260610543191432952880859375
-3.103965664959704273684337749728001654148101806640625
30.3346717850888722978197620250284671783447265625
22.9102490214336711460418882779777050018310546875
-29.3161572315932943411098676733672618865966796875
-0.9329505366743797711848174003534950315952301025390625
-22.7039913446202490376890636980533599853515625
11.9941854829938989723814302124083042144775390625
-24.503974623844118951865311828441917896270751953125
17.678970111884229510224031400866806507110595703125
27.444044551141463017529531498439610004425048828125
5.2284239032926915768939579720608890056610107421875
25.06613479021643797750584781169891357421875
-13.1818209748943804271448243525810539722442626953125
-7.21472576906003126850919215939939022064208984375
12.9865328736927327923922348418273031711578369140625
0.15125283256971167045179527121945284307003021240234375
-17.440743275767005115994834341108798980712890625
-0.81311009025755509593835768100689165294170379638671875
-9.2449197688571747022479030420072376728057861328125
22.176801945299072116313254809938371181488037109375
8.012244753879915748484563664533197879791259765625
-30.802125251848519127406689221970736980438232421875
2.154824369029054498270170370233245193958282470703125
18.31789087048631614607074880041182041168212890625
30.1282680134633977786506875418126583099365234375
3.56523887987024057366625129361636936664581298828125
-25.3314799139396455984751810319721698760986328125
0.3259505715589596785974890735815279185771942138671875
5.78877495287661059109041161718778312206268310546875
6.36365845578470068488741162582300603389739990234375
15.773241448703689826515983440913259983062744140625
-0.85456240451163234528308976223343051970005035400390625
21.993957695403157259761428576894104480743408203125
24.9142471896517463392228819429874420166015625
27.032530561340241348489144002087414264678955078125
-6.773212295536861660139038576744496822357177734375
11.277889460883617545050583430565893650054931640625
31.383346587910029512613618862815201282501220703125
-8.156379648475411414665359188802540302276611328125
22.785776599438147371756713255308568477630615234375
26.26447118529741686643319553695619106292724609375
19.39983109879737099845442571677267551422119140625
-30.38596509569403991690705879591405391693115234375
5.66606903217363910840731477946974337100982666015625
5.046870305073841933563016937114298343658447265625
7.81341339931555278752739468473009765148162841796875
-21.1213648837310614680973230861127376556396484375
-27.05316337636272550071225850842893123626708984375
19.604931550854733046662659035064280033111572265625
-14.973228909036148337463600910268723964691162109375
7.18557485550096952664489435846917331218719482421875
22.555727836949170495017824578098952770233154296875
-3.807155827686470761506143389851786196231842041015625
27.553395062414960392516150022856891155242919921875
26.456776356277263317906545125879347324371337890625
-19.459182891377974300439746002666652202606201171875
11.764807639848680054228680091910064220428466796875
-4.73843352199038037042555515654385089874267578125
-10.054248691107346758144558407366275787353515625
17.627473472766670425926349707879126071929931640625
16.4760293542935158939144457690417766571044921875
-8.2289635973249577460819637053646147251129150390625
7.359803493377324201674127834849059581756591796875
-0.41596047239046052279576315413578413426876068115234375
17.97811384947478785534258349798619747161865234375
21.977851856245397499378668726421892642974853515625
-30.33209980194359189908936969004571437835693359375
-14.73542205014312145294752554036676883697509765625
-31.13548812656205910798234981484711170196533203125
2.711028702447325411384326798724941909313201904296875
