0.312743506048386077367240432067774236202239990234375
15.1277512900284332175715462653897702693939208984375
2323.3550519329173766891472041606903076171875
0.000805916315999105517357825601010290483827702701091766357421875
11.4208104704665576178967967280186712741851806640625
3.554186402049341442221930265077389776706695556640625
29.987308534865253051293620956130325794219970703125
0.998147704388280043730219404096715152263641357421875
1.6151391273698987305351693066768348217010498046875
1.51283524955140702417111242539249360561370849609375
0.6084813080072064561676370431086979806423187255859375
4464853.6323069073259830474853515625
6.807672126970493544674545294270728845731355249881744384765625e-05
0.136317462744951267694659691187553107738494873046875
0.000788714594789158827438380061636280515813268721103668212890625
59885.1276016035626525990664958953857421875
1.85232881407714966570665637846104800701141357421875
24.7834274154803750889186630956828594207763671875
0.54317947169048308442285133423865772783756256103515625
39.2404054131631170321270474232733249664306640625
