0.0161344105002900577161550899063513497821986675262451171875
0.128611310257663646883230512685258872807025909423828125
0.0012047626984941525556116470596634826506488025188446044921875
0.349235453477076795980593715285067446529865264892578125
3.988703102369621777967267917119897902011871337890625
7.4469723422748916874525093589909374713897705078125
2.61387594707148540607022368931211531162261962890625
1.8601510508049022151084994636249803079408593475818634033203125e-05
0.0779924138397008193113180141153861768543720245361328125
4946500.039233495481312274932861328125
907.567735087290884621324948966503143310546875
1245.43895504032252574688754975795745849609375
0.00012778727040050293409755022278062597251846455037593841552734375
0.0025451716871335151697042231688783431309275329113006591796875
0.0122963026756262201744096529409944196231663227081298828125
0.2253262515782924191309888328760280273854732513427734375
16011.680139954478363506495952606201171875
4.152882294482328262574810651130974292755126953125
4208.6086004309108830057084560394287109375
8.9830344513829884253545976502408620945061556994915008544921875e-06
