58.0565794939199548707620124332606792449951171875
-11.8328752276886053351745431427843868732452392578125
-15.837599937022947216291868244297802448272705078125
-67.640519990093054047974874265491962432861328125
13.1488928018423134602699064998887479305267333984375
78.106689698458239945466630160808563232421875
-12.64984503500861734437421546317636966705322265625
-88.264277448706025097635574638843536376953125
93.7291424992913420055629103444516658782958984375
53.94954332032256871798381325788795948028564453125
-86.692652545657693963221390731632709503173828125
90.7448478365696900027614901773631572723388671875
19.543099280068734202586711035110056400299072265625
23.368821325027919755257244105450809001922607421875
57.57269282146248912113151163794100284576416015625
-30.479367909535877601001629955135285854339599609375
87.4159792568998881279185297898948192596435546875
32.81638648020799564619665034115314483642578125
-87.4862949428633243087460868991911411285400390625
45.79475511473457771671746741048991680145263671875
-26.57188772204563775858332519419491291046142578125
10.949281778535389975104408222250640392303466796875
-92.4019213894947171183957834728062152862548828125
68.4792478084134899063428747467696666717529296875
-32.70434709353120439345730119384825229644775390625
-85.3277123157640318140693125315010547637939453125
-24.754540245422418820453458465635776519775390625
34.39108014034496818567276932299137115478515625
-70.416742560821006691185175441205501556396484375
11.594685967459508191268469090573489665985107421875
7.5104474465940569416488870047032833099365234375
-71.74766666445037799348938278853893280029296875
-66.0560174684664076494300388731062412261962890625
49.36580961035499370836987509392201900482177734375
38.4587729922024976758621050976216793060302734375
-73.0326271582250541314351721666753292083740234375
-14.8646235742500874010829647886566817760467529296875
-13.359359759509207066230374039150774478912353515625
-56.91605484392996316955759539268910884857177734375
-78.94388544258350748350494541227817535400390625
39.00630741208357221694313921034336090087890625
36.53296281114376853338399087078869342803955078125
25.2089339307978406168331275694072246551513671875
-31.619898450763901820437240530736744403839111328125
16.703466895683032333863593521527945995330810546875
15.850000645482367644945043139159679412841796875
-42.81091662238464579104402218945324420928955078125
51.1195184859729039317244314588606357574462890625
9.602832529871303535173865384422242641448974609375
35.51277226194684999427408911287784576416015625
-99.16498883066066127867088653147220611572265625
10.692309206965905588049281504936516284942626953125
-38.613924398085742950570420362055301666259765625
43.792273098361164329617167823016643524169921875
-10.7861880993168615106014840421266853809356689453125
-4.913894510966951401087499107234179973602294921875
90.0365656509388685435624211095273494720458984375
69.0811582644541175568519975058734416961669921875
87.573260389279852233812562189996242523193359375
-71.101272193851258407448767684400081634521484375
-89.72417470444753462288645096123218536376953125
31.6563870316531392745673656463623046875
-96.003301068311003518829238601028919219970703125
74.34282788562205723792430944740772247314453125
-6.87152980303811933282531754230149090290069580078125
84.1312546283983238026848994195461273193359375
-55.25706307862736821334692649543285369873046875
-34.05061326396994303422616212628781795501708984375
19.666867478105647393249455490149557590484619140625
60.45629033057712575782716157846152782440185546875
67.268821087610405129453283734619617462158203125
76.9642263426027710693233530037105083465576171875
-44.91916059661320304030596162192523479461669921875
53.221899024557927759815356694161891937255859375
53.62699402229571887801284901797771453857421875
75.73266235605393603691481985151767730712890625
-10.174429816536754600519998348318040370941162109375
87.3539663242980992663433426059782505035400390625
95.8721057771933971025646314956247806549072265625
98.449043035868498918716795742511749267578125
-22.53978349829976224327765521593391895294189453125
32.237622609254941608014632947742938995361328125
-10.51538996051372265583268017508089542388916015625
41.29411873022862522475406876765191555023193359375
63.0001285596762699015016551129519939422607421875
-28.58956175962143930746606201864778995513916015625
-46.93025255292548791885565151460468769073486328125
-82.5359911806570067938082502223551273345947265625
9.7662840545656823820763747789897024631500244140625
76.9794386867890096937117050401866436004638671875
44.658249545769393762384424917399883270263671875
-20.672637004447668829243411892093718051910400390625
75.7809693736189586843465804122388362884521484375
53.9729166411305953943156055174767971038818359375
-63.57072541376833640924814972095191478729248046875
80.367503177121278667982551269233226776123046875
-68.882222497159176555214799009263515472412109375
-35.33637211218414364566342555917799472808837890625
-22.6434014104270460165935219265520572662353515625
35.304327538398638353100977838039398193359375
2.876757039690040596013886897708289325237274169921875
95.5830314944723653525215922854840755462646484375
-62.42561598628743269046026398427784442901611328125
-36.63312558128195206563759711571037769317626953125
0.473164374123448305820005543864681385457515716552734375
20.26908639175775306284776888787746429443359375
90.4402261504581446160955238156020641326904296875
43.30816945259204686635712278075516223907470703125
73.7609536691473550718001206405460834503173828125
-94.308945335221750383425387553870677947998046875
-88.482101442717095096668344922363758087158203125
-86.997333123448214564632507972419261932373046875
93.440140379642429024897865019738674163818359375
-15.7588286127092800370519398711621761322021484375
76.130740045441626762112719006836414337158203125
52.2616197291078350417592446319758892059326171875
94.466330226301948869149782694876194000244140625
75.0413807534548169542176765389740467071533203125
34.232472216828909949981607496738433837890625
59.5606994335729353906572214327752590179443359375
-76.866223679382443378926836885511875152587890625
98.5856814979834581436080043204128742218017578125
59.37695832541250950953326537273824214935302734375
57.1468391018026835581622435711324214935302734375
67.207289255352719692382379435002803802490234375
56.55586794118377014228826737962663173675537109375
96.53315437904763030019239522516727447509765625
-76.41255661961395162506960332393646240234375
-6.62883916599802258673435062519274652004241943359375
-25.030410191650421580789043218828737735748291015625
40.9341793005588527876170701347291469573974609375
-93.491174148070825822287588380277156829833984375
-60.64398448454384293881958001293241977691650390625
-63.99115885834832084810841479338705539703369140625
-52.4598663464790746502330875955522060394287109375
23.700225369555827370504630380310118198394775390625
-60.26975910471556829861583537422120571136474609375
-7.25518094712369343568525437149219214916229248046875
76.511344365392091049216105602681636810302734375
39.87902954691715962098896852694451808929443359375
25.02283643667282575506760622374713420867919921875
-80.9833746274081676119749317876994609832763671875
-90.1111250259358627090477966703474521636962890625
-9.6958750644306377353132120333611965179443359375
-22.868414209454488883466183324344456195831298828125
-78.3440785952836193928305874578654766082763671875
57.8491983778996683440709603019058704376220703125
62.97235672065242084727287874557077884674072265625
59.75979061170966133431647904217243194580078125
59.27307109544484120533525128848850727081298828125
93.2865288582816987172918743453919887542724609375
-23.524899384435276061822150950320065021514892578125
-26.48043100396150606457013054750859737396240234375
54.9154013609326057121506892144680023193359375
-72.1919808857486060560404439456760883331298828125
64.9433766446888540713189286179840564727783203125
-42.79847487405410078054046607576310634613037109375
-85.860104256627863605899619869887828826904296875
3.38546567052280256149288106826134026050567626953125
-33.10872338014331006661450373940169811248779296875
58.59132634924082339011874864809215068817138671875
-21.4146374749063994613607064820826053619384765625
-11.277831279397304342637653462588787078857421875
2.419524484511479389681198881589807569980621337890625
95.8232967053718454053523601032793521881103515625
39.142920827909591707793879322707653045654296875
-30.076676970184280435205437242984771728515625
-78.698047642958044889383018016815185546875
-33.70206079477465976879102527163922786712646484375
57.20540885355654836530447937548160552978515625
-12.72017042431690470039029605686664581298828125
-13.2048590199109785459086197079159319400787353515625
-48.4219116023499367429394624195992946624755859375
-42.452593598832862653580377809703350067138671875
-34.43165937542448062913535977713763713836669921875
-95.8871141701188918204934452660381793975830078125
66.0579914575507842755541787482798099517822265625
72.11441173541885518716298975050449371337890625
-49.61418212979882724766866886056959629058837890625
60.8983976222187806115471175871789455413818359375
51.23321444798049384417026885785162448883056640625
18.0065142552654293695013620890676975250244140625
18.971636016571466143432189710438251495361328125
23.260936394853050757092205458320677280426025390625
29.037975518432350696684807189740240573883056640625
-10.619753955668073786000604741275310516357421875
6.77761954105025754557800610200501978397369384765625
74.241441287209255506240879185497760772705078125
80.87391990152053722340497188270092010498046875
-37.535420659867753556682146154344081878662109375
-77.1018662219978097027706098742783069610595703125
-37.068979308251044813005137257277965545654296875
86.4488626393418684301650500856339931488037109375
-56.75025022241931083044619299471378326416015625
-97.43332185384389276805450208485126495361328125
-27.792746876117764287528189015574753284454345703125
-94.2248735827589456448549753986299037933349609375
-56.9972070821730056877640890888869762420654296875
-5.98277365435826169459687662310898303985595703125
-24.3270426219928737054942757822573184967041015625
-43.17472803771254774574117618612945079803466796875
64.1891143223511306814543786458671092987060546875
47.41102039445213023327596602030098438262939453125
-34.62611601284667273148443200625479221343994140625
-87.433441725748025419306941330432891845703125
50.7874403411769890226423740386962890625
7.70784387778994783957386971451342105865478515625
85.100377482921345517752342857420444488525390625
94.3576689268672765820156200788915157318115234375
-73.2935247473064208634241367690265178680419921875
-26.14237349430101176039897836744785308837890625
-72.1247680328184088693888043053448200225830078125
49.57214118742877673184921150095760822296142578125
82.2963465127946705024442053399980068206787109375
69.15838759709191663205274380743503570556640625
-50.16214211910949671846537967212498188018798828125
5.31716510760353866515970366890542209148406982421875
81.7588846099244932474903180263936519622802734375
3.01125715889968237348739421577192842960357666015625
-74.828523807589050420574494637548923492431640625
37.292202429417415032730787061154842376708984375
98.7352964634354890449685626663267612457275390625
5.303253145058949513668267172761261463165283203125
-59.93807669976995811111919465474784374237060546875
-47.45175933509273846766518545337021350860595703125
38.4455926304178063901417772285640239715576171875
-27.2165364890219478866129065863788127899169921875
90.1821610060106877426733262836933135986328125
-53.57674814343308611341853975318372249603271484375
-22.6495606036216798884197487495839595794677734375
-3.237692516666077491294117862707935273647308349609375
87.4024356424273349830400547944009304046630859375
50.69445426253620468060034909285604953765869140625
-42.714766299837975793707300908863544464111328125
-43.64594042985521582522778771817684173583984375
-73.8976378902588493247094447724521160125732421875
27.74680568802238411763028125278651714324951171875
30.061600701475025942954744095914065837860107421875
-22.453269622397140636849144357256591320037841796875
-39.05237311798273225349475978873670101165771484375
-94.319811437155948397048632614314556121826171875
70.1821783609664606728983926586806774139404296875
-49.8603428782879660730031901039183139801025390625
37.4407835642104913631555973552167415618896484375
56.41697590190356237371815950609743595123291015625
-94.8162364017481849032265017740428447723388671875
97.0568467610844010096116107888519763946533203125
62.11486954033892260440552490763366222381591796875
61.49666593796789726411589072085916996002197265625
-77.096797628684470282678375951945781707763671875
92.54837562051989152678288519382476806640625
18.4521561524987447455714573152363300323486328125
-98.693475471955167677151621319353580474853515625
3.73353256439869340965742594562470912933349609375
34.39673133109126723638837574981153011322021484375
84.9005553486479271896314457990229129791259765625
42.08901529277869002498846384696662425994873046875
-62.93112372710669433217844925820827484130859375
35.3028121007385919938315055333077907562255859375
35.115709895433866449820925481617450714111328125
-91.9410371015085985391124268062412738800048828125
69.054347306061799827148206532001495361328125
-55.0752191899400287411481258459389209747314453125
4.05828761666037873823142945184372365474700927734375
32.486865068493585795295075513422489166259765625
17.337559201882552173401563777588307857513427734375
-7.4525885127272939456588574103079736232757568359375
97.6653655721148652446572668850421905517578125
49.83429733241390380271695903502404689788818359375
62.99807768192615498037412180565297603607177734375
-71.6900807931074126599924056790769100189208984375
48.851804106010632722245645709335803985595703125
2.1758683439178216900700135738588869571685791015625
-66.803471106201612883523921482264995574951171875
34.144272923333602420825627632439136505126953125
14.1377988000086389774878625757992267608642578125
-24.281186225849854309899455984123051166534423828125
-65.07772206717169183320947922766208648681640625
-45.543540281777580958078033290803432464599609375
94.1459860628410893923501134850084781646728515625
-55.97127427063625049186157411895692348480224609375
52.10685720687552446861445787362754344940185546875
45.99845373898585165761687676422297954559326171875
4.40295882527319992760794775676913559436798095703125
-31.6730246129514654285230790264904499053955078125
-73.4734023874605810533466865308582782745361328125
-70.02523082832664158559055067598819732666015625
10.9596562914367670060755699523724615573883056640625
-32.70404186714184646689318469725549221038818359375
-16.968368064153622754020034335553646087646484375
47.61607193485598799043145845644176006317138671875
28.849177232661109115952058346010744571685791015625
-91.83478978919038127060048282146453857421875
38.00662008574969519258957006968557834625244140625
21.1463662685952016317969537340104579925537109375
-67.978821018674125298275612294673919677734375
15.438342385158005498624333995394408702850341796875
-43.56980882376914365750053548254072666168212890625
-66.9491947975670171899764682166278362274169921875
99.402956061732226089588948525488376617431640625
46.45396693562651080355863086879253387451171875
58.5101388087482945365991326980292797088623046875
-70.93023201555507739612949080765247344970703125
50.49768282358950699517663451842963695526123046875
-39.855828559079924389152438379824161529541015625
79.57746018987046454640221782028675079345703125
67.67521613189092022366821765899658203125
82.9392073123201925000103074125945568084716796875
96.8666446040869004718842916190624237060546875
98.0463840971424218651009141467511653900146484375
43.7464505935518417345519992522895336151123046875
28.9102938929766679621025105006992816925048828125
93.4187054546878385963282198645174503326416015625
-14.91279604574400963201696868054568767547607421875
13.552995814941102281636631232686340808868408203125
42.71981966691360099730445654131472110748291015625
-62.3576097072236024132507736794650554656982421875
43.097339106823625343167805112898349761962890625
-21.00043232148329508390816044993698596954345703125
-55.90771384870003402056681807152926921844482421875
-19.85242859810600890568821341730654239654541015625
51.236660880643825066727004013955593109130859375
-72.8981819271008504301789798773825168609619140625
-84.9528661469026786789981997571885585784912109375
-29.613615530064095082707353867590427398681640625
16.97269663066808931262130499817430973052978515625
18.344584396059719466620663297362625598907470703125
83.718973855760083324639708735048770904541015625
78.99690834968629360446357168257236480712890625
-2.79671422629967469930534207378514111042022705078125
-23.016737221206565067177507444284856319427490234375
19.77055561020569030006299726665019989013671875
-35.0571234334304193680509342812001705169677734375
-77.5493410452424285494998912326991558074951171875
72.7941314147056033334592939354479312896728515625
42.156703726069366666706628166139125823974609375
10.2891220519748021189343489822931587696075439453125
-17.666563531562029965016336063854396343231201171875
-98.8939152640207765898594516329467296600341796875
37.92485464994433641550131142139434814453125
-22.049542686242421751785514061339199542999267578125
-1.7751381674369304253247037195251323282718658447265625
4.1219243914688892260755892493762075901031494140625
-10.858167540450693877573939971625804901123046875
-93.0638788614881349303686874918639659881591796875
54.4345344131895529926623567007482051849365234375
2.804557835238564056368204546743072569370269775390625
42.6969453266003000635464559309184551239013671875
-64.4405679947130778373320936225354671478271484375
68.3585800274484398642016458325088024139404296875
1.721205928080628222431869289721362292766571044921875
-24.028736665057504495734974625520408153533935546875
-34.29162239834324310550073278136551380157470703125
16.468974470386068986726968432776629924774169921875
-31.783383839828928785209427587687969207763671875
44.5951412573001704231501207686960697174072265625
-6.78659385862249475707130841328762471675872802734375
43.9601706026188594478298909962177276611328125
-64.2850342828943013273601536639034748077392578125
-71.4872704297574870224707410670816898345947265625
39.74393505967731243799789808690547943115234375
33.3067278056219748805233393795788288116455078125
87.05530528447155802496126852929592132568359375
73.9053218041318444875287241302430629730224609375
30.3722230608120042916198144666850566864013671875
-66.9294565174725306633263244293630123138427734375
-28.17008146056314643601581337861716747283935546875
-4.2397484507182756630072617554105818271636962890625
-26.25726161224313415232245461083948612213134765625
27.1681841113107651608515880070626735687255859375
-74.82403801224387507318169809877872467041015625
28.985352307847140451713130460120737552642822265625
60.45638884979553040466271340847015380859375
-25.41356815560006765508660464547574520111083984375
24.828922227149778478860753239132463932037353515625
-68.7805411130346584513972629792988300323486328125
11.7683584129837850440480906399898231029510498046875
-3.92087536317464202539895268273539841175079345703125
12.67699303043121972223161719739437103271484375
51.637411648329845093030598945915699005126953125
6.55959971621245774286990126711316406726837158203125
-62.28364096736817145938402973115444183349609375
25.943886199782383528145146556198596954345703125
-31.708536512075536251131779863499104976654052734375
7.22952938024144398099224417819641530513763427734375
8.213407528567433502075800788588821887969970703125
-71.136985181282625489984638988971710205078125
-26.842665795751674551183896255679428577423095703125
-67.00861656924092812914750538766384124755859375
-78.6774440307732589872102835215628147125244140625
-76.132782452536247319585527293384075164794921875
-98.9322934082878333583721541799604892730712890625
90.3974461501506567628894117660820484161376953125
79.551334646463686794959357939660549163818359375
-52.96269611098447427366409101523458957672119140625
0.937798073229114237392423092387616634368896484375
25.327183573266125904410728253424167633056640625
-9.739851469591116028823307715356349945068359375
55.586527430036994701367802917957305908203125
72.58010166920900019249529577791690826416015625
33.03137385605531761711972649209201335906982421875
82.9135309704091554294791421853005886077880859375
75.140225744006102104322053492069244384765625
64.27630673748325307315099053084850311279296875
-87.548353618982815760318771935999393463134765625
-81.46756717082422483144910074770450592041015625
85.67878096068506010851706378161907196044921875
71.5170983416405903199120075441896915435791015625
-5.278722338148202908314488013274967670440673828125
-90.3187131806896132957263034768402576446533203125
-39.2249059068339960276716738007962703704833984375
-57.0291044142476977185651776380836963653564453125
24.57647281498952196443497086875140666961669921875
81.7948263821031815723472391255199909210205078125
62.62921278564893867724094889126718044281005859375
-51.13702107741685409791898564435541629791259765625
91.4062928624687032197471125982701778411865234375
53.6397064665552960605054977349936962127685546875
-18.374983176521336503128623007796704769134521484375
-47.396148708143499561629141680896282196044921875
49.22997144481767151091844425536692142486572265625
-96.5772428754944485262967646121978759765625
-4.36836553258968773860715373302809894084930419921875
2.57869277949583164399882662110030651092529296875
-36.1636079943253179180828738026320934295654296875
84.853371716978784888851805590093135833740234375
-87.499595830249091932273586280643939971923828125
-51.511940422095136682401061989367008209228515625
2.82020099502226617715905376826412975788116455078125
77.3260559533293729828073992393910884857177734375
-34.5114914314739280598587356507778167724609375
-5.4732245534385253193931930582039058208465576171875
-18.629937441391501096177307772450149059295654296875
-17.256874183344809381424056482501327991485595703125
43.70498925626122144194596330635249614715576171875
-92.2572188593282618285229546017944812774658203125
23.567927265578479278929080464877188205718994140625
30.12513299181990333863723208196461200714111328125
13.2728626848056396880792817682959139347076416015625
0.567902511392709197224348827148787677288055419921875
-58.529824629647833944545709528028964996337890625
74.8342543048536441574469790793955326080322265625
-95.053061718963448356589651666581630706787109375
-25.656163973143126355580534436739981174468994140625
0.6142546611307324599948742616106756031513214111328125
-47.122584798864949107155553065240383148193359375
39.72264107438473956790403462946414947509765625
8.565369665020913458874929347075521945953369140625
-19.269909983322378366210614331066608428955078125
26.753896635436181128397947759367525577545166015625
-46.2818763123939760362191009335219860076904296875
-36.4419192719339406494327704422175884246826171875
68.40860247569480634410865604877471923828125
72.359331627489069660441600717604160308837890625
-40.60235881630706700207156245596706867218017578125
33.07280178383008006903764908201992511749267578125
-72.172362950630486011505126953125
-90.0176706177846739365122630260884761810302734375
4.31565267250113748787043732590973377227783203125
97.4166743652082658400104264728724956512451171875
4.4481049001913586238288189633749425411224365234375
90.6230806911381705504027195274829864501953125
-22.832010277815012244673198438249528408050537109375
-62.6782430894471644933219067752361297607421875
-40.67395481335659468413723516277968883514404296875
67.8222808258351363974725245498120784759521484375
-12.7121475540859680819494315073825418949127197265625
-54.59020836774620732967377989552915096282958984375
93.7662387294951571448109461925923824310302734375
51.11585068585787894335226155817508697509765625
67.2230030206592488184469402767717838287353515625
8.95587420632357833483183640055358409881591796875
-62.481032807743787316212547011673450469970703125
-5.11384245117351721177101353532634675502777099609375
13.5064191474917745239281430258415639400482177734375
-68.502857499352700187955633737146854400634765625
-61.3778470022608217959714238531887531280517578125
80.0014213553455419969395734369754791259765625
69.0838645099387349546304903924465179443359375
-45.014154490042727729814941994845867156982421875
94.702686243889360184766701422631740570068359375
95.6059924590177132586177322082221508026123046875
-20.355405582505316175456755445338785648345947265625
-40.3319851004490175228056614287197589874267578125
60.21859121824194716054989839904010295867919921875
-33.69675003769344812099006958305835723876953125
-11.0126858895010553140991760301403701305389404296875
88.359434675199537423395668156445026397705078125
-18.12616506004537342278126743622124195098876953125
45.27038365625759297472541220486164093017578125
-81.944735998425954903723322786390781402587890625
22.838269615060173833853696123696863651275634765625
-30.510097434764450241573285893537104129791259765625
54.68287997690895707592062535695731639862060546875
-20.6214838828678779236724949441850185394287109375
80.91603606081724819887313060462474822998046875
-88.095679554835811586599447764456272125244140625
55.18202827528246956489965668879449367523193359375
-64.109600758295954392451676540076732635498046875
-88.6536732531053957018229993991553783416748046875
10.7553717031520452707127333269454538822174072265625
45.87304826157418347065686248242855072021484375
-2.905773495586389199019095030962489545345306396484375
-28.56462191689815455220013973303139209747314453125
5.6256269516873178559990265057422220706939697265625
87.8828837277428220886577037163078784942626953125
38.02125357958926343826533411629498004913330078125
-6.55768047539078935415091109462082386016845703125
-91.4013699277120252872919081710278987884521484375
-22.24212942494930445036516175605356693267822265625
58.41300907065905079207368544302880764007568359375
-58.81595983778169767219878849573433399200439453125
-63.2733314251596397070898092351853847503662109375
-8.7922331659304031603596740751527249813079833984375
67.7357856669426752205254160799086093902587890625
-54.40729675813330601386041962541639804840087890625
-55.717808016774341695054317824542522430419921875
-19.35745820850190312967242789454758167266845703125
72.8363633453308949583515641279518604278564453125
2.909854589534614621726404948276467621326446533203125
36.59807679612797670642976299859583377838134765625
-66.950627736992913696667528711259365081787109375
85.4982930970088972344456124119460582733154296875
-46.18168330065783067084339563734829425811767578125
52.2922116749391392431789427064359188079833984375
-5.77267311040729591553599675535224378108978271484375
-12.1097472421028857780811449629254639148712158203125
74.3974482015800475664946134202182292938232421875
-2.06596240692108068515153718180954456329345703125
24.19631297850582285491327638737857341766357421875
-80.32521088052936875101295299828052520751953125
20.403481161229525042699606274254620075225830078125
30.90024171905724870157428085803985595703125
-62.19196817377220298794782138429582118988037109375
-31.200623800768966020768857561051845550537109375
81.09790252478848060491145588457584381103515625
61.80442633571018262728102854453027248382568359375
-80.797870185766925033021834678947925567626953125
76.087535940446059612440876662731170654296875
10.688427202144826111407382995821535587310791015625
22.402966958343792924779336317442357540130615234375
34.46115812528757516020050388760864734649658203125
1.438972947023546833378304654615931212902069091796875
56.82477817848386081323042162694036960601806640625
5.65094387303553702395220170728862285614013671875
92.90427885236243810140877030789852142333984375
68.591787785602122085037990473210811614990234375
-8.2863055310510933537671007798053324222564697265625
-75.760311222343915460442076437175273895263671875
75.7964963211061473202789784409105777740478515625
-23.887028315691676283449851325713098049163818359375
-53.55133364155911834814105532132089138031005859375
-71.8183029213830792514272616244852542877197265625
29.579637772623602387511709821410477161407470703125
13.7014549303442638716887813643552362918853759765625
-90.346296635213747094894642941653728485107421875
11.0767945063196027177809810382314026355743408203125
31.1904639391678273341312888078391551971435546875
-10.783026338175385916429149801842868328094482421875
50.22107041203724975275690667331218719482421875
-72.324799274754099087658687494695186614990234375
43.31825432776086159947226406075060367584228515625
32.46280906720682679633682710118591785430908203125
-87.5399118500719595203918288461863994598388671875
40.237125064878483726715785451233386993408203125
16.65339867017525676828881842084228992462158203125
-74.926104817996247220435179769992828369140625
80.370962063744201486770180054008960723876953125
32.4543703941046857153196469880640506744384765625
80.2472925865936730360772344283759593963623046875
84.458460279159595529563375748693943023681640625
-68.5589297736658949133925489149987697601318359375
-59.63652151153626590485146152786910533905029296875
-55.97877052472320968945496133528649806976318359375
-91.5029009699429565216632909141480922698974609375
51.92725787331706754912374890409409999847412109375
36.1418048023472948671042104251682758331298828125
-20.22464725553590625395372626371681690216064453125
-57.448042623290149322201614268124103546142578125
55.90569469064855212536713224835693836212158203125
48.1056102979484165871326695196330547332763671875
19.931030782401609968701450270600616931915283203125
78.787831404209867969257174991071224212646484375
13.2468627460051084909764540498144924640655517578125
24.941693686680309838266111910343170166015625
34.05504054742207387107555405236780643463134765625
-26.61083088147201891615623026154935359954833984375
32.70573438606123772842693142592906951904296875
69.4863417847122519788172212429344654083251953125
-59.37061164714355498972508939914405345916748046875
-64.830305049904808356586727313697338104248046875
15.178360988332432413017158978618681430816650390625
-68.893158299334999128404888324439525604248046875
-54.75722827726649910573542001657187938690185546875
24.791877940241523248232624609954655170440673828125
-49.44160474002928395975686726160347461700439453125
-39.50267001694538748779450543224811553955078125
-65.8586120620977482076341402716934680938720703125
-10.1004844225385586042875729617662727832794189453125
7.58477438246944046795761096291244029998779296875
33.79112147394231868702263454906642436981201171875
8.2500374884826275234672721126116812229156494140625
0.67617649790575062862529875928885303437709808349609375
33.87480339547601460026271524839103221893310546875
-53.72762546544896622435771860182285308837890625
19.505201275165060081917545176111161708831787109375
42.4246008690583238376348163001239299774169921875
-2.155637840196659826830227757454849779605865478515625
35.85869660650056545136976637877523899078369140625
-33.1922247280455167128820903599262237548828125
-22.98897929110797377916242112405598163604736328125
64.26542148183472136224736459553241729736328125
-4.6889097299321189638021678547374904155731201171875
80.647085039420375096597126685082912445068359375
87.612694024228204625615035183727741241455078125
-34.06313529304378562301280908286571502685546875
-18.54462862018743152248134720139205455780029296875
-56.97066196842178698034331318922340869903564453125
-97.752368191322517532171332277357578277587890625
-66.9027473100850471610101521946489810943603515625
61.77065604241339968893953482620418071746826171875
61.9345510480727199364991975016891956329345703125
66.925439631236059767616097815334796905517578125
49.01973227782166731003599124960601329803466796875
-47.94211533690548776576179079711437225341796875
-9.436415419270048232647241093218326568603515625
12.5650009534419684342765322071500122547149658203125
39.94934723926294140028403489850461483001708984375
48.0641600990129376214099465869367122650146484375
-30.298527097101736416107087279669940471649169921875
83.7554754724920513808683608658611774444580078125
-93.1216529576560816394703579135239124298095703125
-57.5049031118537783413557917810976505279541015625
-13.494997770882743992615360184572637081146240234375
-57.05103176471438786165890633128583431243896484375
-25.211641602933159589383649290539324283599853515625
-17.86535807678585996427500504069030284881591796875
77.750720023194645591502194292843341827392578125
0.70416096539834016621028922600089572370052337646484375
-40.59039436297714331658426090143620967864990234375
-8.309382986119171476957490085624158382415771484375
-78.30913900447268360949237830936908721923828125
-76.614918562469966900607687421143054962158203125
-7.8872725501160143579681971459649503231048583984375
-11.7581791302308591440350937773473560810089111328125
-66.990157712430715264417813159525394439697265625
-95.7280077650143397249848931096494197845458984375
61.98079859554251669351288001053035259246826171875
51.83016327626697972164038219489157199859619140625
11.990230518259100023215069086290895938873291015625
-58.01807887033570665380466380156576633453369140625
56.93379943464882586567910038866102695465087890625
78.141904207060093767722719348967075347900390625
78.8375949686292045726077049039304256439208984375
-36.471485668373105681894230656325817108154296875
-59.26641927175349877643384388647973537445068359375
-78.6010594320034812199082807637751102447509765625
-88.3186215416502164998746593482792377471923828125
-41.54145674106059260566325974650681018829345703125
-36.974291185103311363491229712963104248046875
-32.26174356023923195380120887421071529388427734375
81.3233414918920942682234453968703746795654296875
-28.7907180800415716248608077876269817352294921875
-76.692578222467773230164311826229095458984375
-44.23919154595176195243766414932906627655029296875
-49.79006567806612792992382310330867767333984375
3.8107671289576519058073245105333626270294189453125
-68.8412449518881572885220521129667758941650390625
75.3366536039734313590088277123868465423583984375
66.544776785226559923103195615112781524658203125
-67.8593322265440264118296909146010875701904296875
78.7336180735813826458979747258126735687255859375
32.84747503169776194908990873955190181732177734375
91.473282219528556424847920425236225128173828125
-42.4904100639465553967966116033494472503662109375
-35.7736037253080638720348360948264598846435546875
27.91062492297606922875274904072284698486328125
53.35705591383810286743027972988784313201904296875
-21.05301112503635607708929455839097499847412109375
-67.281345179544445045394240878522396087646484375
-2.756873855804482520426290648174472153186798095703125
-50.07468809307846413503284566104412078857421875
35.26682956343796604414819739758968353271484375
3.604729931385217245320973233901895582675933837890625
-32.01748288214042759136646054685115814208984375
-89.55270084225497839724994264543056488037109375
-75.3659479891469317180963116697967052459716796875
-55.606195260404689406641409732401371002197265625
-14.5102478523447100400289855315349996089935302734375
51.7738755269881636422724113799631595611572265625
-3.84247133910967253456192338489927351474761962890625
99.8663293827618190334760583937168121337890625
70.620780235404396307785646058619022369384765625
61.2708205062314021915881312452256679534912109375
-30.93057324707732647084412747062742710113525390625
32.0512212738285171553798136301338672637939453125
-19.45081522590138689565719687379896640777587890625
-23.484536587864994316987576894462108612060546875
48.257297187689033535207272507250308990478515625
61.66163681808593111099980887956917285919189453125
66.8335939512840155884987325407564640045166015625
-7.8737968656677832512968961964361369609832763671875
-22.28469864790901056039729155600070953369140625
-55.67520293818126475571261835284531116485595703125
27.47848935090490130050966399721801280975341796875
-81.24362238196289354164036922156810760498046875
45.44010074520590336533132358454167842864990234375
74.5400532537494910911846091039478778839111328125
-22.412596022434943421330899582244455814361572265625
-78.5831096879128381260670721530914306640625
70.964715066965112555408268235623836517333984375
45.25237417743602463815477676689624786376953125
57.72425923705913675121337291784584522247314453125
-32.0497537805603514016183908097445964813232421875
-83.615367276158195863899891264736652374267578125
-30.8702511365509764118542079813778400421142578125
24.34926666845620246704129385761916637420654296875
-14.9148533196596897454355712397955358028411865234375
-38.77753210072695111421126057393848896026611328125
73.1157239701468739667689078487455844879150390625
55.30959557217982336396744358353316783905029296875
1.003357794107819334072928540990687906742095947265625
74.8247068532021017972510890103876590728759765625
16.332251559263259110821309150196611881256103515625
51.11978743209183306817067204974591732025146484375
95.3942325008530218610758311115205287933349609375
80.8751579131748172812876873649656772613525390625
-23.489750861979597829076737980358302593231201171875
-8.542979718126449739656891324557363986968994140625
11.61232917109354190188241773284971714019775390625
89.8320521141487944305481505580246448516845703125
37.065249472218482651442172937095165252685546875
-29.195627095659499872226660954765975475311279296875
82.4107705627110220802933326922357082366943359375
-20.222189273598676351184622035361826419830322265625
28.80255165034702002913036267273128032684326171875
-54.65684759196614805887293186970055103302001953125
58.32135766213171024219263927079737186431884765625
-28.184982331566349245122182765044271945953369140625
10.37085263815843205748024047352373600006103515625
56.49661496983588904186035506427288055419921875
13.3351501343670957311360325547866523265838623046875
4.4848277760035220040890635573305189609527587890625
20.59848963803396060257000499404966831207275390625
4.9039263927417078292592123034410178661346435546875
-42.386107157049906390966498292982578277587890625
-3.01683706144681451633005053736269474029541015625
9.5406521954800354023973341099917888641357421875
70.7329091268716325657806009985506534576416015625
62.7205911664537012484288425184786319732666015625
80.284229543113809768328792415559291839599609375
82.7592934444223402579154935665428638458251953125
-43.7097367488015464687123312614858150482177734375
85.1576848650266384765927796252071857452392578125
16.95936568227043750312077463604509830474853515625
-27.435294642480851479149350780062377452850341796875
98.0929716746917819136797334067523479461669921875
61.52180529000330722055878140963613986968994140625
10.4335427493169330404043648741208016872406005859375
19.5835460556482274796508136205375194549560546875
22.55139421946996236556515214033424854278564453125
36.207831810141698269944754429161548614501953125
59.03656554939886547117566806264221668243408203125
26.59975880277580273514104192145168781280517578125
-93.218098655952047693062922917306423187255859375
-53.466434171679566134116612374782562255859375
-12.2933979773473804897321315365843474864959716796875
-99.56736297171465821520541794598102569580078125
37.02631956384603739707017666660249233245849609375
0.292311262692730000622987063252367079257965087890625
-9.4119580999024794465412924182601273059844970703125
57.5782205691196082852911786176264286041259765625
-7.59422513596071357966366122127510607242584228515625
73.3404853628340873683555400930345058441162109375
-69.511629253828090213573887012898921966552734375
64.984238584829967066980316303670406341552734375
-52.92486615418609829930574051104485988616943359375
54.44832180352040751358799752779304981231689453125
47.7039995526969988759447005577385425567626953125
31.1376555786008424320243648253381252288818359375
46.80660916951524797013917122967541217803955078125
65.752018408047462116883252747356891632080078125
44.46800176380848057533512474037706851959228515625
36.33934191485855791370340739376842975616455078125
18.67248869069691608046923647634685039520263671875
-30.32767363690962980626864009536802768707275390625
1.436347823058592876321881703916005790233612060546875
63.8950559011638006268185563385486602783203125
38.2862196295253625066834501922130584716796875
-17.639663212755468890691190608777105808258056640625
-56.36626652602851805795580730773508548736572265625
66.7122808761278776046310667879879474639892578125
-17.79529470994882700551897869445383548736572265625
-59.9505362706150748408617801032960414886474609375
-51.18727200582956271546208881773054599761962890625
33.9611317817833651133696548640727996826171875
-68.2756862494362195548092131502926349639892578125
-83.0891571692617389999213628470897674560546875
-8.5721296362802572588179828017018735408782958984375
74.901517720992018212200491689145565032958984375
-68.5295809872959154063210007734596729278564453125
-5.56372597576571781274878958356566727161407470703125
-90.8374395202261695203560520894825458526611328125
-21.278118660515989546411219635047018527984619140625
-15.9593282775429141651102327159605920314788818359375
79.034499173326594245736487209796905517578125
-69.2368365410907671275708707980811595916748046875
9.5527080874271934618491286528296768665313720703125
12.1440937640842872013990927371196448802947998046875
-9.7557815736218405078261639573611319065093994140625
40.47108587891441544570625410415232181549072265625
-58.1450247134925319869580562226474285125732421875
31.923500112322255262142789433710277080535888671875
-8.503613031785004494622626225464046001434326171875
-54.39456264615423464192645042203366756439208984375
66.5068314826092574776339461095631122589111328125
52.9495199480858360630008974112570285797119140625
-97.9096351018886679185015964321792125701904296875
63.936594629680229218138265423476696014404296875
39.2343913514331603664686554111540317535400390625
-77.920066274704907982595614157617092132568359375
27.48943577357427869856110191904008388519287109375
-33.21942171031805202119358000345528125762939453125
-41.42702723284534016556790447793900966644287109375
43.41006063700860551080040750093758106231689453125
10.8511289360350016153233809745870530605316162109375
8.3227358109581484058026035199873149394989013671875
-46.05532080537454220348081435076892375946044921875
-72.5842434350814897925374680198729038238525390625
36.68973650248778284321815590374171733856201171875
72.942966601464974019108922220766544342041015625
-51.8531239552020934979736921377480030059814453125
-60.1024367565876076469066902063786983489990234375
47.55435551932122706375594134442508220672607421875
43.29657047618314891224144957959651947021484375
-24.8720258138358616406549117527902126312255859375
-3.9366917720236198618977141450159251689910888671875
-58.97477649800564591942020342685282230377197265625
-1.2382334303620334825524196276091970503330230712890625
69.1636091345289969467557966709136962890625
-17.000118957005643238744596601463854312896728515625
38.139693276754854878163314424455165863037109375
48.6894792371868021518821478821337223052978515625
42.97490556597697519691791967488825321197509765625
59.285209435813698064521304331719875335693359375
72.64494707213424362635123543441295623779296875
9.83585558228363510124836466275155544281005859375
97.55388653583753466591588221490383148193359375
36.11198355312465224642437533475458621978759765625
-77.8606753215815245994235738180577754974365234375
86.04370671775171786066493950784206390380859375
10.3551932047089838562214936246164143085479736328125
71.9811315953608499285110156051814556121826171875
-38.239389724380970392303424887359142303466796875
-0.137553874387621510866352991797612048685550689697265625
-35.41439297554172327409105491824448108673095703125
-80.3141156653751551175446365959942340850830078125
-17.09534671397485539046101621352136135101318359375
-32.83241274043319180009348201565444469451904296875
14.45874605219807307321389089338481426239013671875
22.713657051085004212609419482760131359100341796875
31.25687140585690571015220484696328639984130859375
91.85700654660644204341224394738674163818359375
14.42023250199276418470617500133812427520751953125
-92.659430964614756476294132880866527557373046875
72.7769802981792963691987097263336181640625
-41.74055201589492725133823114447295665740966796875
-28.800624711378986830823123455047607421875
15.927832393416945677699914085678756237030029296875
-95.5077369629081687207872164435684680938720703125
-99.35206554094332886961637996137142181396484375
47.7106286034812541174687794409692287445068359375
-76.6115035193920590472771436907351016998291015625
43.24491160540595302563815494067966938018798828125
-59.18771846523321755739743821322917938232421875
23.40435006375542315026905271224677562713623046875
-16.03723934174360010729287751019001007080078125
30.584137325514898719802658888511359691619873046875
-47.3233304257820606153472908772528171539306640625
-36.1965466589248450191007577814161777496337890625
-85.420578487277481372075271792709827423095703125
64.372081638774631073829368688166141510009765625
-74.9330495953164472666685469448566436767578125
12.2793569766869428150357634876854717731475830078125
94.0922018028227427066667587496340274810791015625
-10.946691198060239713640839909203350543975830078125
-63.5515866278937409106220002286136150360107421875
-99.4650582161605285591576830483973026275634765625
-40.80040266887989020005989004857838153839111328125
-60.90774517908249663378228433430194854736328125
-5.8123121302486548955812395433895289897918701171875
-2.2733147177411208161856848164461553096771240234375
-21.9750854315010002437702496536076068878173828125
-0.231236340034247145336365747425588779151439666748046875
93.58041582862500717965303920209407806396484375
13.8295507054474331454230195959098637104034423828125
-9.748867970839942387328846962191164493560791015625
-25.86275966542041970797072281129658222198486328125
7.2610484206195149425866475212387740612030029296875
32.07729948390861096640946925617754459381103515625
-19.55864868859845984161438536830246448516845703125
29.091007201291130712661470170132815837860107421875
-90.9590263836334855795939802192151546478271484375
-80.4508015004896179789284360595047473907470703125
89.312074571777969822505838237702846527099609375
8.6923218453736144084587067482061684131622314453125
32.04569776287183913154876790940761566162109375
-27.010727818432062719011810258962213993072509765625
-51.470829686462280960768111981451511383056640625
-16.2692716540139628023098339326679706573486328125
32.9600661787878692621234222315251827239990234375
13.39835974122200923375203274190425872802734375
89.4343930923191834381213993765413761138916015625
8.024904809941521222071969532407820224761962890625
-78.4444385512122011050450964830815792083740234375
13.825000463714868459419449209235608577728271484375
57.541167136113045899037388153374195098876953125
55.50571731240778916571798617951571941375732421875
-5.52319293638635944176940029137767851352691650390625
51.27910335871962388409883715212345123291015625
63.22263900477000930777649045921862125396728515625
63.44865209655588245141188963316380977630615234375
-61.7864639543090419238069443963468074798583984375
-11.565165687827228424566783360205590724945068359375
12.266458674126621275490833795629441738128662109375
-84.7524091947581013073431677184998989105224609375
-69.3013258375553533596757915802299976348876953125
-30.07700732758049610993111855350434780120849609375
-23.57270261774727515557970036752521991729736328125
37.9831311793861203796041081659495830535888671875
-9.0316797374972423995131975971162319183349609375
43.784526939088522112797363661229610443115234375
17.834752020841388997496324009262025356292724609375
-34.23963996434317635930710821412503719329833984375
-38.18819903249453773241839371621608734130859375
13.8550570920114441975101726711727678775787353515625
15.8828222666543954488815870718099176883697509765625
52.51434387877599618832391570322215557098388671875
-58.46199299932095527765341103076934814453125
9.465680657022023325453119468875229358673095703125
97.0569058532244497428109752945601940155029296875
57.84327853559153709284146316349506378173828125
77.4927354497177276471120421774685382843017578125
-76.371235199417554895262583158910274505615234375
9.31774822383220424626415478996932506561279296875
88.8046524420554987955256365239620208740234375
86.0323697612447659821555134840309619903564453125
-57.61570175827015560798827209509909152984619140625
-24.5155897423795750000863336026668548583984375
38.1335112027513929433553130365908145904541015625
-96.0195971390219682461975025944411754608154296875
15.2724195035004388643073980347253382205963134765625
-90.103646124000448480728664435446262359619140625
-55.87201387587683854007991612888872623443603515625
76.2738214441359190232105902396142482757568359375
26.55442086236659093856360414065420627593994140625
73.4899715556721986331467633135616779327392578125
2.142912135144662943986304526333697140216827392578125
17.36229296507571717711471137590706348419189453125
-4.587877390894743001581446151249110698699951171875
12.7111321795703116066533766570501029491424560546875
-67.6729092544435530953705892898142337799072265625
-99.8340354941036451918989769183099269866943359375
88.472347849141357301050447858870029449462890625
-11.186882224737249913459891104139387607574462890625
-13.3786262678358962574520774069242179393768310546875
-2.635141073041602499671398618374951183795928955078125
-1.2507225090147644497307055644341744482517242431640625
-50.59429289814567454186544637195765972137451171875
-57.80118504399377599156650830991566181182861328125
-61.368897781560036719383788295090198516845703125
33.03055395923774284483442897908389568328857421875
-98.7632120240806870015148888342082500457763671875
-38.80752711428886669864368741400539875030517578125
-7.12815786624603209276074267108924686908721923828125
29.0415596937088054119158186949789524078369140625
19.89100599049144335594974108971655368804931640625
-92.6611220399788493296000524424016475677490234375
36.7804809853161032151547260582447052001953125
-59.7088518772751370988771668635308742523193359375
53.3124990508106151310130371712148189544677734375
-44.92181580342700186747606494463980197906494140625
32.9997846896022934970460482873022556304931640625
86.1500766708200131915873498655855655670166015625
-89.9455582063590810548703302629292011260986328125
-11.854339734392564054132890305481851100921630859375
-51.77434326392762642399247852154076099395751953125
-93.904514192780396797388675622642040252685546875
-14.5886076482895941097694958443753421306610107421875
38.0589595634705375459816423244774341583251953125
-3.1941526866461789069262522389180958271026611328125
-53.11941134522266594331085798330605030059814453125
-26.633743385652802970753327826969325542449951171875
42.67282322595411869770032353699207305908203125
15.587556784400884879460136289708316326141357421875
-83.1276388867449753661276190541684627532958984375
-55.229104386784257485487614758312702178955078125
-46.49081130313486909244602429680526256561279296875
-83.5220838983903632879446377046406269073486328125
-63.640955606193557514416170306503772735595703125
