3789.0233207567189310793764889240264892578125
369.06927294486735036116442643105983734130859375
0.039260410054104862009882737083898973651230335235595703125
0.4074740058104373563452327289269305765628814697265625
2009844.01009912812151014804840087890625
9.1621311634988700234316638670861721038818359375
168.784694230732355890722828917205333709716796875
0.075134419376392147515986152939149178564548492431640625
219.10183671401335914197261445224285125732421875
1034058498.92733705043792724609375
7.55906195598444430316931175184436142444610595703125
10913.191386307478751405142247676849365234375
1092264.82840577210299670696258544921875
131.758781761979690827502054162323474884033203125
1.6821613539947148918685115859261713922023773193359375
0.1153914269367402045673998145502991974353790283203125
177.333904477296329105229233391582965850830078125
1123.0932415719589698710478842258453369140625
26.95842403489523775306224706582725048065185546875
0.0004710917172040685204324750312565583953983150422573089599609375
