92.9554061127390554020166746340692043304443359375
-43.1657736057759251480092643760144710540771484375
81.23241946492356646558619104325771331787109375
-86.4470692545677366069867275655269622802734375
-47.30930253546053876334553933702409267425537109375
-81.4951922029005260128542431630194187164306640625
-50.6411769621130787299989606253802776336669921875
13.246984976193612482120443019084632396697998046875
31.904859488536214229270626674406230449676513671875
80.8519477534433264054314349777996540069580078125
68.480469919052865179764921776950359344482421875
-1.1208214698399008302232005007681436836719512939453125
20.753292222032104774598337826319038867950439453125
-39.15573142888984392584461602382361888885498046875
58.13155599629467218392164795659482479095458984375
-45.8298284987624668929129256866872310638427734375
3.90143448037792239802001859061419963836669921875
87.0344700258885524135621380992233753204345703125
11.0340076969211171586948694312013685703277587890625
-58.03340287834328847793585737235844135284423828125
79.83403169004094479532795958220958709716796875
-83.5280793021628511496601277031004428863525390625
-61.84729553329675155737277236767113208770751953125
71.5238134913883101262399577535688877105712890625
39.9371025088038322792272083461284637451171875
72.416569628117173351711244322359561920166015625
-5.4895576441410174339807781507261097431182861328125
-30.146271750648480747258872725069522857666015625
17.8541914279992255387696786783635616302490234375
-17.019786682992389614810235798358917236328125
14.163616826354729738568494212813675403594970703125
31.084400046555497709732662769965827465057373046875
-30.462917350619395762123531312681734561920166015625
-34.5993012984375809537596069276332855224609375
27.35165788527897490212126285769045352935791015625
7.59240803903588723500206469907425343990325927734375
77.8621616053901419718386023305356502532958984375
64.207651643378454764388152398169040679931640625
-18.575826846843010997645251336507499217987060546875
-91.3025667130029461304729920811951160430908203125
-73.777442318964716605478315614163875579833984375
93.297559413485686263811658136546611785888671875
-31.730889390402840177785037667490541934967041015625
-76.5348702391372484044040902517735958099365234375
-65.592646773603433985044830478727817535400390625
-77.599991454448712602243176661431789398193359375
-12.450815739906023082994579453952610492706298828125
38.32053360605656422421816387213766574859619140625
-52.6047680211306527553460909985005855560302734375
-7.64304450630562381974186791921965777873992919921875
-79.75192650507409553028992377221584320068359375
-61.86662631838633075176403508521616458892822265625
-49.652708916399404870389844290912151336669921875
37.301027943030618416742072440683841705322265625
-73.1679008174351253046552301384508609771728515625
-14.6338030014033595449518543318845331668853759765625
88.52266810772567851017811335623264312744140625
74.3075444083026610542219714261591434478759765625
2.568070485150147685970978272962383925914764404296875
31.90939775841792425126186572015285491943359375
71.0118811618112459882468101568520069122314453125
-81.805704846415920883373473770916461944580078125
-35.18650450928822692731046117842197418212890625
7.01555995610594340661236856249161064624786376953125
68.3219457851393627834113431163132190704345703125
19.13608625291987408445493201725184917449951171875
16.0140366077752247520038508810102939605712890625
-7.8853482802938312801188658340834081172943115234375
-11.687243766313965664949137135408818721771240234375
-6.414708365193437344942140043713152408599853515625
-7.70280730351686226953233926906250417232513427734375
68.8271091128955276872147805988788604736328125
83.824550914928494194100494496524333953857421875
-40.35698609809941217463347129523754119873046875
-15.7614728110022799256739745032973587512969970703125
11.4388426471111284143944430979900062084197998046875
43.15897849996340340794631629250943660736083984375
33.099650759102274832912371493875980377197265625
5.92991920870525124342975686886347830295562744140625
-23.606386541947859569745560293085873126983642578125
-29.46455763990267229246455826796591281890869140625
-45.01153107096069305725904996506869792938232421875
14.6229094144694844459309024387039244174957275390625
8.663548438712471266853754059411585330963134765625
-5.19494338305342662209795889793895184993743896484375
19.916596419857825139843043871223926544189453125
-70.9675371298218351512332446873188018798828125
-64.508388960471251039052731357514858245849609375
68.4338948716955854933985392563045024871826171875
93.851406194654401815569144673645496368408203125
26.857933853129186019259577733464539051055908203125
69.1444505941277185456783627159893512725830078125
42.085753949676558249848312698304653167724609375
-15.399567300823601811998742050491273403167724609375
19.732530018164396778956870548427104949951171875
-82.4658146782306715749655268155038356781005859375
58.80235563938222043134373961947858333587646484375
37.40236357231884056773196789436042308807373046875
96.750103430729808451360440813004970550537109375
-100.611865256511379129733541049063205718994140625
-77.4975104122589897315265261568129062652587890625
-32.12843729709835116636895691044628620147705078125
-66.525907743336262001321301795542240142822265625
50.8074516861760656638580258004367351531982421875
47.97987319751621981822609086520969867706298828125
-92.5365977281867486681221635080873966217041015625
16.82241884966978062720954767428338527679443359375
-2.937959802613417270578111128997988998889923095703125
98.9503132957596420737900189124047756195068359375
-31.282220067539611818574485369026660919189453125
82.28353073654216132126748561859130859375
57.22094874276852038974539027549326419830322265625
33.79827487328367396912653930485248565673828125
-3.1490376708814213913001367473043501377105712890625
-58.95545014559798602249429677613079547882080078125
42.16228972110425132768796174786984920501708984375
-8.3801255370752496531849828897975385189056396484375
17.939636578045732306918580434285104274749755859375
68.8342427112108481424002093262970447540283203125
23.524886317458509665812016464769840240478515625
-52.677710166133095981422229669988155364990234375
69.8240062590645038653747178614139556884765625
41.3922955038735125299353967420756816864013671875
49.49716519242002732426044531166553497314453125
-6.112507160946421436165110208094120025634765625
18.762993067380161704704732983373105525970458984375
-91.6387701793467357447298127226531505584716796875
52.8549723536858806482996442355215549468994140625
17.459574375752278996287714107893407344818115234375
-56.790518209988164244350627996027469635009765625
73.80276425525590866527636535465717315673828125
62.77946120260649109923178912140429019927978515625
-41.00613850609761357191018760204315185546875
65.5056970980588317843285039998590946197509765625
-33.01961758618261200126653420738875865936279296875
66.1813702830219625639074365608394145965576171875
93.49390587870476565512944944202899932861328125
-4.7068656887687705392409043270163238048553466796875
-19.853478394545160057305110967718064785003662109375
22.2545407357724371877338853664696216583251953125
67.8924529368587883482177858240902423858642578125
-61.81166958644472941841740976087749004364013671875
32.91754479136292133034658036194741725921630859375
-85.8836620471895599848721758462488651275634765625
19.746319086602976966560163418762385845184326171875
98.444819852704796403486398048698902130126953125
94.26606415287159279614570550620555877685546875
68.896699485956418129717349074780941009521484375
-19.4427320901053235502331517636775970458984375
-97.860639040677455113836913369596004486083984375
-33.6971181157828567620526882819831371307373046875
57.7934640183247125833077006973326206207275390625
-89.21444670228862605654285289347171783447265625
-12.08699081928609331271218252368271350860595703125
59.69203523523361099023532005958259105682373046875
-20.217850400572984881364391185343265533447265625
78.3762443727426187933815526776015758514404296875
-35.92509286037104487832039012573659420013427734375
44.150535723931596976399305276572704315185546875
71.1144530544331843202598975040018558502197265625
71.167670051249075413579703308641910552978515625
-99.9254663865905712327730725519359111785888671875
68.6968439669905563960128347389400005340576171875
-81.5559040148095988342902273871004581451416015625
50.04209907232192477977150701917707920074462890625
1.472249840531948184008115276810713112354278564453125
1.4660527993456755613266295767971314489841461181640625
43.1288268011004305435562855564057826995849609375
-58.746902683397507871632114984095096588134765625
47.740958645891936384941800497472286224365234375
-50.85404701301317942352397949434816837310791015625
57.764887205470785147554124705493450164794921875
21.5603336486793324411337380297482013702392578125
-99.3793833524512280064300284720957279205322265625
-0.9203475638520777213358314838842488825321197509765625
-5.45926688298083551131867352523840963840484619140625
-43.56279116588660116349274176172912120819091796875
-93.17910393932243096060119569301605224609375
-0.36624278461358417136040088735171593725681304931640625
5.61151171676229498785914984182454645633697509765625
13.136427256274149755199687206186354160308837890625
-54.97019301753118014630672405473887920379638671875
-12.6259716372260850647535335156135261058807373046875
-9.1068311462179334370148353627882897853851318359375
-43.79160610605396186656435020267963409423828125
11.4836907682041502454239889630116522312164306640625
2.956148225071655755158417377970181405544281005859375
-7.1554411357714133856688931700773537158966064453125
40.761612695063064393252716399729251861572265625
76.947388567183821805883781053125858306884765625
75.1307717290426495537758455611765384674072265625
-44.31770069964645841764649958349764347076416015625
-82.376563344771824404233484528958797454833984375
-41.25467290251970808867554296739399433135986328125
-37.960447322652072443815995939075946807861328125
13.404944897455283836507078376598656177520751953125
-47.774248958987271862497436814010143280029296875
47.0907792732995176265831105411052703857421875
-22.74957409331840807453772868029773235321044921875
36.35544354392522592434033867903053760528564453125
-45.06091848006138178561741369776427745819091796875
39.1387179309575685692834667861461639404296875
-23.630462533923747514563729055225849151611328125
57.3435037368482909414524328894913196563720703125
-52.869218795671571342609240673482418060302734375
82.576888280570898359655984677374362945556640625
-81.0297293651420886817504651844501495361328125
5.23024374825319871007422989350743591785430908203125
-78.1727676336008272528488305397331714630126953125
-39.8448088605039885123915155418217182159423828125
-69.5596266322313141472477582283318042755126953125
97.987792336733065212683868594467639923095703125
-47.471497183784293838471057824790477752685546875
14.134856449684232160279862000606954097747802734375
66.5210664073708386467842501588165760040283203125
-19.868226029990704972760795499198138713836669921875
49.79417725361684432527908938936889171600341796875
39.09870818732360220337795908562839031219482421875
4.8361427169963864258761532255448400974273681640625
47.4588232444975801627151668071746826171875
-16.91523312105351806167163886129856109619140625
0.412597149308934707523377483084914274513721466064453125
-11.0175512682007905596037744544446468353271484375
-20.791886315945308894015397527255117893218994140625
45.44075767779144570113203371874988079071044921875
-28.380043147299570449604289024136960506439208984375
51.0261997732335288446847698651254177093505859375
98.1685358831625052289382438175380229949951171875
95.7350123823620009488877258263528347015380859375
76.4606658072007832060990040190517902374267578125
-47.98075073053536243605776689946651458740234375
32.88395756311692963436144054867327213287353515625
80.7256426875087669259301037527620792388916015625
45.71310695741461671559591195546090602874755859375
-8.661993081042187014872979489155113697052001953125
-55.81913205154287282994118868373334407806396484375
30.59459462513380145765040651895105838775634765625
21.52858189614155293156727566383779048919677734375
77.3783140395276092249332577921450138092041015625
-0.128520237941918302748689484360511414706707000732421875
-58.4360033633661970497996662743389606475830078125
-83.4757357826647279352982877753674983978271484375
-93.7982588487470110294452751986682415008544921875
71.294044411911045244778506457805633544921875
61.1754947922196521403748192824423313140869140625
-66.181056128160207663313485682010650634765625
32.32095713893844646236175321973860263824462890625
-25.779028613316672391420070198364555835723876953125
-98.899814646429746289868489839136600494384765625
61.24978659795154811718020937405526638031005859375
93.44285467878302142707980237901210784912109375
85.0660023316627444955884129740297794342041015625
-28.173731291067451110166075523011386394500732421875
-11.3700417344587041412751204916276037693023681640625
-26.88447016551669577211214345879852771759033203125
19.353385990567392838102023233659565448760986328125
18.97844112304309049932271591387689113616943359375
-96.0517692662811128911926061846315860748291015625
-22.985768683071132301165562239475548267364501953125
77.8884881430868034613013151101768016815185546875
-7.85339117437713074565408533089794218540191650390625
-40.803327303202394205072778277099132537841796875
32.00051740802274480302003212273120880126953125
-6.33952723610696455835977758397348225116729736328125
-45.957701734964615525314002297818660736083984375
70.7339753725676274598299642093479633331298828125
21.15553636140700888290666625835001468658447265625
28.2374330928481640512472949922084808349609375
49.8138152037535775207288679666817188262939453125
26.919652686678336550585299846716225147247314453125
21.935097799742113267029708367772400379180908203125
-18.777081865346328726218416704796254634857177734375
-61.1863977583013110006504575721919536590576171875
76.3409369174009526659574476070702075958251953125
-63.0790899082430911448682309128344058990478515625
61.1948661043674064785591326653957366943359375
33.89811355671174197823347640223801136016845703125
52.670261641150176501469104550778865814208984375
3.039702262411915878459467421635054051876068115234375
-78.41898086347140406360267661511898040771484375
50.63597269568334269251863588578999042510986328125
45.61943657403843843667345936410129070281982421875
69.5345081478672000230289995670318603515625
-6.8923263059365442728676498518325388431549072265625
24.348858949519350147738805389963090419769287109375
-27.6609209080309454975576954893767833709716796875
-46.88986965164650655424338765442371368408203125
45.7106521129069705011715996079146862030029296875
52.08290646331226270149272750131785869598388671875
-16.858573694225260197754323598928749561309814453125
-78.145951107648983224862604402005672454833984375
-59.71193748945008650252930237911641597747802734375
-58.4505777677615441234593163244426250457763671875
-4.6195790795353044444482293329201638698577880859375
25.408770988179067984447101480327546596527099609375
-57.41341495232571645601638010703027248382568359375
-77.465078110041844183797365985810756683349609375
15.3659927160853921890293349861167371273040771484375
68.4154838559203000158959184773266315460205078125
22.380974901697893386653959169052541255950927734375
-29.16019924180509548250483931042253971099853515625
-23.263178172350759354003457701765000820159912109375
-67.70703407315062349880463443696498870849609375
-5.30235261945515023995767478481866419315338134765625
-58.59445562594485323870685533620417118072509765625
-17.287049885032498508508069789968430995941162109375
62.55215370758885029545126599259674549102783203125
32.89979674041328649991555721499025821685791015625
-11.7661184905372717679483685060404241085052490234375
-45.73103741338460537235732772387564182281494140625
96.2628781317586827981358510442078113555908203125
8.1723450372749883996448261314071714878082275390625
41.34807099675504815650128875859081745147705078125
24.084092564047256956882847589440643787384033203125
-69.9803575137421063345755101181566715240478515625
-4.06814508516037509622265133657492697238922119140625
-17.46918392253842711170364054851233959197998046875
47.874237300233374980962253175675868988037109375
-33.8852065510456128549776622094213962554931640625
-53.58132227766616750841421890072524547576904296875
66.7407871205981706452803337015211582183837890625
33.638966696943242595807532779872417449951171875
19.77339285555940051608558860607445240020751953125
-28.057950955130433356998764793388545513153076171875
-63.0932738950210847406196990050375461578369140625
17.94287569386427350082158227451145648956298828125
35.83297563064575541602607700042426586151123046875
-29.66654370350666880540302372537553310394287109375
18.8781555637043396700391895137727260589599609375
-44.6148639567428659802317270077764987945556640625
-29.660061773682283359221401042304933071136474609375
-40.45476825667248022000421769917011260986328125
-37.009636399739150647292262874543666839599609375
-20.6228593583752655149510246701538562774658203125
45.31637589193798731912465882487595081329345703125
-14.3557184634432957182070822454988956451416015625
6.2518062666473692701174513786099851131439208984375
-41.88477012477353156327808392234146595001220703125
76.46139636496400271425954997539520263671875
29.837607625145761147678058478049933910369873046875
-19.458183330835641555722759221680462360382080078125
-55.2243854236514977174010709859430789947509765625
65.972060084764308385274489410221576690673828125
-62.032862452664886632192065007984638214111328125
-94.1870949250253630680163041688501834869384765625
61.890663842246482317932532168924808502197265625
25.636440940016374412380173453129827976226806640625
-3.080038149455738061277543238247744739055633544921875
29.62579145490085608116714865900576114654541015625
47.17794128555623700549404020421206951141357421875
-40.7231912509507907316219643689692020416259765625
-54.020498171938044151829672046005725860595703125
42.2205428736539687406548182480037212371826171875
-90.4319460120528475499668275006115436553955078125
59.9412659382823420628483290784060955047607421875
95.9179883768486121198293403722345829010009765625
-79.3089473687777370969342882744967937469482421875
-59.57815631267293809969487483613193035125732421875
73.3852219854108369645473430864512920379638671875
47.52441325491918178158812224864959716796875
56.39691276460413149607120431028306484222412109375
-36.626309732575037969581899233162403106689453125
-66.79037248076377863981178961694240570068359375
-42.182230201737496599889709614217281341552734375
93.5506469338623531939447275362908840179443359375
-7.58629728681909920595671792398206889629364013671875
-24.207120142611156410339390276931226253509521484375
86.067648505788980628494755364954471588134765625
-61.82180705798544551043960382230579853057861328125
46.25935294888424920145553187467157840728759765625
60.9581568041266308455305988900363445281982421875
95.43580469084605510943219996988773345947265625
-18.19979499299571301662581390701234340667724609375
6.55755685999277293518616716028191149234771728515625
-23.792071046031292524958189460448920726776123046875
-4.37373366431803578535664200899191200733184814453125
-93.152728099572954079121700488030910491943359375
-74.932213518242491545606753788888454437255859375
43.48949606024510927682058536447584629058837890625
23.97226266504490155284656793810427188873291015625
-67.3606177411751758654645527713000774383544921875
94.779916437035581111558713018894195556640625
-8.677903883060775314106649602763354778289794921875
-64.7360567998255618249459075741469860076904296875
-64.869464666232971694626030512154102325439453125
91.2421627238433075035572983324527740478515625
-73.0264778620772148087780806235969066619873046875
-93.9060935899815234506604610942304134368896484375
53.39192271574412274048881954513490200042724609375
-17.147196979785643833338326658122241497039794921875
85.82833045789385550961014814674854278564453125
70.9894786298021216452980297617614269256591796875
-3.115243115838072451850848665344528853893280029296875
-48.90794680527150006810188642702996730804443359375
9.6541562567570107233905218890868127346038818359375
36.44572662343534830142743885517120361328125
-15.7847425549376385589539495413191616535186767578125
40.41682554404346916498980135656893253326416015625
-63.90161926236343248319826670922338962554931640625
-69.00047773046190968670998699963092803955078125
63.09807886365222628910487401299178600311279296875
-54.41153526146980112798701156862080097198486328125
-12.50903723916187715303749428130686283111572265625
32.67432688632326431843466707505285739898681640625
26.616446322148139103092034929431974887847900390625
-38.270067235362375868135131895542144775390625
35.75058792038402799562391010113060474395751953125
89.064253383353587878445978276431560516357421875
22.798023055438402906247574719600379467010498046875
-4.04110807582526465608907528803683817386627197265625
4.593417521702949812834049225784838199615478515625
57.00252783890989149995220941491425037384033203125
42.807213560459558721049688756465911865234375
53.34998076857301185782489483244717121124267578125
-54.13689270718376889135470264591276645660400390625
-64.339860372215952111218939535319805145263671875
-24.68162084495154573460240499116480350494384765625
49.45246538809127656577402376569807529449462890625
7.34429386180090038038770217099227011203765869140625
0.72675043988064913502711306136916391551494598388671875
-63.576743045294051626115106046199798583984375
79.1587193725475657402057549916207790374755859375
6.5774040016321198010018633794970810413360595703125
-75.3659331014691957761897356249392032623291015625
-57.60671729298690735276977648027241230010986328125
58.12677676093473877472206368111073970794677734375
32.27568271672125632676397799514234066009521484375
38.408125564171172072747140191495418548583984375
-8.9310493689041070553003009990788996219635009765625
65.5038982836694145817091339267790317535400390625
26.25055584583960666122948168776929378509521484375
81.5099728295943322109451401047408580780029296875
79.9077703160882180100088589824736118316650390625
-17.763169793917366945379399112425744533538818359375
60.68195317220342843711478053592145442962646484375
74.978014937513620452591567300260066986083984375
31.818652128303227755168336443603038787841796875
58.86860604336005309278334607370197772979736328125
5.6407612327465255219749451498501002788543701171875
-53.9028042159984437375896959565579891204833984375
-84.3156554239915152493267669342458248138427734375
97.40636798701387988330679945647716522216796875
80.9850470227627141639459296129643917083740234375
67.116234682458213001154945231974124908447265625
34.4902761488055347172121400944888591766357421875
-60.54657727139948519834433682262897491455078125
-57.04485034052682834726510918699204921722412109375
-13.3351404449008867914017173461616039276123046875
-44.791404669251875247937277890741825103759765625
-86.0872124186761311648297123610973358154296875
-31.70005244257136922669815248809754848480224609375
-93.4240272578627894972669309936463832855224609375
-55.8710235439669276047425228171050548553466796875
72.119391421060555558142368681728839874267578125
7.98280344298689126247836611582897603511810302734375
-95.638586396855089333257637917995452880859375
1.0668692702468069999355293475673533976078033447265625
-60.665872545832058904125005938112735748291015625
-84.216438440133941867316025309264659881591796875
31.866041103968068881613362464122474193572998046875
15.90401822324164271549307159148156642913818359375
81.2936666259003146706163533963263034820556640625
-97.357177168865973726497031748294830322265625
-58.2044653909904212696346803568303585052490234375
-96.386333227700475845267646946012973785400390625
77.5691660620681346927085542120039463043212890625
4.02259315432348696361941620125435292720794677734375
54.63402921567267611635543289594352245330810546875
-31.02184952807829176890663802623748779296875
95.613529540865698663765215314924716949462890625
24.211545474259462906729822861962020397186279296875
-4.806270380664951602511791861616075038909912109375
-93.498947405952577582866069860756397247314453125
76.810096333089433073837426491081714630126953125
-17.63650556079358722172401030547916889190673828125
-4.38744106291854141232988695264793932437896728515625
-92.83708893478734580639866180717945098876953125
23.75312347259534107024592231027781963348388671875
81.947008522751957571017555892467498779296875
-46.5129325317600574862808571197092533111572265625
25.677062832329138331033391295932233333587646484375
49.72934367142403289108187891542911529541015625
-30.50907959728573359825531952083110809326171875
-61.624361943617856240962282754480838775634765625
-51.209251931564182314104982651770114898681640625
-72.2897551126566355605973512865602970123291015625
30.42580215199540560888635809533298015594482421875
-82.9076450162265103926984011195600032806396484375
-23.20647744492504216395900584757328033447265625
12.7255917626574284184926000307314097881317138671875
77.621966831541584497244912199676036834716796875
-22.6969402125921675406061694957315921783447265625
84.5403431953871375981179880909621715545654296875
-8.5236128053155226780290831811726093292236328125
-17.119152547293396082750405184924602508544921875
51.11894550848946749965762137435376644134521484375
-57.89123758164530642034151242114603519439697265625
50.8100905392377768521328107453882694244384765625
16.882144325610017432381937396712601184844970703125
-9.849843209943486499469145201146602630615234375
58.2133145624671897166990675032138824462890625
67.606632289256680223843432031571865081787109375
-13.7880507426993847985841057379730045795440673828125
15.59836563540145704109818325378000736236572265625
20.10632197044797209173339069820940494537353515625
71.07458756923080045453389175236225128173828125
-19.853280461829559300213077221997082233428955078125
-15.84636340436048129731716471724212169647216796875
82.9208318907505628203580272383987903594970703125
-38.68727593460156555238427245058119297027587890625
-87.01982789499146520029171369969844818115234375
-87.813004472056746863017906434834003448486328125
-26.80079792751066491973688243888318538665771484375
-53.44452116653913975596879026852548122406005859375
-31.26228877213326740047705243341624736785888671875
31.659985556027692155112163163721561431884765625
65.455268126509139392510405741631984710693359375
54.49331062114983836863757460378110408782958984375
-65.7759015642542408386361785233020782470703125
-21.15523284368288869927710038609802722930908203125
23.557324267692205665980509365908801555633544921875
-64.995954868133338777624885551631450653076171875
-11.2610394632514481116913884761743247509002685546875
30.1757841262601260723386076278984546661376953125
-19.8008573948161910038834321312606334686279296875
-48.52216243630451941726278164424002170562744140625
85.300557492238027634812169708311557769775390625
22.338690127305131483126388047821819782257080078125
-32.329161159761696353598381392657756805419921875
71.1595592480128260604033130221068859100341796875
-53.6597984407088830494103603996336460113525390625
-54.7543349281393290084452019073069095611572265625
-91.7266848814108044507520389743149280548095703125
-58.7247576505272945723845623433589935302734375
28.767980600950256331316268187947571277618408203125
-87.0694966544222808124686707742512226104736328125
55.14584604233068176881715771742165088653564453125
-30.276614623853486563120895880274474620819091796875
81.8304293259365209678435348905622959136962890625
-57.91364837190747749673391808755695819854736328125
-69.447398423649559617842896841466426849365234375
-30.326832883083028491455479525029659271240234375
-0.5430910970946445370799438023823313415050506591796875
16.09850118636634164204224362038075923919677734375
14.6622157693324712823823574581183493137359619140625
-4.65887469655152752778803915134631097316741943359375
17.437767341322409464510201360099017620086669921875
-29.570732943204763643052501720376312732696533203125
-78.7786782821760169781555305235087871551513671875
-42.83245397281203992179143824614584445953369140625
-34.92686900616603651315017486922442913055419921875
-12.21653714920412170386043726466596126556396484375
-68.4022558743251209989466588012874126434326171875
9.360288191597621931805406347848474979400634765625
36.1583308802279503879617550410330295562744140625
-25.6478262905544482919140136800706386566162109375
31.887527349829557721250239410437643527984619140625
-39.449811324125079181612818501889705657958984375
-71.264869351842179412415134720504283905029296875
-17.044604232261871601394886965863406658172607421875
-91.2547812453823183886925107799470424652099609375
-92.94030254945602109728497453033924102783203125
-12.90786777897793768943301984108984470367431640625
17.650641841917806829087567166425287723541259765625
-48.20358788342372946544855949468910694122314453125
26.4791706210825878997638938017189502716064453125
43.25403284403302706095928442664444446563720703125
2.964556439328243531150519629591144621372222900390625
56.679096483664324068740825168788433074951171875
52.07553079291832176522802910767495632171630859375
-0.218649040136061234562703248229809105396270751953125
53.31238220199596611337256035767495632171630859375
-43.70242105224587447764861281029880046844482421875
-84.816020712677442361382418312132358551025390625
-93.1115250620392060909580322913825511932373046875
71.4693471492288381341495551168918609619140625
-5.25973458011860461880360162467695772647857666015625
35.18801148467263573138552601449191570281982421875
29.135250925847156366899071144871413707733154296875
51.0543112769735074607524438761174678802490234375
82.34316615016683726935298182070255279541015625
70.3260141352498777678192709572613239288330078125
-70.6081375971429423543668235652148723602294921875
-96.5514764860598546647452167235314846038818359375
-21.645445417458400783061733818612992763519287109375
-78.46504399709846211408148519694805145263671875
46.03756142217655877857396262697875499725341796875
-57.5228492627107215184878441505134105682373046875
74.59861920883821539973723702132701873779296875
76.9608484047288499141359352506697177886962890625
23.707183688446402669569579302333295345306396484375
-36.38083841015208008684567175805568695068359375
-53.30340536842415843921116902492940425872802734375
73.3743624008793773327852250076830387115478515625
-13.647177715497917915854486636817455291748046875
92.5252264083950421991175971925258636474609375
-22.426026212240333990166618605144321918487548828125
-29.51860418583317624552364577539265155792236328125
97.7690064754270764524335390888154506683349609375
41.1779307905306524162369896657764911651611328125
51.74141358616788011204334907233715057373046875
23.355998078232989456637369585223495960235595703125
92.62554417114506577490828931331634521484375
9.809972210635184097782257595099508762359619140625
12.3565442698797607334881831775419414043426513671875
82.5612136399105764894557069055736064910888671875
-56.114672778202248082379810512065887451171875
82.582125747969286067018401809036731719970703125
-89.4260752250654746831060037948191165924072265625
-32.863888041371950521352118812501430511474609375
-19.675967291221031274517372366972267627716064453125
-87.6325008552192485922205378301441669464111328125
19.620188637997443947824649512767791748046875
98.64297742139615365886129438877105712890625
-86.5560807959086417895377962850034236907958984375
-4.181568123529974201346703921444714069366455078125
71.59234106022501009647385217249393463134765625
-94.086169677823448864728561602532863616943359375
13.152739498641292215097564621828496456146240234375
-61.4329439865076807336663478054106235504150390625
-34.88835824008668851092807017266750335693359375
11.2096014950631204243336469517089426517486572265625
-45.00289313823177650419893325306475162506103515625
-97.3099209578704318346353829838335514068603515625
57.43218381426985530424644821323454380035400390625
76.8529931382235673709146794863045215606689453125
-4.52130100664823952882898083771578967571258544921875
30.83085168629133221429583500139415264129638671875
-5.13057387889118832191570618306286633014678955078125
24.390354271642198824565639370121061801910400390625
8.0566145808671283390367534593679010868072509765625
-44.82026340330394731381602468900382518768310546875
29.394502538212829989561214460991322994232177734375
4.41920450734537251236133670317940413951873779296875
-26.904793739984167899592648609541356563568115234375
-56.64398105778246872432646341621875762939453125
-42.2384619624902342138739186339080333709716796875
2.519618094663790497378386135096661746501922607421875
38.10932396725203119558500475250184535980224609375
3.88337845288379757135999170714057981967926025390625
3.4443839998314071948470882489345967769622802734375
-89.7521799203985750637002638541162014007568359375
-48.6312156346433397402506670914590358734130859375
67.569659340256976065575145184993743896484375
-78.0372693306382672062682104296982288360595703125
97.0428061731342239681907813064754009246826171875
69.251241062066156928267446346580982208251953125
-22.6423765133588545950260595418512821197509765625
-80.3130368835658288162449025548994541168212890625
19.6451658815067418117905617691576480865478515625
10.229927721860036626821965910494327545166015625
12.70418599402776038687079562805593013763427734375
19.16114998467940466753134387545287609100341796875
93.2387525812166728655938641168177127838134765625
4.34977413933483614272290651570074260234832763671875
42.91738866963977017121578683145344257354736328125
-71.6517291556986180012245313264429569244384765625
-93.465771275027492492881719954311847686767578125
-71.999979998797044800085132010281085968017578125
-1.03034897861322694012642386951483786106109619140625
-23.785977191458840707127819769084453582763671875
-66.3466732636589995308895595371723175048828125
-95.7945620070560011072302586399018764495849609375
63.4943168421934416301155579276382923126220703125
-38.2692857575177498574703349731862545013427734375
-100.4794496697090693260179250501096248626708984375
-22.696466835365765035703589092008769512176513671875
10.2025350914325390050407804665155708789825439453125
20.846885527157237305573289631865918636322021484375
-71.2108013886024622252080007456243038177490234375
-77.417054420227856326164328493177890777587890625
-65.3708208120056752932214294560253620147705078125
65.8036917734788886491514858789741992950439453125
49.40719965121586909617690253071486949920654296875
-43.81008643384797096587135456502437591552734375
50.000159159807736841685255058109760284423828125
-8.594006604968484452911070547997951507568359375
30.577419813438812212780248955823481082916259765625
53.97793457878353962087203399278223514556884765625
95.46586201743178889955743215978145599365234375
59.638025331523891736651421524584293365478515625
52.74623200970967928924437728710472583770751953125
10.46917921380580906998147838748991489410400390625
-37.48932922154877900311475968919694423675537109375
-49.37033399049533954894286580383777618408203125
13.8307005918417207368520394084043800830841064453125
27.1068486419635661377469659782946109771728515625
-49.3486394842601185928288032300770282745361328125
-56.7051405268697550354772829450666904449462890625
-19.55005393091005316819064319133758544921875
-15.92787582757019748669335967861115932464599609375
34.54915377258409847627262934111058712005615234375
-37.720717952689909679975244216620922088623046875
-40.01166440591424589001690037548542022705078125
15.483256386823217809478592243976891040802001953125
11.0979300459537153500377826276235282421112060546875
-95.305921093837611124399700202047824859619140625
28.08599984231631196962553076446056365966796875
-95.540461977385575664811767637729644775390625
56.438647811140299381804652512073516845703125
14.7903569442288524982132003060542047023773193359375
75.172422425119066247134469449520111083984375
-63.6564297044420044358048471622169017791748046875
22.9821632579749035585336969234049320220947265625
-20.668949116473722682485458790324628353118896484375
77.9987364089765833341516554355621337890625
29.525718474004264635368599556386470794677734375
93.202065615445548019124544225633144378662109375
88.891138631076131559893838129937648773193359375
97.9599171077436636778656975366175174713134765625
-2.06430409907476519748570353840477764606475830078125
-59.13150759696947744714634609408676624298095703125
42.1000005986259822066131164319813251495361328125
87.914761715850346490697120316326618194580078125
-48.74699500042476785210965317673981189727783203125
13.8490547007718678429455394507385790348052978515625
-7.81431694877382820862976586795412003993988037109375
70.090213608489221996933338232338428497314453125
50.44782275785951952684627030976116657257080078125
-60.72905827980381587849478819407522678375244140625
-39.64050910696534657517986488528549671173095703125
-29.47089104956919669575654552318155765533447265625
29.008859815485354971542619750835001468658447265625
-10.8729595379413268574353423900902271270751953125
0.7871058280322935640782588961883448064327239990234375
-37.1810585738464141059012035839259624481201171875
-70.793318203832001245245919562876224517822265625
-17.1432432669603684871617588214576244354248046875
14.17714229175019369222354725934565067291259765625
92.47760706501748018126818351447582244873046875
-70.9082533598485014181278529576957225799560546875
-69.7585520661447304746616282500326633453369140625
54.1620110481597549778598477132618427276611328125
14.3482853825497809197031529038213193416595458984375
-81.590202296935132153521408326923847198486328125
-27.820076800361587032739407732151448726654052734375
-62.955424008370783894861233420670032501220703125
-36.7582645293149568033186369575560092926025390625
67.2512986810466344422820839099586009979248046875
-12.192360821538432702482168679125607013702392578125
-79.1256840123124192132308962754905223846435546875
-35.827592822708339781456743367016315460205078125
84.118820091838898633795906789600849151611328125
78.32598640574718729112646542489528656005859375
75.4779949855106906397850252687931060791015625
-35.969529890169980035352637059986591339111328125
-15.402980021843685420890324166975915431976318359375
29.764723734674358723850673413835465908050537109375
48.4230790922360796457724063657224178314208984375
13.9350185065100493631007338990457355976104736328125
94.3730413913940680004088790155947208404541015625
79.9360462702685623526122071780264377593994140625
57.702739363758638546642032451927661895751953125
15.4213777485101655173593826475553214550018310546875
45.81467060748847330842181690968573093414306640625
25.1822928286484994941929471679031848907470703125
45.315018758888953698260593228042125701904296875
-32.43361493008618623434813343919813632965087890625
32.3875348469604062984217307530343532562255859375
-86.763103381174715877932612784206867218017578125
72.30707937746711877480265684425830841064453125
15.2771991769074446665399591438472270965576171875
14.271201104654071656341329799033701419830322265625
-14.923254892750112077237645280547440052032470703125
56.570136432994189590317546389997005462646484375
-98.250011109444727708250866271555423736572265625
8.5939086445507815170685717021115124225616455078125
6.906205754944036101505844271741807460784912109375
20.57357257777672288057146943174302577972412109375
4.8263797284855609603937409701757133007049560546875
25.887691343996070969524225802160799503326416015625
-87.0871623909097394289346993900835514068603515625
-89.66425914119139406466274522244930267333984375
91.444792678247978301442344672977924346923828125
-48.58884875388496737969035166315734386444091796875
-23.80218899120274045344558544456958770751953125
-15.353066111880647071075145504437386989593505859375
51.86038931020227238377628964371979236602783203125
93.8354924119933997417319915257394313812255859375
-73.1807362074852107980404980480670928955078125
-76.16690390914345698547549545764923095703125
74.5494310493262588579455041326582431793212890625
85.7317516139485320536550716497004032135009765625
-14.2149741957715907147985490155406296253204345703125
6.36662419002027757386485973256640136241912841796875
78.6068561244564989465288817882537841796875
62.48932279593778815751647925935685634613037109375
-79.0115860071154685329020139761269092559814453125
36.8850007096344825185951776802539825439453125
19.9386179270200756263875518925487995147705078125
67.7822881044253193749682395718991756439208984375
-27.6667789324229289604772930033504962921142578125
-47.473583363890128339335205964744091033935546875
95.504314257514494101997115649282932281494140625
-83.03642259481557630351744592189788818359375
-28.57711591173886489514188724569976329803466796875
-65.645058354949100021258345805108547210693359375
-32.47892061453493539602277451194822788238525390625
-4.4643736577257921993577838293276727199554443359375
7.890087148796482097168336622416973114013671875
66.8301409632326368637222913093864917755126953125
-61.28254270066693010221570148132741451263427734375
39.76212820807304382242364226840436458587646484375
-6.4515355344076485977211632416583597660064697265625
-9.190755992593810930202380404807627201080322265625
67.3494663670318232107092626392841339111328125
-58.1347315632805958784956601448357105255126953125
56.3898627301515489307348616421222686767578125
-87.759895238861105326577671803534030914306640625
7.522349228611982852044093306176364421844482421875
-44.65268499922677847280283458530902862548828125
91.158334415261236927108257077634334564208984375
0.042973441236867991610548500602817512117326259613037109375
-11.3777682990727111445039554382674396038055419921875
-98.929574266975350838038139045238494873046875
72.9948680617180372109942254610359668731689453125
-25.30159564168987884613670757971704006195068359375
-95.1651788026207867687844554893672466278076171875
15.2980499712573330128861925913952291011810302734375
-15.7556514598029888674091125722043216228485107421875
-13.3707466911312362611852222471497952938079833984375
30.998005579670685705195865011774003505706787109375
-12.6729899429622268058892586850561201572418212890625
7.31764822217539201432146001025103032588958740234375
63.662989238643064027201035059988498687744140625
-50.6421842115358913360978476703166961669921875
71.4315881402029475566450855694711208343505859375
-83.596115597138947350686066783964633941650390625
-80.4224310847717589467720245011150836944580078125
-8.9710745672919944837531147641129791736602783203125
52.3252898477324066561777726747095584869384765625
-75.798773411930824295268394052982330322265625
79.27261144843913598379003815352916717529296875
52.67987153430103575146858929656445980072021484375
-26.381476473037167806978686712682247161865234375
-1.0574079920011920652456183233880437910556793212890625
45.545698688316491598016000352799892425537109375
-18.88454261194207361995722749270498752593994140625
-87.8729551648599027657837723381817340850830078125
-25.358305247282288519272697158157825469970703125
29.95314913883208163269955548457801342010498046875
-49.6790350467916113075261819176375865936279296875
-41.49550756486419089696937589906156063079833984375
-35.83213178096649897952374885790050029754638671875
-77.7049695095847710035741329193115234375
62.33017734657395436670412891544401645660400390625
19.725603897057990110397440730594098567962646484375
12.843395426515282764512448920868337154388427734375
-97.99080514379619444298441521823406219482421875
-42.000540237467674842264386825263500213623046875
45.994274392731085754348896443843841552734375
69.18288471127203820287832058966159820556640625
-75.769836997087082863799878396093845367431640625
-54.51356221144708769088538247160613536834716796875
-28.947529895948431288843494257889688014984130859375
-18.2244949392198805071529932320117950439453125
23.00523247283701522292176377959549427032470703125
15.0059470298406409938252181746065616607666015625
-68.3602004735160022619311348535120487213134765625
-66.275500797386229123731027357280254364013671875
-73.7282360408982668786848080344498157501220703125
24.688487854257207487762570963241159915924072265625
82.094206223791303500547655858099460601806640625
20.8683165835138169086349080316722393035888671875
25.473577205797521827435048180632293224334716796875
29.396494907927785078527449513785541057586669921875
-28.728894649804676220128385466523468494415283203125
6.659953122999564101291980477981269359588623046875
85.35037062536713392546516843140125274658203125
-6.7267124001224516405272879637777805328369140625
70.6610636514253513951189233921468257904052734375
40.256089176019258957239799201488494873046875
-8.1689737968197473350073778419755399227142333984375
33.89821991755619734476567828096449375152587890625
28.555926206666686795188070391304790973663330078125
26.86874329013674156385604874230921268463134765625
-63.22697060149224768110798322595655918121337890625
34.989079635210686092250398360192775726318359375
-91.6480048711484727164133801124989986419677734375
-68.5275168691675702348220511339604854583740234375
76.6407383055753683720467961393296718597412109375
66.2382926809325027761587989516556262969970703125
-91.8262917059887939785767230205237865447998046875
-89.349256831042794146924279630184173583984375
66.14076997056173468081397004425525665283203125
-25.69998188512379755366055178456008434295654296875
74.957209460530776823361520655453205108642578125
-22.788786252699782863828659174032509326934814453125
66.49333601174083696605521254241466522216796875
-89.948689635895789251662790775299072265625
37.20466055573211150431234273128211498260498046875
-58.929344799743745397790917195379734039306640625
45.022634855971119804962654598057270050048828125
-42.20208535771939040159850264899432659149169921875
85.4792101513637447851579054258763790130615234375
34.75245413225007240498598548583686351776123046875
65.446770600221981339927879162132740020751953125
-6.91450107335914854189695688546635210514068603515625
7.1226045076161685898341602296568453311920166015625
32.96213780887644162476135534234344959259033203125
-63.8179736871779681450789212249219417572021484375
31.499524330266726934723919839598238468170166015625
-38.94459933908230908627956523559987545013427734375
61.5688722912315142821171320974826812744140625
94.52750046488841917380341328680515289306640625
95.7745786423121643338163266889750957489013671875
34.93030965963996692380533204413950443267822265625
-63.8288954549919509418032248504459857940673828125
76.0970336362488097847744938917458057403564453125
-92.56090995463046056102029979228973388671875
-56.73567258811124958128857542760670185089111328125
46.25773351920611986543008242733776569366455078125
-98.6361587213238948379512294195592403411865234375
79.3136299107315636547355097718536853790283203125
-31.52794489458128879277865053154528141021728515625
-31.119782538636737712067770189605653285980224609375
69.9282282582339433929519145749509334564208984375
-54.70119009699494228016192209906876087188720703125
-73.025193992218618177503230981528759002685546875
42.09384091741815581144692259840667247772216796875
69.6338788460281961079090251587331295013427734375
-82.12374399608603425804176367819309234619140625
17.262537819958208018533696304075419902801513671875
-21.649053942840840392136669834144413471221923828125
-1.84941818471420216241085654473863542079925537109375
-19.799797591379100225594811490736901760101318359375
50.26813561470111579865260864607989788055419921875
-16.288264365531194499681078013963997364044189453125
28.81564002397048085413189255632460117340087890625
48.9716034808189988325466401875019073486328125
-4.03683535092556855516932046157307922840118408203125
13.625499713625440989517301204614341259002685546875
-17.621997129446608454372835694812238216400146484375
59.2718450761857837960633332841098308563232421875
-47.11774297741174422071708249859511852264404296875
45.31096745221424981764357653446495532989501953125
-10.534056373031393860628668335266411304473876953125
-20.043076543046897342037482303567230701446533203125
-90.5330328985102283922969945706427097320556640625
35.40982527131995283298238064162433147430419921875
34.0382606928476008079087478108704090118408203125
-94.6162489157488124646988580934703350067138671875
-53.42647069749130395166503149084746837615966796875
-69.346653784635719830475864000618457794189453125
-35.30191300027170342445970163680613040924072265625
23.664877578421741333158934139646589756011962890625
-64.3437080223570347925488022156059741973876953125
89.37393663723111103536211885511875152587890625
54.97382866172285531547458958812057971954345703125
43.211379659320613200179650448262691497802734375
-54.21646648525864975454169325530529022216796875
-82.138366835530149501209962181746959686279296875
23.288792528007991933236553450115025043487548828125
85.954559423100846515808370895683765411376953125
-42.55416960174539298122908803634345531463623046875
78.4153064306944287409351090900599956512451171875
-26.773745670749843128533029812388122081756591796875
49.778556987202847494700108654797077178955078125
4.7615582910529514748532164958305656909942626953125
-20.411262016666370300299604423344135284423828125
-83.6790752847087873078635311685502529144287109375
-61.30000673136357391967976582236588001251220703125
51.55174188297032600303282379172742366790771484375
-80.8563996244148484038305468857288360595703125
-80.531637241504284929760615341365337371826171875
49.313875198803401644909172318875789642333984375
13.8387542036082979990396779612638056278228759765625
12.315307699504675298385336645878851413726806640625
-47.727490066402623369867797009646892547607421875
38.21530144125672023847073432989418506622314453125
-35.1302960898925249466628883965313434600830078125
90.44253237285198565587052144110202789306640625
-51.6065844733397653953943517990410327911376953125
-62.50155720744324838733518845401704311370849609375
44.407852833195846642411197535693645477294921875
-68.48686734801509601311408914625644683837890625
-91.831002344335246334594557993113994598388671875
-47.37071861528729499468681751750409603118896484375
-38.38123789027093124559542047791182994842529296875
-3.75354316380467256664132946752943098545074462890625
21.491715780532643975675455294549465179443359375
85.7414896084839028844726271927356719970703125
-40.3929703542241753666530712507665157318115234375
46.17453759772561028285053907893598079681396484375
-25.917535469809383386063927900977432727813720703125
51.270518010796791941174888052046298980712890625
0.2126154773975889866743926859271596185863018035888671875
-79.6282406617192890507794800214469432830810546875
95.22789926643241642523207701742649078369140625
-27.099277064798087621966260485351085662841796875
52.0932276367608437794842757284641265869140625
50.20422221812125229689627303741872310638427734375
-50.71672602115697969793473021127283573150634765625
87.5079862686494465151554322801530361175537109375
98.7429938172987675670810858719050884246826171875
2.99285103300178700891365224379114806652069091796875
41.7130823043493279556059860624372959136962890625
-52.62379068015281546877304208464920520782470703125
13.039123906266485874994032201357185840606689453125
21.4483028303192355679129832424223423004150390625
