-24.81894730935241710767513723112642765045166015625
43.372890523403611950925551354885101318359375
-22.319800464933877037765341810882091522216796875
99.53501109833217697087093256413936614990234375
-76.9595327904755350800769519992172718048095703125
10.22583555545664779629078111611306667327880859375
13.15264604973213380390006932429969310760498046875
-89.807369242537589570929412730038166046142578125
54.7404624648621194182851468212902545928955078125
39.44369141041719473150806152261793613433837890625
89.30067012667421977312187664210796356201171875
-80.5888274768092145450282259844243526458740234375
83.3031618617808220506049110554158687591552734375
-12.4440737011096818065425395616330206394195556640625
-66.2851167062920438866058248095214366912841796875
76.6839519627445298510792781598865985870361328125
23.1179531495315444544758065603673458099365234375
-60.4882924377753852240857668220996856689453125
-98.797157989164446689756005071103572845458984375
-50.93721386343853652078905724920332431793212890625
-25.589899296723938704190004500560462474822998046875
59.81220169868262104273526347242295742034912109375
-2.39063586982365716693266222137026488780975341796875
96.387300472564930942098726518452167510986328125
49.00462041757908338013294269330799579620361328125
13.9419729481273453330913980607874691486358642578125
-14.053338439857757435902385623194277286529541015625
-63.43185309067047228381852619349956512451171875
56.377001343274372402447625063359737396240234375
-12.645130120180315458355835289694368839263916015625
45.02368981320342555818569962866604328155517578125
-39.35512185629630010907931136898696422576904296875
-4.6791301326292540352369542233645915985107421875
-50.17470068148478645753129967488348484039306640625
-93.7105215700224931651973747648298740386962890625
-13.2989756594742249973251091432757675647735595703125
45.90981649584126245144943823106586933135986328125
-92.3475774239281150812530540861189365386962890625
-41.16665880551482104010574403218924999237060546875
95.0710385129048205499202595092356204986572265625
-19.200607065793736438763517071492969989776611328125
4.891687152276983141518940101377665996551513671875
-92.558194896069863943921518512070178985595703125
93.96452712440105869973194785416126251220703125
-48.61564996917610415039234794676303863525390625
17.17983042882412547669446212239563465118408203125
45.36147452059777407384899561293423175811767578125
67.6841694020515234342383337207138538360595703125
98.69380306345948383750510402023792266845703125
-76.5279688607453323356821783818304538726806640625
34.778992037277220106261665932834148406982421875
37.803740744012060304157785139977931976318359375
57.8235046498671891868070815689861774444580078125
-11.058126223886578287647353135980665683746337890625
84.3647145542398249062898685224354267120361328125
-61.97619455621293838021301780827343463897705078125
64.6528074789543865108498721383512020111083984375
-68.1259306537170203910136478953063488006591796875
6.40003592555220368609525394276715815067291259765625
20.29174975617804221883488935418426990509033203125
-5.01115804488492155854828524752520024776458740234375
-12.265308905306877562679801485501229763031005859375
54.00645548240294857578192022629082202911376953125
-54.8020748574307816625150735490024089813232421875
53.0241534251938304578288807533681392669677734375
-27.92648357758040589260417618788778781890869140625
-54.06271069617633884263341315090656280517578125
31.037680042079518472064592060633003711700439453125
36.9203194395518465853456291370093822479248046875
26.2780191593211185363543336279690265655517578125
9.3290875098228145390066856634803116321563720703125
90.8768408593451653132433420978486537933349609375
1.135323408342685080896217186818830668926239013671875
-2.774745797224159815641542081721127033233642578125
47.07928253415960995198474847711622714996337890625
-7.2642902646049680726036967826075851917266845703125
87.537351042930566791255841962993144989013671875
14.29748223866382517144302255474030971527099609375
-29.588532626861564267528592608869075775146484375
-4.200170099978539184348846902139484882354736328125
-29.98714760589073335950160981155931949615478515625
-7.10720698895553493201759920339100062847137451171875
-41.54988827024755693173574400134384632110595703125
61.797920970329641932039521634578704833984375
-26.18198097491661968660991988144814968109130859375
80.1534719761538099191966466605663299560546875
97.1972611337065330872064805589616298675537109375
2.411626027945512618089196621440351009368896484375
-86.966000765388315585369127802550792694091796875
76.19355978054767319918028078973293304443359375
18.369703597983079390587590751238167285919189453125
-89.40725545767492121740360744297504425048828125
89.32375350150783788194530643522739410400390625
-16.760947918045079774174155318178236484527587890625
-62.20120222555626554594709887169301509857177734375
-18.79444702407294442991769756190478801727294921875
12.325963714986841068821377120912075042724609375
54.0112676903133461792094749398529529571533203125
41.2658965615313348962445161305367946624755859375
16.983394445357273383478968753479421138763427734375
56.0584145451511943747391342185437679290771484375
-72.6632630215508044102534768171608448028564453125
-51.5468428470037594024688587523996829986572265625
59.00390994469882599560150993056595325469970703125
24.21380123101346981684400816448032855987548828125
29.516547453786895260918754502199590206146240234375
-53.9333780286668087455836939625442028045654296875
-14.696327354352586525010337936691939830780029296875
17.359819029476472707074208301492035388946533203125
-21.16060265743301016527766478247940540313720703125
7.5331861230415366748047745204530656337738037109375
-70.310270275523549798890599049627780914306640625
-54.2099211136936816046727471984922885894775390625
-29.13714161849090800160411163233220577239990234375
14.9537302549776729421182608348317444324493408203125
23.547965048445188784853598917834460735321044921875
73.610184294317292597042978741228580474853515625
11.7893712428830088612130566616542637348175048828125
-6.333958884779320896996068768203258514404296875
32.55937754717184162700505112297832965850830078125
78.2386772765702716014857287518680095672607421875
-58.47782354659204173685793648473918437957763671875
-2.017634040073694290384764826740138232707977294921875
-79.4422184138646656492710462771356105804443359375
-32.245181388128941080140066333115100860595703125
34.76084947152634896383460727520287036895751953125
-15.5195452637084425617786109796725213527679443359375
-5.86734459360264803962081714416854083538055419921875
80.8778845855361936401095590554177761077880859375
-66.3925115577674063160884543322026729583740234375
-37.54147532407308318624927778728306293487548828125
-87.7886816961876093046157620847225189208984375
37.7031600047494208638454438187181949615478515625
74.2117374604072068677851348184049129486083984375
87.4481273874367985854405560530722141265869140625
38.38110877322578318171508726663887500762939453125
-71.25905822235523601193563081324100494384765625
-87.3885390430018986762661370448768138885498046875
79.844169947751169047478470019996166229248046875
-66.6785737402944249652136932127177715301513671875
74.9341865610432336097801453433930873870849609375
0.67549304794010034402873543513123877346515655517578125
63.00844220699008957353726145811378955841064453125
75.75721185427465798056800849735736846923828125
-10.1872235769966668073038817965425550937652587890625
-43.0110379454819025113465613685548305511474609375
22.560832403785280320107631268911063671112060546875
22.5160195024055695967035717330873012542724609375
-42.8421161086509840743019594810903072357177734375
-66.373793548678719389499747194349765777587890625
-4.82944230614651548449955953401513397693634033203125
-66.1175822913597812657826580107212066650390625
-45.2960555331917333887759014032781124114990234375
-98.905815596266251077395281754434108734130859375
-94.8633342165578454796559526585042476654052734375
-82.318388454395261533136363141238689422607421875
-14.1635854502780826891239485121332108974456787109375
64.1620016759445519483051612041890621185302734375
-11.9120545251094398508939775638282299041748046875
67.88393292692995828474522568285465240478515625
20.960847414344090822169164312072098255157470703125
-64.5275609958585079084514291025698184967041015625
-5.5489882353018789018506140564568340778350830078125
-72.00838720656150826471275649964809417724609375
-42.522440612709402785185375250875949859619140625
-4.55505319394281205092056552530266344547271728515625
69.768852811987272843907703645527362823486328125
-1.48332459013457285124104600981809198856353759765625
85.14103524619116569738253019750118255615234375
-2.9582255939052135573774648946709930896759033203125
-25.559089709780931087834687787108123302459716796875
52.76064657410731939535253331996500492095947265625
78.29169822376962883936357684433460235595703125
8.7402603878799833836410471121780574321746826171875
-16.033283832842275984376101405359804630279541015625
-19.578511793094062198861138313077390193939208984375
-61.81908437114073961993199191056191921234130859375
-72.187582976342781648781965486705303192138671875
-0.9085208829451130174703621378284879028797149658203125
-41.752837557972242166215437464416027069091796875
-93.36460292887016976237646304070949554443359375
84.9993871747230542723627877421677112579345703125
52.9230773139461661003224435262382030487060546875
48.4901470045742115644316072575747966766357421875
-44.71612728208702947085839696228504180908203125
-57.45806551781485183028053143061697483062744140625
-65.80887200638227341187302954494953155517578125
-56.8401515113547048940745298750698566436767578125
35.09448436279860317199563723988831043243408203125
-38.0551664538681535532305133529007434844970703125
87.16540276897995909166638739407062530517578125
84.56268421083979092145455069839954376220703125
-51.53970235673715905022618244402110576629638671875
-53.35434142455043371455758460797369480133056640625
4.5742100460795054317486574291251599788665771484375
-22.161464379587442863339674659073352813720703125
33.330276093622643429625895805656909942626953125
-42.90115372413367111903426120989024639129638671875
-9.1197133050803547149598671239800751209259033203125
-23.39010417175361311592496349476277828216552734375
12.8018522052214276385484481579624116420745849609375
83.6474468409795548495822004042565822601318359375
-67.8430697538489226872115978039801120758056640625
5.379329826898004540680631180293858051300048828125
-6.76679809097942186468799263820983469486236572265625
-5.1738896167810555226651558768935501575469970703125
48.5963781787381350341092911548912525177001953125
1.134599956590020664037865572026930749416351318359375
20.60976060353946337500019581057131290435791015625
82.399565979721700159643660299479961395263671875
-20.1746524617055200678805704228579998016357421875
-54.253195417682974266426754184067249298095703125
97.6468478747793682259725756011903285980224609375
-72.5832499481190325241186656057834625244140625
-25.284423541667621293527190573513507843017578125
67.66759831684481696356669999659061431884765625
-80.2325559257630374077052692882716655731201171875
-80.6053351986138437723639071919023990631103515625
51.965526747020163611523457802832126617431640625
-80.3944481334089147139820852316915988922119140625
-40.7295905065656569377097184769809246063232421875
-99.3880365732466231065700412727892398834228515625
-32.92403800101491384566543274559080600738525390625
-91.0531721011355301698131370358169078826904296875
-18.03934747730860266301533556543290615081787109375
83.8894948970874594351698760874569416046142578125
-24.003529766123659072718510287813842296600341796875
-90.6698333824348452480990090407431125640869140625
-88.868188124561896756858914159238338470458984375
9.721995067971963777608834789134562015533447265625
-37.9989882724773480049407226033508777618408203125
8.2929808926665860013827114016748964786529541015625
14.7986484269334948038476795773021876811981201171875
-90.8428732845544573137885890901088714599609375
15.00828871747311410445036017335951328277587890625
46.48868294591403582671773619949817657470703125
-29.1909598189171930471275118179619312286376953125
-45.58431120728372576422771089710295200347900390625
6.98222784837946708336176016018725931644439697265625
-9.015262770020864735442955861799418926239013671875
66.44784298241762598991044797003269195556640625
20.134464229879153407409830833785235881805419921875
6.613025617456681715111699304543435573577880859375
-37.500968608438228102386347018182277679443359375
12.11640724516134781651999219320714473724365234375
78.814305543595736480710911564528942108154296875
-77.0473784639161607401547371409833431243896484375
-62.7314748016592176327321794815361499786376953125
57.5591242242826552910628379322588443756103515625
8.882534347800120855254135676659643650054931640625
92.8670602610508950647272286005318164825439453125
-84.3707702132417836082822759635746479034423828125
-50.90189723190480464154461515136063098907470703125
2.1799796751873881106575936428271234035491943359375
91.442402478164950707650859840214252471923828125
-17.853913303123487565926552633754909038543701171875
-3.771393498863473414672853323281742632389068603515625
-92.4161748583601365680806338787078857421875
6.27965775025773442763465936877764761447906494140625
53.51145956096667788415288669057190418243408203125
-45.57123666371722237045105430297553539276123046875
88.459736126359160834908834658563137054443359375
-47.2037905434507223390028229914605617523193359375
7.1133488703243212825100272311829030513763427734375
-20.64602353105346566053412971086800098419189453125
4.8923752146615822056219258229248225688934326171875
9.5089076009470101524811980198137462139129638671875
60.3279563188350635982715175487101078033447265625
-64.5390968915205718303695903159677982330322265625
-79.8826258217371076852941769175231456756591796875
43.079257871667977042307029478251934051513671875
61.490409714977403154989588074386119842529296875
27.208862652859579611686058342456817626953125
12.821437163999927832946923444978892803192138671875
-40.59887278189803083705555764026939868927001953125
-74.736240896600264704829896800220012664794921875
45.29791024681133393414711463265120983123779296875
57.2851981705927784105369937606155872344970703125
57.9021965742673643262605764903128147125244140625
19.109948482413184223105417913757264614105224609375
-84.2609065505026677556088543497025966644287109375
68.98032010815541070769540965557098388671875
64.322438067652768722837208770215511322021484375
-58.48968892824942855668268748559057712554931640625
13.286250646733495983653483563102781772613525390625
-5.02546708346705361947215351392515003681182861328125
-92.8187143306061415160002070479094982147216796875
-22.239510106602484285076570813544094562530517578125
22.28166075641124876938192755915224552154541015625
-46.30756613388092546301777474582195281982421875
31.67080174147412918728150543756783008575439453125
-13.8355403763057775989864239818416535854339599609375
0.205989423663475446080184383390587754547595977783203125
-38.876383675455855382097070105373859405517578125
-95.7541446277409278309278306551277637481689453125
-58.79899185180018861274220398627221584320068359375
-60.96176042386824889263152726925909519195556640625
-49.9055703188346768683913978748023509979248046875
-72.1517180696123290317700593732297420501708984375
43.52353678107092349591766833327710628509521484375
95.56638233990753406033036299049854278564453125
-34.94100461682089786563665256835520267486572265625
77.9283463126422333289156085811555385589599609375
-71.203072268032457259323564358055591583251953125
55.4206824350878406448828172869980335235595703125
-62.7249497478160265018232166767120361328125
20.8062688278183713919133879244327545166015625
-31.46993076324302052171333343721926212310791015625
59.13534747883445419347481220029294490814208984375
-4.70176441490323338001644515316002070903778076171875
-1.5697362235722895906775420371559448540210723876953125
-16.52778875627627286348797497339546680450439453125
-25.532379307957892677904965239576995372772216796875
-77.234810840065364345718990080058574676513671875
-11.873059759038550708964976365678012371063232421875
98.3472808250636489901808090507984161376953125
69.06930190778211908764205873012542724609375
1.209987398630566257651253181393258273601531982421875
-24.659562753694359571454697288572788238525390625
-99.5512051262502524195951991714537143707275390625
96.8714197149156035493433591909706592559814453125
-32.3790334520023890263473731465637683868408203125
-28.811397404836075253342642099596560001373291015625
-97.16497693751028918995871208608150482177734375
-21.62088308195669839051333838142454624176025390625
54.6125261692135381963453255593776702880859375
25.313135922237140817969702766276895999908447265625
-36.456532032223179840002558194100856781005859375
1.8125024232111577315862405157531611621379852294921875
15.34169597030824405692328582517802715301513671875
-18.881166615788398388531277305446565151214599609375
-63.33412629520061187804458313621580600738525390625
63.4306751171987883708425215445458889007568359375
94.3658449728866770556123810820281505584716796875
36.02055222005133572338309022597968578338623046875
-85.9176256709234849040512926876544952392578125
-38.15993800626181808866022038273513317108154296875
-40.576448474298246082980767823755741119384765625
9.984133870355460516066159470938146114349365234375
-17.51647145029111385383657761849462985992431640625
28.234960645147172186852913000620901584625244140625
73.112458564866983579122461378574371337890625
44.4116356352642611682313145138323307037353515625
15.0697081207430034766048265737481415271759033203125
-1.08278303970729172789333460968919098377227783203125
89.97565800093974530682316981256008148193359375
-29.76280329311928340985105023719370365142822265625
61.194972833285163460459443740546703338623046875
-46.086909760915744982412434183061122894287109375
32.389395071755501476218341849744319915771484375
60.41287254388638672253364347852766513824462890625
-11.2236673644552951145669794641435146331787109375
43.64792625661815606008531176485121250152587890625
43.50372315838735204351905849762260913848876953125
52.4651410348345592637997469864785671234130859375
-49.9785737015693456442022579722106456756591796875
58.90400163604190453270348371006548404693603515625
-94.9615011692377066765402560122311115264892578125
22.890588310747972400349681265652179718017578125
64.1150735547708308104120078496634960174560546875
-8.3374747515749358939274316071532666683197021484375
31.033731954713207557006171555258333683013916015625
-86.4360897784764148354952340014278888702392578125
-45.9852684970061460489887394942343235015869140625
-25.9850549732689017901066108606755733489990234375
43.3569840812458409118335111998021602630615234375
-7.4155539130192611452230266877450048923492431640625
-2.424673777923756379237829605699516832828521728515625
-55.23372332914522075952845625579357147216796875
0.2399949227382033034583486141855246387422084808349609375
38.403872233656301204973715357482433319091796875
29.17769004403698573923975345678627490997314453125
-60.09630589083543128481323947198688983917236328125
34.2956858188808979548412025906145572662353515625
44.88379856510755416820757091045379638671875
-96.3625462435507671443701838143169879913330078125
-99.292158634129606298301951028406620025634765625
26.29159509516096449033284443430602550506591796875
-7.0017675754872517046578650479204952716827392578125
98.434088319497135444180457852780818939208984375
14.47767794809669084088454837910830974578857421875
-49.2339535542948425472786766476929187774658203125
-36.04837061570066936155853909440338611602783203125
10.52400190733921903074588044546544551849365234375
-25.44463979159576183519675396382808685302734375
-33.00262818968139555408924934454262256622314453125
-16.904824491862822100074481568299233913421630859375
-45.7013363939312284855986945331096649169921875
-98.224499460020439300933503545820713043212890625
-51.3362742877419435671981773339211940765380859375
22.6255368181805209815138368867337703704833984375
-35.56057689918367259451770223677158355712890625
1.3879677383379644961536314440309070050716400146484375
23.544239076938168864217004738748073577880859375
-19.892694880678423174913405091501772403717041015625
32.95801282672049836719452287070453166961669921875
0.6716796953617001353364912574761547148227691650390625
62.63453686622989380339276976883411407470703125
-69.01802683315867170676938258111476898193359375
44.551325557322257964187883771955966949462890625
54.456382382928694596557761542499065399169921875
30.154408732114458047135485685430467128753662109375
-19.02593132468452807870562537573277950286865234375
-26.835904948379635470701032318174839019775390625
-88.248405042838697909246548078954219818115234375
-58.5410849178520464874964090995490550994873046875
46.456437801747000548857613466680049896240234375
-98.829717073414855121882283128798007965087890625
-37.37293440943617639504736871458590030670166015625
-1.6331939251348288610898862316389568150043487548828125
18.962078735804848150792167871259152889251708984375
45.068547385066807464681915007531642913818359375
-19.1500787465871553649776615202426910400390625
-93.2011829414615959876755368895828723907470703125
-25.00297001163232124554269830696284770965576171875
-32.41493405733699972870454075746238231658935546875
86.08617890353207258158363401889801025390625
-42.80503839782902986144108581356704235076904296875
-15.4511920457554321473025993327610194683074951171875
87.8105334292289825270927394740283489227294921875
59.76655203755598932957582292146980762481689453125
-35.37161164442233030058559961616992950439453125
50.3478143934411406235085451044142246246337890625
-41.09418109278721686905555543489754199981689453125
1.5625790366818288479322518469416536390781402587890625
31.4516486634903884578307042829692363739013671875
88.417606013319328894795035012066364288330078125
-26.94688371684407712791653466410934925079345703125
96.15170535945600249760900624096393585205078125
65.051445239519807728356681764125823974609375
-52.0121853090026462496098247356712818145751953125
-35.77361719259346983790237572975456714630126953125
91.1473091337742147288736305199563503265380859375
44.745207626828317870604223571717739105224609375
72.6556424663289845966573921032249927520751953125
3.787610796843657201549149249331094324588775634765625
-13.761150302054897309744774247519671916961669921875
87.992285508322737541675451211631298065185546875
48.70292976863698442002714728005230426788330078125
43.81001491861265861871288507245481014251708984375
91.6862519783986016363996895961463451385498046875
8.0831298460223166557625518180429935455322265625
-43.95710506960735841630594222806394100189208984375
24.54083554145740464491609600372612476348876953125
33.504306153176997895570821128785610198974609375
68.3473412534753066438497626222670078277587890625
-54.1101187396501899229406262747943401336669921875
-49.93660422623653261098297662101686000823974609375
-46.24263214490500928377514355815947055816650390625
-80.3839744570576471005551866255700588226318359375
-14.5887085686101709569584272685460746288299560546875
30.95273517147041530961359967477619647979736328125
-12.010580489143340088276090682484209537506103515625
80.1138233672115092076637665741145610809326171875
51.6896655528317552352746133692562580108642578125
-11.3090946361791555574427547981031239032745361328125
-25.460709114560163612850374192930757999420166015625
-81.622225975024548461078666150569915771484375
33.69552609406671450642534182406961917877197265625
-93.60371467123951561006833799183368682861328125
-4.46118925926919995816888331319205462932586669921875
-99.201819150795955692956340499222278594970703125
61.7801353863863056403715745545923709869384765625
74.025339732525338831692351959645748138427734375
-33.05421141214655023077284567989408969879150390625
-89.4351276412621842837324948050081729888916015625
54.3399382639552044338415726087987422943115234375
56.56660761090906675008227466605603694915771484375
32.81293206109157978289658785797655582427978515625
86.25934009574388028340763412415981292724609375
23.970074054610588376590385450981557369232177734375
-63.87492557638226031713202246464788913726806640625
5.2415399659997117254306431277655065059661865234375
63.89494528041793586226049228571355342864990234375
-56.538191830372767299195402301847934722900390625
71.3345228085888862779029295779764652252197265625
-65.2997788534380987357508274726569652557373046875
-26.93403198121658448371817939914762973785400390625
86.9463916615010390387396910227835178375244140625
56.4958325947302313352338387630879878997802734375
18.61727618907216452726061106659471988677978515625
50.65880471466749668252305127680301666259765625
-25.738356977050219853708767914213240146636962890625
17.869689254894641550208689295686781406402587890625
-1.6674387922201123757304230821318924427032470703125
16.888558123198063043446381925605237483978271484375
43.46346698965765398270377772860229015350341796875
72.944351992813921015113010071218013763427734375
-59.90694150057475297899145516566932201385498046875
-90.5277334008590770508817513473331928253173828125
-38.4636793276628026205798960290849208831787109375
15.4978535469564580040469081723131239414215087890625
16.68504774087018205364074674434959888458251953125
8.156169201989985850786979426629841327667236328125
-3.9178427216516897857445655972696840763092041015625
-2.505157735320926892796933316276408731937408447265625
20.45757545486944906087956042028963565826416015625
60.6971163111132767653543851338326930999755859375
-60.1381553384172349296932225115597248077392578125
49.49306175874371405143392621539533138275146484375
-18.514414772399693021043276530690491199493408203125
-36.25189551754812811168449115939438343048095703125
44.77711969299992489368378301151096820831298828125
-60.36770093234640199852947262115776538848876953125
-59.8817940410998375000417581759393215179443359375
-99.032595492591923402869724668562412261962890625
-47.51162901659973414325577323324978351593017578125
-61.47170712727092478644408402033150196075439453125
90.591780066352527001072303391993045806884765625
80.8111520763267634492876823060214519500732421875
14.8631634059342676579262843006290495395660400390625
-96.395196822636791011973400600254535675048828125
-39.76222817154327771049793227575719356536865234375
-88.37752407440035540275857783854007720947265625
32.08782687709571490586313302628695964813232421875
-47.23013894949678359580502728931605815887451171875
-63.64500918810205121189937926828861236572265625
-1.892147180376062554074678700999356806278228759765625
-85.841544102154870188314816914498805999755859375
-3.1978870044388987281536174123175442218780517578125
-7.35666956690217599401648840284906327724456787109375
36.513533808965775051547097973525524139404296875
11.7676668987477253125462084426544606685638427734375
-27.65905397972786516902488074265420436859130859375
-75.41760544068955596230807714164257049560546875
16.061575068410224531589847174473106861114501953125
-84.4479931993638643916710861958563327789306640625
-53.46826321226736666858414537273347377777099609375
-85.6278417363361086245276965200901031494140625
34.71331230986121596515658893622457981109619140625
-31.214925728315972008886092226020991802215576171875
-74.09313804574549067183397710323333740234375
28.61825663153495469259723904542624950408935546875
-78.5848431716828343951419810764491558074951171875
30.9732940824056157680388423614203929901123046875
19.8802007272886811506396043114364147186279296875
22.357410293149673208290550974197685718536376953125
48.27379215217765562329077511094510555267333984375
-30.147243993247091253806502209044992923736572265625
86.445092989858125065438798628747463226318359375
64.0183487898853655906350468285381793975830078125
29.208776315490691644072285271249711513519287109375
-49.750281022082646131821093149483203887939453125
-53.89801197008033994961806456558406352996826171875
7.715795896654579877349533489905297756195068359375
36.23361343331074380103018484078347682952880859375
-91.7999509584216184521210379898548126220703125
-95.91986982324596056059817783534526824951171875
-37.938844677940181782105355523526668548583984375
-40.85328999084850920553435571491718292236328125
27.63263369246514145061155431903898715972900390625
99.2895303104380531067363335750997066497802734375
70.8243625450373741614384925924241542816162109375
0.823359994328808131314190177363343536853790283203125
0.4161400998607380774529929112759418785572052001953125
-20.69325677660564366533435531891882419586181640625
-70.233750922642826708397478796541690826416015625
-4.30524062226712356249436197686009109020233154296875
12.4419527792605162375139116193167865276336669921875
34.3442715205010387080619693733751773834228515625
-3.28631450293434479448251295252703130245208740234375
-11.05590320503114298844593577086925506591796875
0.3173135000051683363153642858378589153289794921875
84.2136029282614089197522844187915325164794921875
12.9273597494666265816931627341546118259429931640625
-60.98427515052623704150391859002411365509033203125
-41.578378227930699040371109731495380401611328125
-43.6010992412767990344946156255900859832763671875
-86.7922547800620378666280885227024555206298828125
-83.4473137196431622442105435766279697418212890625
-56.4486373745876477414640248753130435943603515625
-22.191249941375104981489130295813083648681640625
16.45853144505059617586084641516208648681640625
99.79389785669428647452150471508502960205078125
63.16668611432893243318176246248185634613037109375
-50.83462844355691601094804354943335056304931640625
-89.199337347870397252336260862648487091064453125
-7.19682231598730748345360552775673568248748779296875
77.656883896222694829702959395945072174072265625
11.765211449380341690584828029386699199676513671875
45.74305440277697698547854088246822357177734375
72.051243695910585529418312944471836090087890625
-37.47277296083698416850893408991396427154541015625
-56.03415752290090523501930874772369861602783203125
53.16703629738881176081122248433530330657958984375
87.2759850825565450804788270033895969390869140625
67.9541949444075044084456749260425567626953125
-5.8431269651081283456051096436567604541778564453125
-69.340198872074637392870499752461910247802734375
-15.8280423590686201151811474119313061237335205078125
53.224454701783571408668649382889270782470703125
47.10250251646184693754548789002001285552978515625
52.6408887830675524810430943034589290618896484375
15.666031632793565364636378944851458072662353515625
-56.759340808973632874767645262181758880615234375
20.03574510658972229748542304150760173797607421875
31.31040509943527894165526959113776683807373046875
-98.0827376832213388979653245769441127777099609375
-86.7155462100326559493623790331184864044189453125
-45.08153889831312000069374334998428821563720703125
11.9942990157854776356316506280563771724700927734375
98.20816749118176858246442861855030059814453125
-70.991005936917787266793311573565006256103515625
-13.608630277383507944932716782204806804656982421875
-74.228489988877981886616908013820648193359375
17.28349672484971932817643391899764537811279296875
-78.30417864474208045066916383802890777587890625
64.460892084101402588203200139105319976806640625
-62.3422779709045471463468857109546661376953125
95.410437573708435365915647707879543304443359375
-40.5869751714317175128599046729505062103271484375
69.2712984086466434519024915061891078948974609375
7.935589765243651783066525240428745746612548828125
-79.539139315582048084252164699137210845947265625
50.03082346558297643923651776276528835296630859375
99.21827714709678502913448028266429901123046875
-85.886039647821661446869256906211376190185546875
39.30875936626647870753004099242389202117919921875
-36.36540366231974275024185772053897380828857421875
-15.268965499404629326818394474685192108154296875
18.22438848639105657412073924206197261810302734375
33.1118056315392408350817277096211910247802734375
58.78628704293073070630271104164421558380126953125
43.08733710257684634825636749155819416046142578125
-52.7325628008410518532400601543486118316650390625
-10.8148764749172681121081041055731475353240966796875
-43.250238564083048231623251922428607940673828125
-40.02303614526505270987399853765964508056640625
-50.7823488188150946598398149944841861724853515625
60.47665730250256643785178312100470066070556640625
-68.710109052926355843737837858498096466064453125
-24.45252681818293893911686609499156475067138671875
85.3455748093667097009529243223369121551513671875
96.5134930364920364809222519397735595703125
60.39297193855494327863198122940957546234130859375
-66.1593322020039664721480221487581729888916015625
48.12537528541870557319271028973162174224853515625
87.7004336167332354534664773382246494293212890625
-3.623641151602682075605343925417400896549224853515625
89.249228535964817865533404983580112457275390625
64.953345787698395952247665263712406158447265625
35.95463710941208290705617400817573070526123046875
40.9047789226215030566891073249280452728271484375
96.274066481802350381258293054997920989990234375
-10.8776445472007008419268458965234458446502685546875
-0.55581831993443897577122925213188864290714263916015625
17.96460854955506647456786595284938812255859375
-89.028538658402084138288046233355998992919921875
-81.9766725603738706240619649179279804229736328125
-18.97631640665161256720239180140197277069091796875
-47.5568609505622816868708468973636627197265625
14.703873338195801778738314169459044933319091796875
-17.14870037398429047925674240104854106903076171875
4.68167498146774452294494039961136877536773681640625
-52.86831211532174989997656666673719882965087890625
15.2148687186683222449801178299821913242340087890625
76.414856675843196853747940622270107269287109375
0.93721056779136058256796104615204967558383941650390625
-92.85979903231373100425116717815399169921875
58.2048844311550368502139463089406490325927734375
62.3316948792889462538369116373360157012939453125
78.0654272455342521652710274793207645416259765625
27.892303010273423069520504213869571685791015625
-76.20373340940369644158636219799518585205078125
-63.95231755332708445394018781371414661407470703125
-34.6215494202757128050507162697613239288330078125
32.13759261679132350764120928943157196044921875
57.9533904034652778136660344898700714111328125
41.84762389193944187582019367255270481109619140625
40.32001393486950036049165646545588970184326171875
-95.6021325657246734408545307815074920654296875
-79.5139693516524488359209499321877956390380859375
69.9293268138865613536836463026702404022216796875
22.52124296980822037994585116393864154815673828125
-3.091481558856975286886381582007743418216705322265625
12.3149015133244450481697640498168766498565673828125
5.18773557478682523225188560900278389453887939453125
36.69805784828736960889727924950420856475830078125
-61.1421452981339115240189130418002605438232421875
95.0888436505928638098339433781802654266357421875
-19.759384084763812694518492207862436771392822265625
-13.1687327248311394356505843461491167545318603515625
52.23155997361572389081629808060824871063232421875
83.7517669494646952443872578442096710205078125
71.5612727767588268079634872265160083770751953125
-91.8709995064637467976353946141898632049560546875
-55.799904417183142868452705442905426025390625
15.3794342666257222163039841689169406890869140625
-4.98138410238378259720093410578556358814239501953125
20.18806174368570083288432215340435504913330078125
56.79261342218669739168035448528826236724853515625
-40.6360480287740983840194530785083770751953125
32.02502561050281570942388498224318027496337890625
-46.37931199109313951112198992632329463958740234375
-55.03374002574305023927081492729485034942626953125
63.76740287925134254010117729194462299346923828125
-5.9481061213067665249809579108841717243194580078125
-71.0328767855265681419041357003152370452880859375
-11.7470661815218537782357088872231543064117431640625
-70.9791025975887777121897670440375804901123046875
-1.683323699349061453034437363385222852230072021484375
-55.1905266052745702154425089247524738311767578125
40.6173815748582995865945122204720973968505859375
-40.17887475346099535045141237787902355194091796875
-26.9933366259393778818775899708271026611328125
-55.46684113032100782447741948999464511871337890625
12.453488078649971981803901144303381443023681640625
6.79341896239516085387322164024226367473602294921875
57.50343480675567064963615848682820796966552734375
-97.9158196984652846595054143108427524566650390625
95.192792701888919282282586209475994110107421875
46.13904750084910943996874266304075717926025390625
90.605854610707382335021975450217723846435546875
16.736540723612353787075335276313126087188720703125
-29.31405375043067351725767366588115692138671875
32.33267299397142124917081673629581928253173828125
39.420007064248949291140888817608356475830078125
2.682362363557647455536425695754587650299072265625
-4.7151573512074538285787639324553310871124267578125
-3.5690436969880270368093988508917391300201416015625
48.40770726512613464365131221711635589599609375
-82.162191089360504747673985548317432403564453125
59.25140010642861199130493332631886005401611328125
13.2416528515410671928975716582499444484710693359375
-10.5656473966794042240735507220961153507232666015625
27.47181534773432787233105045743286609649658203125
69.915575995673719944534241221845149993896484375
-11.87023626089904126956753316335380077362060546875
-0.4260083407561892077097809305996634066104888916015625
91.1380523538049374110414646565914154052734375
-68.9706488588881683199360850267112255096435546875
87.4245989833394645529551780782639980316162109375
-23.67489931970226990642913733609020709991455078125
30.38827759313107890193350613117218017578125
-26.4553653432955542257332126609981060028076171875
33.0189099116907271991294692270457744598388671875
49.23205999856647707701995386742055416107177734375
-52.558682782438012282000272534787654876708984375
-26.84269512185694139816405368037521839141845703125
-31.26127101853789014285212033428251743316650390625
28.6935099652210254816964152269065380096435546875
39.3487282750212870041650603525340557098388671875
63.85425910777210134483539150096476078033447265625
94.927032401323089061406790278851985931396484375
-20.191996172604110171278080088086426258087158203125
-94.706378276703873098085750825703144073486328125
21.35534494495863810925584402866661548614501953125
11.3523195292862322247628981131128966808319091796875
-8.25020501932703353986653382889926433563232421875
-55.57804477973262891055128420703113079071044921875
-11.2893201391320818771646372624672949314117431640625
40.00698403715687589965455117635428905487060546875
-43.3380033787936866929157986305654048919677734375
35.6355001293575099907684489153325557708740234375
-85.8801891934340773104850086383521556854248046875
-27.746849237279104016806741128675639629364013671875
63.43856223972642283115419559180736541748046875
85.9765476826897838691365905106067657470703125
55.74104691255860188903170637786388397216796875
-43.26129633785672723433890496380627155303955078125
70.2758260484932435474547673948109149932861328125
6.419714361548212622210485278628766536712646484375
-93.3420567821104896211181767284870147705078125
-63.827536532011663439334370195865631103515625
78.52816912904160062680603004992008209228515625
-51.3722076798176630063608172349631786346435546875
-71.485032129606423723089392296969890594482421875
-73.3201148143195524653492611832916736602783203125
-87.04781846324493699285085313022136688232421875
-49.800419356214916888347943313419818878173828125
73.6424824127420976083158166147768497467041015625
-30.09797331648974960671694134362041950225830078125
31.5643052634520842048004851676523685455322265625
97.182655220085251812633941881358623504638671875
-91.246452054654895391649915836751461029052734375
3.38637204235004229957439747522585093975067138671875
16.27738710796378285294849774800240993499755859375
-18.7463541577015888606183580122888088226318359375
79.236381040117095153618720360100269317626953125
-88.54452189090437741469941101968288421630859375
0.39252369566619693674880409162142314016819000244140625
45.67131980422627890447984100319445133209228515625
-70.2893626841612189082297845743596553802490234375
-3.145155150520374309763838027720339596271514892578125
-64.283089445691217633793712593615055084228515625
61.1876789707834092268967651762068271636962890625
40.6794273236294401385748642496764659881591796875
54.7553595906218646405250183306634426116943359375
16.130949044197929964639115496538579463958740234375
28.128882913048670388889149762690067291259765625
-0.07478189296399868901676910581954871304333209991455078125
56.03459755740212955288370721973478794097900390625
-94.3895431740403267895089811645448207855224609375
-44.1752685520091716853130492381751537322998046875
27.27330892240458837250116630457341670989990234375
20.86348678886682961319820606149733066558837890625
-70.19487723385401523046311922371387481689453125
-29.8942885165331944108402240090072154998779296875
27.758785550492572014036340988241136074066162109375
-81.3717339568461710541669162921607494354248046875
-21.363415741613181353386607952415943145751953125
-60.79065486044955690658753155730664730072021484375
-24.548378061324253707198295160196721553802490234375
-98.1775171407612816665277932770550251007080078125
90.511858575463662646143347956240177154541015625
0.85495440180367843208131262144888751208782196044921875
24.64627811308823623903663246892392635345458984375
80.4589168802922785062037291936576366424560546875
-53.3509168073747019889196963049471378326416015625
-68.556215311574447923703701235353946685791015625
9.246889489694144259601671365089714527130126953125
-69.3433956061276290938621968962252140045166015625
-46.3770262542411728645674884319305419921875
-22.6083080480092348807374946773052215576171875
6.65125184913573530565145119908265769481658935546875
83.172032183354332346425508148968219757080078125
13.69907291268750526569419889710843563079833984375
-86.4279130614354329509296803735196590423583984375
-60.853098756165735494505497626960277557373046875
-44.94190242516861388821780565194785594940185546875
-73.4035487025576145470040501095354557037353515625
5.04960594436652598915316048078238964080810546875
34.5894245355107301520547480322420597076416015625
58.09798635906719965760203194804489612579345703125
63.983943296543287715394399128854274749755859375
-36.32779642434834244113517343066632747650146484375
-8.6055979397208748338243822217918932437896728515625
79.8575293634775817963600275106728076934814453125
59.138427634700377666376880370080471038818359375
-32.73211758732198717325445613823831081390380859375
-17.757755161360375240064968238584697246551513671875
-53.5510487390635745441613835282623767852783203125
82.05704442789266295221750624477863311767578125
43.866708309842152857527253217995166778564453125
-44.30393419228129658904435927979648113250732421875
-36.52423251529260284087285981513559818267822265625
35.65076370450848486370887258090078830718994140625
46.24373065438957297601518803276121616363525390625
-15.3774907688537183503285632468760013580322265625
-77.27325891275057756502064876258373260498046875
52.01246472595168057750925072468817234039306640625
54.984543472870342384339892305433750152587890625
-44.021083677810139533903566189110279083251953125
22.517654910936929724130095564760267734527587890625
29.161239458791595069442337262444198131561279296875
-92.2826283921620955652542761527001857757568359375
-47.38285182406690410061855800449848175048828125
-70.60950157419262041003094054758548736572265625
18.06044002771246681504635489545762538909912109375
9.5719054015487170516962578403763473033905029296875
9.73108201554858709414475015364587306976318359375
92.2712478430427154307835735380649566650390625
2.3215321409938507457582090864889323711395263671875
37.02925404097066319764053332619369029998779296875
-69.4819433270995858720198157243430614471435546875
-14.51962007029572987448773346841335296630859375
-95.803347633566232843804755248129367828369140625
-45.8667487476709965221743914298713207244873046875
31.418694641707674009012407623231410980224609375
77.881975658392576633559656329452991485595703125
-36.03418073748365912933877552859485149383544921875
77.6986448581823907488796976394951343536376953125
60.0430811825645065482603968121111392974853515625
57.191513561268578769158921204507350921630859375
-19.534509932767608830772587680257856845855712890625
86.103061043256190032479935325682163238525390625
36.7471604272706002802806324325501918792724609375
5.7238451272519714763120646239258348941802978515625
-53.47338759697047549934723065234720706939697265625
-69.24202545050303569951211102306842803955078125
96.4053508112632897564253653399646282196044921875
-8.161613639520002294602818437851965427398681640625
-88.9992910514320527681775274686515331268310546875
66.9046485258409546759139630012214183807373046875
-18.3215144621055543439069879241287708282470703125
30.71914425001710924334474839270114898681640625
-63.55493330917391858747578226029872894287109375
7.11080813761115582138927493360824882984161376953125
70.9282159454201774906323407776653766632080078125
-40.2229598514618515991969616152346134185791015625
-35.63359071268717315206231432966887950897216796875
-31.048151611699349672335301875136792659759521484375
-2.9512430680547812045233513345010578632354736328125
-56.57657241500471201334221404977142810821533203125
-24.849646735197378433213089010678231716156005859375
73.6795596519444870864390395581722259521484375
-21.065365718650621573715397971682250499725341796875
-87.28505165537029597544460557401180267333984375
-22.7353208487951263805371127091348171234130859375
-94.597411808761762586073018610477447509765625
76.348415057206096889785840176045894622802734375
32.47133856721286093716116738505661487579345703125
-38.88343749365170509690869948826730251312255859375
94.418312775044597628948395140469074249267578125
75.1840804780334366341776330955326557159423828125
47.41893116287263154617903637699782848358154296875
-71.9728116077042301412802771665155887603759765625
83.1631021319751795317642972804605960845947265625
-44.687503609310027741230442188680171966552734375
-75.453482528432431308829109184443950653076171875
-2.033250433276311497365895775146782398223876953125
61.89349676375547204543181578628718852996826171875
22.9120091387871553934019175358116626739501953125
-9.7270500046019634510230389423668384552001953125
-75.0000082941725025875712162815034389495849609375
