0.435332831918586737884879767079837620258331298828125
0.00991632671566504420024301680314238183200359344482421875
0.054274084624021577683006256620501517318189144134521484375
29.36277114669338317298752372153103351593017578125
11490.330376962037917110137641429901123046875
24.128308284655549442732080933637917041778564453125
3.451118275947201663456098685855977237224578857421875
2.32645315554430087701121010468341410160064697265625
0.00176678950953921133464052939388011509436182677745819091796875
0.025394771606591474977232536502924631349742412567138671875
19.995922097355300905974218039773404598236083984375
0.0003668001927378566786978886238301811317796818912029266357421875
0.00135604892832004767476428153116785324527882039546966552734375
0.03874911849895608384475309549088706262409687042236328125
88.8945235363455168453583610244095325469970703125
57901.3138233708668849430978298187255859375
0.0084853160990785679584913481221519759856164455413818359375
0.0736203814835001413285908711259253323078155517578125
0.688309295752457028783055648091249167919158935546875
119314.89361230310169048607349395751953125
