56.8454578416057074718992225825786590576171875
79.3921070799341777046720380894839763641357421875
75.85672010126671693797106854617595672607421875
24.30606872335601309487174148671329021453857421875
47.06870836453835948987034498713910579681396484375
77.3636840574952060478608473204076290130615234375
92.541993408856882297186530195176601409912109375
64.95802718294311262070550583302974700927734375
60.08343248942596659389892010949552059173583984375
50.113620977828333025172469206154346466064453125
-4.16455328700258942120626670657657086849212646484375
-80.6092154115282966131417197175323963165283203125
32.1870065270369565268993028439581394195556640625
48.57777147905353132273376104421913623809814453125
-31.63711627736113740638757008127868175506591796875
34.8237476274018007416088948957622051239013671875
-82.4935180051027003855779184959828853607177734375
27.523370578817381471026237704791128635406494140625
17.645280243385226270902421674691140651702880859375
37.09436992108660291478372528217732906341552734375
93.9252674321424620984544162638485431671142578125
-36.7812654967146528406374272890388965606689453125
-36.4346223903074672989532700739800930023193359375
33.04716314123593434715076000429689884185791015625
62.28467917600313086268215556629002094268798828125
88.8830871357519214370768168009817600250244140625
-64.726847056962384385769837535917758941650390625
47.5748451799314153731756960041821002960205078125
-32.25945566994436575214422191493213176727294921875
39.3558395864273649067399674095213413238525390625
-15.2862601041984103034110376029275357723236083984375
-32.91305552408726242674674722366034984588623046875
-69.9933000726122855894573149271309375762939453125
89.267028581896994410271872766315937042236328125
-65.8497965291939664211895433254539966583251953125
-98.5980032422656762491897097788751125335693359375
42.876334292854863861066405661404132843017578125
-1.26523649908619884030258617713116109371185302734375
5.99749987168343157151184641406871378421783447265625
-92.8133398635734039316957932896912097930908203125
20.507607344887684774903391371481120586395263671875
-97.80544000461117093436769209802150726318359375
-0.1907871961281510653218873585501569323241710662841796875
51.19226004103506255660249735228717327117919921875
87.7970615583608804399773362092673778533935546875
11.84712742993548317826935090124607086181640625
66.7372778059674374162568710744380950927734375
67.1476512645078997820746735669672489166259765625
-66.8595658855819152677213423885405063629150390625
-75.617422411098004886298440396785736083984375
22.85447146095923898201363044790923595428466796875
94.2735433180552178100697346962988376617431640625
63.8635049673639372258548974059522151947021484375
2.89724169565937206272110415739007294178009033203125
-96.8488189165002069103138637728989124298095703125
-78.3430037338792288892364013008773326873779296875
-12.8020187978165314035550181870348751544952392578125
-18.4256936943357771951923496089875698089599609375
-72.501874420471352777894935570657253265380859375
87.7636721185001960066074389033019542694091796875
-28.40661911531889671778117190115153789520263671875
-66.4360733019665730125780100934207439422607421875
24.73658692027921546241486794315278530120849609375
36.14546425842451071730465628206729888916015625
-4.08622927569445071327436380670405924320220947265625
-82.3272539433761920690812985412776470184326171875
-18.68898133474836953382691717706620693206787109375
-27.74052459983310114921550848521292209625244140625
4.77140951537915558589020292856730520725250244140625
68.2294387740017924670610227622091770172119140625
32.98075032350374158340855501592159271240234375
97.8937443123815711487623048014938831329345703125
45.61840263094772041085889213718473911285400390625
53.635375459649281992824398912489414215087890625
90.9534008025872964253721875138580799102783203125
-37.74923826544038973906936007551848888397216796875
56.15472305890742887868327670730650424957275390625
-40.931003162422399554998264648020267486572265625
17.7909836003018000383235630579292774200439453125
82.3537420484108224627561867237091064453125
72.17593022590898499402101151645183563232421875
7.62041745335461673249710656818933784961700439453125
9.3123468952174963675361141213215887546539306640625
-33.35709399206404413007476250641047954559326171875
-29.300134885943922569140340783633291721343994140625
-53.834158366496495773390051908791065216064453125
-1.6848280788119309736572404290200211107730865478515625
-62.8715484348256410385147319175302982330322265625
89.534556459713343201656243763864040374755859375
-25.858048806767090610492232372052967548370361328125
90.143466221743466348925721831619739532470703125
-7.37201153642975004487425394472666084766387939453125
23.757392580330186859782770625315606594085693359375
-90.52701007511956277085118927061557769775390625
-49.89660430609900032550285686738789081573486328125
11.6786179181550284766899494570679962635040283203125
21.6398639357567077468047500587999820709228515625
-57.65284110956248042612060089595615863800048828125
44.3744991794851415534139960072934627532958984375
17.3582499001733339127895305864512920379638671875
39.42465444914693506461844663135707378387451171875
10.425278008637338444941633497364819049835205078125
-51.37666503556734909352599061094224452972412109375
94.622850074034175804627011530101299285888671875
-85.6055172110230699900057516060769557952880859375
-81.932409014487490139799774624407291412353515625
25.154392197091834049160752329044044017791748046875
-86.694972766674794684149674139916896820068359375
-50.1982999775795946106882183812558650970458984375
-70.10456449545591794958454556763172149658203125
-8.9365194548505488825185238965786993503570556640625
-64.8173646864145069912410690449178218841552734375
-23.14509123270102719516216893680393695831298828125
-31.6726787381149961220216937363147735595703125
50.88700950044873394517708220519125461578369140625
-52.14429306084540627352907904423773288726806640625
72.4421743908833377645350992679595947265625
-78.8403814875540120965524693019688129425048828125
93.23157776170450006247847341001033782958984375
41.71569961571011475598425022326409816741943359375
-26.114779122866622174115036614239215850830078125
11.4959685798506914267136380658484995365142822265625
-13.9525820644112652502144555910490453243255615234375
-54.3674214224786993554516811855137348175048828125
75.398243422247333000996150076389312744140625
43.11590638387473717330067302100360393524169921875
-22.621924128750737992277208832092583179473876953125
91.1181924935359432993209338746964931488037109375
48.7566731538039306315113208256661891937255859375
64.113631360330401776081998832523822784423828125
68.7475538713500355925134499557316303253173828125
-86.10898871972671031471691094338893890380859375
-72.103057404937516139398212544620037078857421875
76.412500878476379284620634280145168304443359375
73.29901937161758951333467848598957061767578125
-53.5307585251658366587435011751949787139892578125
70.577188206271927128909737803041934967041015625
-1.56870454223879018940124296932481229305267333984375
-26.939870065129557730188025743700563907623291015625
34.06603269543672496411090833134949207305908203125
46.12952694730041258708297391422092914581298828125
62.94164969492585015586882946081459522247314453125
-28.967653441124781465987325645983219146728515625
16.10681114044586337286091293208301067352294921875
73.1367361514912062148141558282077312469482421875
40.12778325893037845162325538694858551025390625
-52.18891556280426158309637685306370258331298828125
-59.375718872863899377989582717418670654296875
1.5535211300583713356360249235876835882663726806640625
8.0540964045893037592804830637760460376739501953125
-1.8393620131085091085054727955139242112636566162109375
-65.283539097928979799689841456711292266845703125
-53.746821275673909212855505757033824920654296875
10.46381046029592454260637168772518634796142578125
7.4627231239255760186779298237524926662445068359375
21.0441457957589790339625324122607707977294921875
51.4359798648911379359560669399797916412353515625
-60.51788221576750714802983566187322139739990234375
32.12563172879738004894534242339432239532470703125
-27.300108430324161901125989970751106739044189453125
-6.3987601151237694097062558284960687160491943359375
72.9164775467348391657651518471539020538330078125
-23.716974961023833401441152091138064861297607421875
42.37765230372593094898547860793769359588623046875
-16.632482931023073291498803882859647274017333984375
85.8368823580034785436509991995990276336669921875
-26.158898972634187174435282940976321697235107421875
22.636467400313136977274552918970584869384765625
-7.92260266966392823206888351705856621265411376953125
-34.1063964430855008913567871786653995513916015625
-60.98699971424046140100472257472574710845947265625
-46.52923123203800770397720043547451496124267578125
9.8499728626177915913331162300892174243927001953125
-28.6053438322693267537033534608781337738037109375
-55.54096568015136625717786955647170543670654296875
28.804782551101826726380750187672674655914306640625
-17.098667639298863463181987754069268703460693359375
-12.256731298252617534672026522457599639892578125
27.24111798383665927758556790649890899658203125
-72.2232899530845742219753446988761425018310546875
-82.0429975928816048735825461335480213165283203125
32.46360683996669393991396646015346050262451171875
99.4065811456266743562082410790026187896728515625
65.0050186272117258567959652282297611236572265625
-55.844186397926506515432265587151050567626953125
-29.1626267324781878187422989867627620697021484375
-11.757250056913338909225785755552351474761962890625
-2.775745446392190007856015654397197067737579345703125
-73.8065538695959304504867759533226490020751953125
-58.36903478291645086528660613112151622772216796875
8.8886271823160978300393253448419272899627685546875
-8.0963286435863803802703841938637197017669677734375
-87.1880015509835715192821226082742214202880859375
70.22328633334319647474330849945545196533203125
-30.214516898860370730517388437874615192413330078125
39.3963596817341823452807147987186908721923828125
-94.263955421602759088273160159587860107421875
-27.518247568299319283369186450727283954620361328125
1.190746752777803063594319610274396836757659912109375
54.7458486212959343220063601620495319366455078125
53.082178893117173856808221898972988128662109375
-26.064540082359311412574243149720132350921630859375
-98.2639836481219930419683805666863918304443359375
19.073665353765846930400584824383258819580078125
86.398281222028259662693017162382602691650390625
24.192846515931432094248521025292575359344482421875
79.6292799380642719597744871862232685089111328125
-14.0635060103814879539640969596803188323974609375
57.1573998495793631491324049420654773712158203125
-97.0384449251446170592316775582730770111083984375
-61.133007175679864531048224307596683502197265625
-59.093327748796440346268354915082454681396484375
45.71542844291091256536674336530268192291259765625
-71.4919712096392316880155703984200954437255859375
20.735052020481109735783320502378046512603759765625
-71.88652596223238333550398238003253936767578125
-74.998730115076199354007258079946041107177734375
-61.2351411111792600650005624629557132720947265625
-36.70557227758189355881768278777599334716796875
-22.769158751335911716751070343889296054840087890625
31.99488973217603415832854807376861572265625
66.3288231192202175634520244784653186798095703125
-20.742602635937398503074291511438786983489990234375
-0.3758930116870666804373968261643312871456146240234375
-35.6715683141208472761718439869582653045654296875
-43.615652185407697061236831359565258026123046875
-36.3159619401906610391961294226348400115966796875
-96.082793263139393502569873817265033721923828125
-45.73894807897243452998736756853759288787841796875
-60.24199767228304125410431879572570323944091796875
-28.5139880474724662917651585303246974945068359375
-8.6419104347732957904781869729049503803253173828125
11.727223335970951012541263480670750141143798828125
-88.18553094327518238060292787849903106689453125
-71.393346370004479695126065053045749664306640625
-44.0486191409259362217198940925300121307373046875
-56.6037181396772979269371717236936092376708984375
57.50756803510797254830322344787418842315673828125
3.955416699441739236675630309036932885646820068359375
47.1345786473033712127289618365466594696044921875
-92.507576830564858028083108365535736083984375
-8.66141747564358155386798898689448833465576171875
77.2706023078434185435980907641351222991943359375
-56.81863820125514763503815629519522190093994140625
6.801552475260677965707145631313323974609375
-58.82680585991248989330415497533977031707763671875
-24.4322232848837046503831516019999980926513671875
74.0529374764082604087889194488525390625
56.7738682838395760654748301021754741668701171875
-8.5665027963471036542841829941608011722564697265625
-28.020403065855635560410519246943295001983642578125
29.319787969920430015235979226417839527130126953125
44.35943937238804579692441620863974094390869140625
31.926427281650195055817675893194973468780517578125
33.86214959846035554846821469254791736602783203125
-65.7874380905332003521834849379956722259521484375
15.8424603086671940133101088576950132846832275390625
66.71428282893219829929876141250133514404296875
-12.0693362941860176107411461998708546161651611328125
-4.83678054593184914011771979858167469501495361328125
19.59423011826117289047033409588038921356201171875
-99.3933028477459856731002219021320343017578125
38.09195432925222490894157090224325656890869140625
1.6978665508384567228716832687496207654476165771484375
76.2802069867534413560861139558255672454833984375
-86.810010818804556720351683907210826873779296875
25.958719110785040129485423676669597625732421875
3.8976540784964299746206961572170257568359375
39.64029337429578703222432523034512996673583984375
-38.6770707457140900942249572835862636566162109375
-21.04480218744202346670135739259421825408935546875
-43.01925424318648794042019289918243885040283203125
-54.33160242784074256405801861546933650970458984375
46.40805545984519397961776121519505977630615234375
-29.91700629420818557946404325775802135467529296875
77.676834586656894998668576590716838836669921875
99.8329505254946383274727850221097469329833984375
65.6248691614297285923385061323642730712890625
-65.02629081260926113827736116945743560791015625
66.8737649641361855401555658318102359771728515625
-35.50291570072723601469988352619111537933349609375
96.33485064620123239365057088434696197509765625
41.19671935088160097393483738414943218231201171875
37.82884294561193883055238984525203704833984375
-81.3945326092087526603791047818958759307861328125
-22.856670871570923253557339194230735301971435546875
53.8199457592602215072474791668355464935302734375
-86.2715022463469694002924370579421520233154296875
-74.4344074444289702796595520339906215667724609375
58.87469716469805547376381582580506801605224609375
-77.7424950921503494782882626168429851531982421875
51.3345234312695168910067877732217311859130859375
58.6046039991786500422676908783614635467529296875
-33.51146734837737284351533162407577037811279296875
62.36990480593117780472312006168067455291748046875
-31.80322187972137015776752377860248088836669921875
6.71936365431642546042212416068650782108306884765625
60.59715156990593953878487809561192989349365234375
-64.60054784582536058223922736942768096923828125
-94.7611481877134309570465120486915111541748046875
29.8113844824215306061887531541287899017333984375
-8.8984487908528961952470126561820507049560546875
91.7971109658795967334299348294734954833984375
0.9313301366475845721737414351082406938076019287109375
-12.1716227620753461025060460087843239307403564453125
41.9524821645418342086486518383026123046875
6.97256842553696909448035512468777596950531005859375
99.22224512245566074852831661701202392578125
66.432849300429523964339750818908214569091796875
4.234706211980370227365710888989269733428955078125
8.2108662130700746928368971566669642925262451171875
-16.36691266030493352445773780345916748046875
65.782071093759583391147316433489322662353515625
50.66790042194352139404145418666303157806396484375
-53.2216216310655596544165746308863162994384765625
-32.1169245488633094964825431816279888153076171875
51.186192424989343408014974556863307952880859375
68.5551156656341618145233951508998870849609375
44.54145316312368407807298353873193264007568359375
-99.4308897401578661856547114439308643341064453125
13.6424675518378801797325650113634765148162841796875
97.7403069479683637155176256783306598663330078125
-89.0779504608275374266668222844600677490234375
-0.061424626064348668286196897270201588980853557586669921875
59.78971880292757390407132334075868129730224609375
98.730971963060454754668171517550945281982421875
-61.58113845347705961330575519241392612457275390625
61.28347480788914936056244187057018280029296875
33.66163595389550522440913482569158077239990234375
60.99132416214894902850573998875916004180908203125
-16.934084002380448197300211177207529544830322265625
10.8277880133732349321462606894783675670623779296875
8.51104074263769661001788335852324962615966796875
-23.502710112959949384503488545306026935577392578125
3.909127707000316309660092883859761059284210205078125
-39.87577922006683905919999233447015285491943359375
42.664479351634184922659187577664852142333984375
20.826429682287649569616405642591416835784912109375
8.8409285051162864732532398193143308162689208984375
63.354127640343307348302914761006832122802734375
-58.27723577425030043741571716964244842529296875
51.66956108984681605988953378982841968536376953125
53.64377495895264047476302948780357837677001953125
-82.7808130054351778426280361600220203399658203125
88.345588439672070535380044020712375640869140625
-7.47686458412285137598018991411663591861724853515625
5.60587715096115513091490356600843369960784912109375
-39.8168096421545243401851621456444263458251953125
-18.993339102914109872699555126018822193145751953125
80.948730966954173027261276729404926300048828125
-43.76481411112539632313200854696333408355712890625
-81.8583872232808715807550470344722270965576171875
96.2405224358065964906927547417581081390380859375
-28.97694425573008203400604543276131153106689453125
22.769370348579304419445179519243538379669189453125
36.8706177413245512752837385050952434539794921875
-63.270763791353971328135230578482151031494140625
34.25949308240455337681851233355700969696044921875
-74.5809513598854749716338119469583034515380859375
-18.095882473425266567801372730173170566558837890625
-78.29735090015088871950865723192691802978515625
12.54897037355434719074764871038496494293212890625
-38.43101810352408875814944622106850147247314453125
-91.5133430423035321155111887492239475250244140625
-71.98505374543611878834781236946582794189453125
-6.675720812257480929474695585668087005615234375
-47.5393818074401650619620340876281261444091796875
39.84864968580728117331091198138892650604248046875
-99.141323479925830497450078837573528289794921875
24.210262673358048601812697597779333591461181640625
4.1436794523764231001905500306747853755950927734375
-2.681315473858104869719909402192570269107818603515625
-32.93324998739308995254759793169796466827392578125
14.5200879157058846402605922776274383068084716796875
80.2327434165575681390691897831857204437255859375
28.65209316022542651580806705169379711151123046875
-12.1666320505579594879463911638595163822174072265625
-22.975436947076918414722968009300529956817626953125
80.376127996370968276096391491591930389404296875
93.8261111390120987607588176615536212921142578125
4.4438642264991781161143080680631101131439208984375
74.26759636432387878812733106315135955810546875
-81.5891011156485319588682614266872406005859375
29.0747260165469043613484245724976062774658203125
-54.3478523897528162933667772449553012847900390625
86.249702617689507633258472196757793426513671875
-43.60023055151086879277499974705278873443603515625
-98.26000539208126838275347836315631866455078125
-53.13982084729874344475319958291947841644287109375
-6.75043720315768869255634854198433458805084228515625
12.5712968023717568399888477870263159275054931640625
17.60437593032973069284707889892160892486572265625
-91.4985146847130721425855881534516811370849609375
-95.0176684593191822614244301803410053253173828125
29.4918962944215223842547857202589511871337890625
-19.743007825890270368063283967785537242889404296875
0.51267789696511589792038421364850364625453948974609375
-74.980366685707423357598599977791309356689453125
81.8029860042330341229899204336106777191162109375
-38.8120258931697179605180281214416027069091796875
-20.121751041685516980805914499796926975250244140625
-0.53419561815914951008466005077934823930263519287109375
-73.6909046140362846699645160697400569915771484375
75.9183142524720011579120182432234287261962890625
33.5833195650079829874812276102602481842041015625
34.9887477479636999078138615004718303680419921875
14.64261863341952363271047943271696567535400390625
-46.47224838272257585458646644838154315948486328125
-2.509291131909170413649690090096555650234222412109375
-27.774241914870760439271180075593292713165283203125
-82.714558238792761812874232418835163116455078125
-39.1325514450955012080157757736742496490478515625
0.0982781265750572174955124182815779931843280792236328125
26.1120977758474595020743436180055141448974609375
-27.711076719304838178459249320439994335174560546875
-72.774112253929075677660875953733921051025390625
-2.924397294583295892067553722881712019443511962890625
-40.5468718628547009075191454030573368072509765625
-18.56242746186409675601680646650493144989013671875
22.328695342395509015887000714428722858428955078125
5.01552781257582314111687082913704216480255126953125
99.005621895032163592986762523651123046875
-1.89269538127707459551629654015414416790008544921875
89.948919661581641094016958959400653839111328125
-75.235628602937737241518334485590457916259765625
-68.28798857631142027457826770842075347900390625
69.3248804138429477461613714694976806640625
15.7059331636505756790711529902182519435882568359375
-5.06861324557815517977132913074456155300140380859375
77.098488249530447546931100077927112579345703125
-21.6590291118238695844411267898976802825927734375
-20.12955294449115939414696185849606990814208984375
95.041866748736794079377432353794574737548828125
54.06314127312219852683483622968196868896484375
-24.490231266207057814199288259260356426239013671875
-84.561738109349533942804555408656597137451171875
-28.095868946201964178044363507069647312164306640625
63.1251611558209333452396094799041748046875
55.42561479460326978596640401519834995269775390625
-63.7612478843108334558564820326864719390869140625
-19.487611262415551749427322647534310817718505859375
-27.32447289057213168916860013268887996673583984375
51.30627855638670808957613189704716205596923828125
61.24885125399106300392304547131061553955078125
-79.7816352044514331964819575659930706024169921875
16.46691459274361335474168299697339534759521484375
-98.4332534330729913563118316233158111572265625
-1.498955919032410211144679124117828905582427978515625
12.3284715621048857059349757037125527858734130859375
18.481603649929791544082036125473678112030029296875
-45.132321310770521449740044772624969482421875
-2.382729392266754064877432028879411518573760986328125
-42.70695803751528529801362310536205768585205078125
-0.1831962482872963315916337023736559785902500152587890625
63.655632853904620560570037923753261566162109375
-12.8753735640774156223642421537078917026519775390625
-29.777594964109933783902306458912789821624755859375
45.38438128926453174472044338472187519073486328125
-45.55297275129462519771550432778894901275634765625
95.389618161111911831540055572986602783203125
76.2863634229855733792646788060665130615234375
-63.18208294796494328693370334804058074951171875
-48.08140999116300662308276514522731304168701171875
-47.79491687820775069894807529635727405548095703125
-10.399658131693318097177325398661196231842041015625
-91.356832933804554386370000429451465606689453125
-82.055052964846737495463457889854907989501953125
0.7236851112725706247630341749754734337329864501953125
24.43284143797426821720364387147128582000732421875
12.5304420307524200239868150674737989902496337890625
-50.467810756746303013642318546772003173828125
26.678520111459913977114410954527556896209716796875
-76.1282817292758551275255740620195865631103515625
96.3618927060615391155806719325482845306396484375
-30.56550405665510794506189995445311069488525390625
56.73698934982507324775724555365741252899169921875
-97.5872405911361653352287248708307743072509765625
-53.558341261979734326814650557935237884521484375
30.3272161717585646556472056545317173004150390625
57.60746077749075055862704175524413585662841796875
-88.3790555424774453285863273777067661285400390625
90.8260937408060300413126242347061634063720703125
88.3079785232924194815495866350829601287841796875
98.7291618019234107350712292827665805816650390625
30.65071702908875295179313980042934417724609375
57.17209026054474207967359689064323902130126953125
84.355566756250510707104695029556751251220703125
-9.8346127345178846468343181186355650424957275390625
1.500475294772009693389236417715437710285186767578125
-30.9216569889155152850435115396976470947265625
-58.9484314139390193076906143687665462493896484375
-90.956132038770505232605501078069210052490234375
65.946226024023616218983079306781291961669921875
-91.1802413100098618770061875693500041961669921875
-56.964138685472534007203648798167705535888671875
10.825114613527063056608312763273715972900390625
-46.6896850114281960486550815403461456298828125
-67.66139905933601994547643698751926422119140625
59.8283357791326153574118507094681262969970703125
60.5936581909439411219864268787205219268798828125
-27.56437769610862886793256620876491069793701171875
-66.3395261464392405059697921387851238250732421875
31.93249051891591960838923114351928234100341796875
-76.3038637129924524060697876848280429840087890625
-54.38677079860513430276114377193152904510498046875
5.218785422074542879045111476443707942962646484375
-12.6097167897776554212896371609531342983245849609375
46.16267853367617846060966257937252521514892578125
37.37713854353893339066416956484317779541015625
38.7512402624250711369313648901879787445068359375
-29.04738389136429788095483672805130481719970703125
8.09344450348181254639712278731167316436767578125
-29.8492026117365867321495898067951202392578125
17.66830366025482845770966378040611743927001953125
2.97683302985216524660927461809478700160980224609375
-58.0230226540061408968540490604937076568603515625
-8.7953629899159633254157597548328340053558349609375
30.13726932398233060439451946876943111419677734375
77.33720809721575051298714242875576019287109375
-46.2834419593711317020279238931834697723388671875
90.2429009121931784420667099766433238983154296875
17.31130992287982195421136566437780857086181640625
-23.971519636367265349008448538370430469512939453125
-52.9323664454115743183137965388596057891845703125
-27.423573051475063522275377181358635425567626953125
99.1342986182304883868710021488368511199951171875
38.8707156654195244982474832795560359954833984375
6.5458217917711269961955622420646250247955322265625
73.71890495612888116738758981227874755859375
0.67098031777421229815416836572694592177867889404296875
-27.801737647613673942714740405790507793426513671875
19.87333853491055180029434268362820148468017578125
-46.92648797806253213593663531355559825897216796875
38.12434000942186429483626852743327617645263671875
59.1590396715834714314041775651276111602783203125
32.290664963202885928694740869104862213134765625
-97.474569196928001701962784864008426666259765625
-6.15626357403233637199946315377019345760345458984375
-8.6225687849873917656395860831253230571746826171875
-94.755908770709794453068752773106098175048828125
54.6426273978345733439709874801337718963623046875
90.7903046637768085247444105334579944610595703125
62.30566991751811656286008656024932861328125
58.63265861906017306637295405380427837371826171875
75.3465646431541387073593796230852603912353515625
-74.3242606498934748060491983778774738311767578125
77.660556247513994776454637758433818817138671875
51.18533426313939571627997793257236480712890625
-37.11463826145303102066463907249271869659423828125
3.006018643397689427132490891381166875362396240234375
0.1740821746628433974724003974188235588371753692626953125
16.3018174189293887366147828288376331329345703125
17.710305110115456272978917695581912994384765625
46.9469765340360964955834788270294666290283203125
-3.01194112916345080321889327024109661579132080078125
-40.7561791246061346782880718819797039031982421875
18.8746306156182441782220848836004734039306640625
-25.866871685803200620057396008633077144622802734375
79.3055312791385489390449947677552700042724609375
32.58577156050322543023867183364927768707275390625
-82.7971919908087983230871031992137432098388671875
20.48232606052402360319319996051490306854248046875
37.19918181316762684218701906502246856689453125
90.79521021454132778671919368207454681396484375
40.19900882849600520785315893590450286865234375
18.007670616462473134333777124993503093719482421875
-43.37031352432176589672963018529117107391357421875
-3.969508409731160814004624626250006258487701416015625
52.54513740800948795595104456879198551177978515625
15.8035701825599179670689409249462187290191650390625
-47.574411611374870290092076174914836883544921875
-46.52473032990541668141304398886859416961669921875
-22.233632792351375684347658534534275531768798828125
-54.59769270017014974882840760983526706695556640625
3.016224748384221499009072431363165378570556640625
-49.2395821003661779968751943670213222503662109375
-73.3065404336001762430896633304655551910400390625
29.33885117808114273429964669048786163330078125
-78.95153862953458201445755548775196075439453125
-93.300340343060810255337855778634548187255859375
-12.9298687285430258242513446020893752574920654296875
-63.26133298107615843264284194447100162506103515625
-27.904166252622541577466108719818294048309326171875
99.2450525885239898116196854971349239349365234375
-89.6740106254970754662281251512467861175537109375
-64.0379977416922514521502307616174221038818359375
-22.703016536261376501215636380948126316070556640625
50.50345510345258759343778365291655063629150390625
71.5456464905714284441273775883018970489501953125
-78.572271972059382960651419125497341156005859375
-47.03990631627655005786436959169805049896240234375
7.74853813973206673182403392274864017963409423828125
53.1534540268408051133519620634615421295166015625
-76.82055596338187797300633974373340606689453125
21.164174032075418807608002680353820323944091796875
-17.390151182205666913205277523957192897796630859375
-8.0968551608279124565115125733427703380584716796875
55.19528972142339995343718328513205051422119140625
-39.157285144110346664092503488063812255859375
-60.20794179399586454337622853927314281463623046875
-2.077933570155095832632241581450216472148895263671875
4.8482333122913718881363820401020348072052001953125
43.84831537375611532070251996628940105438232421875
85.599616708679917564950301311910152435302734375
-16.285084394290340270572414738126099109649658203125
-45.99880479222036910869064740836620330810546875
-26.29214093138900665280743851326406002044677734375
-60.87072840483546087853028438985347747802734375
-97.9752189215956974521759548224508762359619140625
49.08076148253305603930130018852651119232177734375
46.19849849542875830366028822027146816253662109375
71.4218789022838649316327064298093318939208984375
73.062170378982870033723884262144565582275390625
74.5476398340137080822387360967695713043212890625
-21.876546088540937518018836271949112415313720703125
21.360063280325103818313436931930482387542724609375
-18.355615792000921970839044661261141300201416015625
17.29859124535402514766246895305812358856201171875
57.653120836648298563886783085763454437255859375
-11.1334448131754317756758609903044998645782470703125
2.03366875902524046892949627363122999668121337890625
79.325420454646263124232064001262187957763671875
-98.1963197235085800684828427620232105255126953125
-15.953880104047801324895772268064320087432861328125
77.77161472502530159545131027698516845703125
-17.12552083450261619645971222780644893646240234375
-43.63614063233300299771144636906683444976806640625
94.5432876337561509672013926319777965545654296875
19.5833448553049862539410241879522800445556640625
91.386525549135825485791428945958614349365234375
-86.83430641515718662049039267003536224365234375
16.53306204964051318029305548407137393951416015625
-62.61411542136863062069096486084163188934326171875
43.308104934819738218720885924994945526123046875
9.22566209085282906698921578936278820037841796875
-41.0934040460407601358383544720709323883056640625
52.5632482337802713345809024758636951446533203125
76.8474242539949585761860362254083156585693359375
-4.475521018293051156433648429811000823974609375
-28.33180305306899526840425096452236175537109375
53.69731709857352797143903444521129131317138671875
23.08848139157274914623485528863966464996337890625
72.14197009984576425267732702195644378662109375
66.60884306788904041241039521992206573486328125
-26.79660971319264461953935096971690654754638671875
44.753270632799200257068150676786899566650390625
68.781743033508320195323904044926166534423828125
8.0876638196384664780680395779199898242950439453125
28.096163465024886818355298601090908050537109375
-33.8936989057046957896091043949127197265625
-9.5263357744080945366249579819850623607635498046875
-46.4222769843726155158947221934795379638671875
-90.38655729569217101015965454280376434326171875
-76.508085058470072681302553974092006683349609375
-21.7660986925292121441088966093957424163818359375
-74.6260666296558241583625203929841518402099609375
-92.5217105560797108410042710602283477783203125
94.29591947180023225882905535399913787841796875
23.6068226757590338138470542617142200469970703125
-30.665389735573210572283642250113189220428466796875
-4.44093776540651585804653223021887242794036865234375
-83.5328900962137055330458679236471652984619140625
39.58501151865686296105195651762187480926513671875
15.378233211839642535778693854808807373046875
-6.64782727082255764372575868037529289722442626953125
6.98743799047351643594083725474774837493896484375
-63.0275648011937619230593554675579071044921875
5.36167699204288705772114553838036954402923583984375
54.2147983439876242073296452872455120086669921875
6.65928492359802959299486246891319751739501953125
11.0757081195253714867021699319593608379364013671875
43.141959682577493140342994593083858489990234375
19.06232731393476598213965189643204212188720703125
-57.44628151309776598054668284021317958831787109375
61.24366668428182691741312737576663494110107421875
49.6092214361839722869262914173305034637451171875
20.316435003454007102163814124651253223419189453125
0.71233946791594837666394823827431537210941314697265625
23.447660445078451374456562916748225688934326171875
61.91311284690092264781924313865602016448974609375
-40.7518691358428242210720782168209552764892578125
40.96978886138825970419929944910109043121337890625
7.8181541319851906024496202007867395877838134765625
95.0606371956191509298150776885449886322021484375
48.29777982100813460419885814189910888671875
-38.82531602106637791393950465135276317596435546875
17.86073778040543658107708324678242206573486328125
-6.4298196341010918075653535197488963603973388671875
-11.679570567839061112636045436374843120574951171875
86.628938716895532934358925558626651763916015625
-94.4223625822269099217010079883038997650146484375
20.33150743767803447781261638738214969635009765625
-15.112735408533897185634486959315836429595947265625
-29.750575642761678096803734661079943180084228515625
60.78444863589908919720983249135315418243408203125
33.5494883900240523644242784939706325531005859375
24.90733554881283140503001050092279911041259765625
-11.880985502182330293408085708506405353546142578125
23.633959918109344044978570309467613697052001953125
24.9202057586002183597884140908718109130859375
80.9986111617757416070162435062229633331298828125
-37.25560153445565703123065759427845478057861328125
9.0810458286764390578582606394775211811065673828125
3.061571185237438985637936639250256121158599853515625
57.0569240986859540498699061572551727294921875
-72.2570674225586344618932344019412994384765625
17.65062097055971435111132450401782989501953125
96.0886266575493976915822713635861873626708984375
14.46784663020765293595104594714939594268798828125
-20.4561408139843621256659389473497867584228515625
61.7635907030658728444905136711895465850830078125
16.487627571446441976377172977663576602935791015625
30.63852275854798534737710724584758281707763671875
3.8107368492449484875805865158326923847198486328125
17.236444999910620623495560721494257450103759765625
-17.2389898229462090739616542123258113861083984375
-64.171111119380924492361373268067836761474609375
2.844641393186806421766732455580495297908782958984375
82.6553774771800391363285598345100879669189453125
-48.40296738340708060377437504939734935760498046875
-64.8670499173530714642765815369784832000732421875
3.437170033834240800985071473405696451663970947265625
96.379135286232752832802361808717250823974609375
-67.413992439060933747896342538297176361083984375
54.51537356671513379069438087753951549530029296875
-32.196089583045221615975606255233287811279296875
-8.1198387584910012293448744458146393299102783203125
-50.08114466015550902966424473561346530914306640625
-13.8393058208378274542837971239350736141204833984375
-83.6641802056584396041216677986085414886474609375
1.060379601851883624163974673138000071048736572265625
-99.97802075490056950002326630055904388427734375
-52.27698346700108089635250507853925228118896484375
-94.3885836128755926210942561738193035125732421875
-98.6927122392830398212026921100914478302001953125
24.780204971480809916783982771448791027069091796875
-12.673733112646406340218163677491247653961181640625
-81.342901616101102035827352665364742279052734375
37.72674608865005296820527291856706142425537109375
-76.6035717503915662973668077029287815093994140625
69.07179881587109093743492849171161651611328125
-51.27133014994371507100368035025894641876220703125
59.2441515657097994562718668021261692047119140625
-47.111155579736731624507228843867778778076171875
-71.3758594118043134812978678382933139801025390625
14.1426537087009052129360497929155826568603515625
43.54944423301054001740340027026832103729248046875
36.118311248176695471556740812957286834716796875
-29.96709296315776072106018546037375926971435546875
-42.22650825180898692678965744562447071075439453125
2.787104937524547576543909599422477185726165771484375
-85.313045116169092807467677630484104156494140625
-61.4453805080847672570598660968244075775146484375
79.5966716194750318891237839125096797943115234375
-35.07883044310830200629425235092639923095703125
36.268543923481928459295886568725109100341796875
-55.3107033356170489923897548578679561614990234375
29.2615395736098236056932364590466022491455078125
-29.220821612964680724644495057873427867889404296875
-30.418488716781570957436997559852898120880126953125
-40.85715623044253419493543333373963832855224609375
-59.92696081011451525455413502641022205352783203125
6.99906143335166941454872358008287847042083740234375
67.939628799103758183264289982616901397705078125
92.999100399762170354733825661242008209228515625
97.5994881434472318915140931494534015655517578125
57.96350177506533185578518896363675594329833984375
-0.44306873195604190573959613175247795879840850830078125
-92.13178007163281790781184099614620208740234375
-40.67954618481781636774030630476772785186767578125
3.217103517452787997399354935623705387115478515625
-6.3586286907065083795487225870601832866668701171875
28.00647302054019149863961501978337764739990234375
-0.642817245259936331791550401248969137668609619140625
84.3536212243519685216597281396389007568359375
82.18362603464987614643177948892116546630859375
72.7349748978106021013445570133626461029052734375
-28.41083132462686222652337164618074893951416015625
-79.2393554668870052637430489994585514068603515625
-93.4165633980351088894167332910001277923583984375
64.541000325552516869720420800149440765380859375
-82.7544460289157797205916722305119037628173828125
-23.117916109991153206237868289463222026824951171875
-76.32630432807081888313405215740203857421875
14.54125127306030407225989620201289653778076171875
-52.592136711473358445800840854644775390625
40.19873949569506521584116853773593902587890625
-11.98979761619275308248688816092908382415771484375
74.8496592743494630894929287023842334747314453125
29.198917330153495441891209338791668415069580078125
-85.1752519664612890437638270668685436248779296875
-14.5119243970469824489555321633815765380859375
78.9670297399992904274768079631030559539794921875
6.00970058150000152608072312432341277599334716796875
-3.8242664334539906434429212822578847408294677734375
44.78594762060475886755739338696002960205078125
-12.283435990940414939132097060792148113250732421875
-78.6852058777463838623589253984391689300537109375
-25.09070953598600084433201118372380733489990234375
-42.49525737647631018489846610464155673980712890625
-36.19401858466850541162784793414175510406494140625
-82.9939850916008623471498140133917331695556640625
69.7311442112827961636867257766425609588623046875
68.1321692014407602755454718135297298431396484375
16.45001833513943978459792560897767543792724609375
-51.00214685151326676759708789177238941192626953125
61.64320446379682749693529331125319004058837890625
56.297621635547699270318844355642795562744140625
22.498163736263965262196506955660879611968994140625
4.4600093534546854101563440053723752498626708984375
75.1913683293600598744887975044548511505126953125
-82.0286015582600924744838266633450984954833984375
-35.56938873366726738822762854397296905517578125
55.31353551987779582077564555220305919647216796875
-13.4007150310966043349480969482101500034332275390625
-49.8195338416322073271658155135810375213623046875
32.9026747288391021584175177849829196929931640625
-69.23609071649110546786687336862087249755859375
29.977551119890382125277028535492718219757080078125
25.85581834021338210050089401192963123321533203125
74.37538319531091701719560660421848297119140625
27.75148103068685401240145438350737094879150390625
-46.18008628189283371057172189466655254364013671875
87.2910008051693608877030783332884311676025390625
83.365377592972663478576578199863433837890625
-44.82892748112796965642701252363622188568115234375
-23.836762126539309036843405920080840587615966796875
-21.0552843998263057301301159895956516265869140625
46.3716569443695476593347848393023014068603515625
29.516379173863555251955403946340084075927734375
-46.79492726484738085446224431507289409637451171875
-68.9940589340440482146732392720878124237060546875
-1.9273389243027090333981732328538782894611358642578125
32.3114624734018462959284079261124134063720703125
-35.72836930999570625999695039354264736175537109375
-13.58437293529730283125900314189493656158447265625
48.7749510768976080044012633152306079864501953125
85.79981242992943180070142261683940887451171875
27.16588102829540929405993665568530559539794921875
-73.310789419949600187464966438710689544677734375
-53.086174081231916943579562939703464508056640625
-49.4546496327855180652477429248392581939697265625
-35.09033523489417660812250687740743160247802734375
50.6264918382401702956485678441822528839111328125
-95.8659986603803275784230208955705165863037109375
30.290769982821235117853575502522289752960205078125
-66.2172590858360905485824332572519779205322265625
12.902734570963406923738148179836571216583251953125
59.6246325854551599832120700739324092864990234375
-0.261757024869475163342258383636362850666046142578125
38.85465200052292544796728179790079593658447265625
-56.76589410100805110914734541438519954681396484375
-2.348007401042914832345331888063810765743255615234375
-28.90457212806504827540265978313982486724853515625
-38.0896201969871270875955815427005290985107421875
34.559641615736012454362935386598110198974609375
-65.760596216665163638026569969952106475830078125
85.6575805822999853944565984420478343963623046875
18.923166618686796169868102879263460636138916015625
-33.2425285852292944355212966911494731903076171875
-49.214515538490474000354879535734653472900390625
35.5501851410813713982861372642219066619873046875
52.06828242118438510033229249529540538787841796875
-77.036037336618818471833947114646434783935546875
17.570380228745424489034121506847441196441650390625
-8.2892354332828563912016761605627834796905517578125
2.695771888613545996804532478563487529754638671875
-2.40471865611799717754593075369484722614288330078125
-33.14345457813913498057445394806563854217529296875
-21.882719599049909930954527226276695728302001953125
-40.17921542531525602726105717010796070098876953125
35.79823118754584498901749611832201480865478515625
5.5879010939079289954634077730588614940643310546875
-82.12766322825262932383338920772075653076171875
-81.0606758155054052394916652701795101165771484375
-92.5936750698198096642954624257981777191162109375
-53.61936994290388014405834837816655635833740234375
-92.518869717799617546916124410927295684814453125
64.8712165705745746890897862613201141357421875
-0.191797556760684939636263379725278355181217193603515625
-39.0499136519265306333181797526776790618896484375
-4.98287311025824752874768819310702383518218994140625
-70.2595191444663811353166238404810428619384765625
21.16585156194781092153789359144866466522216796875
29.10250577276004690929767093621194362640380859375
83.448869366161289917727117426693439483642578125
23.59694173285123497407766990363597869873046875
41.39728466875762791232773452065885066986083984375
82.2101053401630252892573480494320392608642578125
-83.4943271458315763311475166119635105133056640625
-63.8341061805673319895504391752183437347412109375
-64.2266990815281815230264328420162200927734375
-10.68095165871076090979840955697000026702880859375
-56.8920014619355924878618679940700531005859375
67.344146931248445753226405940949916839599609375
27.4619455787128146084796753711998462677001953125
-21.042492686822573233484945376403629779815673828125
78.745779790895227279179380275309085845947265625
48.381055282677806417268584482371807098388671875
88.0909401776003591066910303197801113128662109375
68.2625888880526048296815133653581142425537109375
26.703050354792583931384797324426472187042236328125
32.00112464751234853110872791148722171783447265625
50.82938482385745970759671763516962528228759765625
-90.4689048140802469788468442857265472412109375
32.194326544518247601445182226598262786865234375
-74.1726124113492204514841432683169841766357421875
54.822061651615314303853665478527545928955078125
-83.1918288306333266746150911785662174224853515625
36.57251501168685337006536428816616535186767578125
33.5382719751627291771001182496547698974609375
15.1188090435694970636859579826705157756805419921875
-27.568647606964219676228822208940982818603515625
-58.5473536226688935357742593623697757720947265625
-61.79030768823442798520773067139089107513427734375
-9.9488660761549585487273361650295555591583251953125
95.8315675537837847741684527136385440826416015625
-91.3525517536431124199225450865924358367919921875
-79.7071045511329288046908914111554622650146484375
-90.4168707788239345291003701277077198028564453125
14.7995486363951602726274359156377613544464111328125
37.20118071944074245038791559636592864990234375
-54.860941714815822933815070427954196929931640625
-40.05542994137837098378440714441239833831787109375
46.69434458454413316985665005631744861602783203125
48.0964391648075064722434035502374172210693359375
-19.69481715069094462933207978494465351104736328125
-35.15935067973037320143703254871070384979248046875
66.261527396521074706470244564116001129150390625
-3.245488102591789658646348470938391983509063720703125
-58.956459246587343159262672998011112213134765625
5.77147582870497455331815217505209147930145263671875
4.871514840761374642852388205938041210174560546875
47.743369097975801196298561990261077880859375
48.69758333210096878929107333533465862274169921875
0.4958531086806134968725245926179923117160797119140625
-82.1958831288564084616155014373362064361572265625
44.83624651043508180237040505744516849517822265625
-48.0063170980454430036843405105173587799072265625
40.46281417827895410255223396234214305877685546875
90.9931128388077894442176329903304576873779296875
71.8243781875561211336389533244073390960693359375
-21.358231723502999699348947615362703800201416015625
29.2125656542214215960484580136835575103759765625
-11.7161722810319179899352093343622982501983642578125
-53.92761229613919482517303549684584140777587890625
-49.27209085555600864836378605104982852935791015625
84.4497349275966797677028807811439037322998046875
45.29471729746105523872756748460233211517333984375
-5.186241587730290092395080137066543102264404296875
-3.33158364961107711366139483288861811161041259765625
19.017091469438280881831815349869430065155029296875
-78.00613370132094814834999851882457733154296875
2.583346250887144091024083536467514932155609130859375
34.60241365927800671897784923203289508819580078125
-36.2483094372918657199988956563174724578857421875
29.688579255811088586369805852882564067840576171875
-46.9409156125542352810953161679208278656005859375
-67.40409028912819167089764960110187530517578125
19.656508586738301147534002666361629962921142578125
82.453865841137286452067201025784015655517578125
40.1669018382893909802078269422054290771484375
-84.5090567801303649275723728351294994354248046875
2.80138930497500826533041617949493229389190673828125
44.0585820997501258489137399010360240936279296875
20.1809164925422948044797522015869617462158203125
83.09768676700110745514393784105777740478515625
-56.9921123609066029302994138561189174652099609375
-86.2215946648927200612888555042445659637451171875
-78.900929172569561842465191148221492767333984375
-29.62842979928961284485922078602015972137451171875
-23.13889481230594213911899714730679988861083984375
50.0377512251321689973337925039231777191162109375
-18.1348946785970355222161742858588695526123046875
-68.150161521329806646463111974298954010009765625
54.6200026192400258651105104945600032806396484375
-91.369666104529329686556593514978885650634765625
56.01467124216916459999993094243109226226806640625
-73.786408192955974527649232186377048492431640625
-97.1541175818072275660597370006144046783447265625
6.63043150910409995191230336786247789859771728515625
-40.6239610748654200733653851784765720367431640625
5.75940825871126182988746222690679132938385009765625
44.76515604304885442843442433513700962066650390625
-30.5819878947022658621790469624102115631103515625
-30.36791897650569893585270619951188564300537109375
-67.22456714888068063373793847858905792236328125
-27.304905318744214781645496259443461894989013671875
-77.59446801123584691595169715583324432373046875
-46.6887039322525794204921112395823001861572265625
-87.383870435142370070025208406150341033935546875
-88.0348517861402086737143690697848796844482421875
-28.83170019377333659349460504017770290374755859375
-8.556112573878781546454774797894060611724853515625
85.53887958869660224081599153578281402587890625
51.55578802690106243744594394229352474212646484375
-35.93749100794906325972988270223140716552734375
-25.101288436845965890142906573601067066192626953125
30.420538505797910744377077207900583744049072265625
82.639989347547953002504073083400726318359375
