0.475390297629174340965363398936460725963115692138671875
498729.4349012463935650885105133056640625
328.103285113671518047340214252471923828125
0.32315995250173956687689269529073499143123626708984375
136.45628101512846797049860469996929168701171875
9.025518074644136135020744404755532741546630859375
0.0924396187965050020185486800983198918402194976806640625
0.00010994844175405172627922600891992033211863599717617034912109375
0.00936618652528261631806660858501345501281321048736572265625
299.679040997517176947440020740032196044921875
4.93958986470246852462651077075861394405364990234375
81.364139577756958487952942959964275360107421875
0.65440274774912132738080572380567900836467742919921875
11.6119733212450153558847887325100600719451904296875
2860774.3201100029982626438140869140625
8.5835781196783443483359909986774027856881730258464813232421875e-05
23.56951753728851173264047247357666492462158203125
0.0481031421644801948644953881739638745784759521484375
1.4318494811719004733419069452793337404727935791015625
12.16976123256557684726431034505367279052734375
