-49.8349229652322520678353612311184406280517578125
31.855349922588434452563888044096529483795166015625
54.72054143682850479990520398132503032684326171875
-19.88942760380583507640039897523820400238037109375
-28.12909619258119420237562735565006732940673828125
-94.75234751722661030726158060133457183837890625
64.663894083540441215518512763082981109619140625
20.26059598709867515253790770657360553741455078125
-69.91468169822513800681917928159236907958984375
-25.632871339015633083135980996303260326385498046875
-98.375508993586691985910874791443347930908203125
46.0218706480014105864029261283576488494873046875
53.40494357775950362565708928741514682769775390625
91.8245544202746799555825418792665004730224609375
34.3692850198815875728541868738830089569091796875
46.6083789620057729052859940566122531890869140625
35.33461096426450609442326822318136692047119140625
-97.0480180518372179676589439623057842254638671875
2.2784614727289369540130792302079498767852783203125
11.3780644660267977741341383079998195171356201171875
11.1488640285656597228580722003243863582611083984375
53.16192270036012956779813976027071475982666015625
-47.6099157254574691933157737366855144500732421875
-54.000381901639826764949248172342777252197265625
-99.7033800407183434799662791192531585693359375
-48.33536792218487931904746801592409610748291015625
-48.5499144822253327902217279188334941864013671875
6.11607705162482861993566984892822802066802978515625
17.397888443286799287079702480696141719818115234375
-43.50120597790746757027591229416429996490478515625
6.77864226289150995086174589232541620731353759765625
19.867427058596831557224504649639129638671875
-17.3148535150797471260375459678471088409423828125
-80.0970813755239277043074253015220165252685546875
-15.0421189614388737254557781852781772613525390625
-4.03584032988945740072495027561672031879425048828125
-5.93030846915342646497038003872148692607879638671875
-59.20155364941825126834373804740607738494873046875
-22.791245600115320968370724585838615894317626953125
37.04216342526016347846962162293493747711181640625
-33.34787357815840636021675891242921352386474609375
-78.692623904270448065290111117064952850341796875
61.77409287428298512168112210929393768310546875
-90.5133214868896374127871240489184856414794921875
83.73906828439879745928919874131679534912109375
14.18924660930327519281490822322666645050048828125
-80.064808094057525522657670080661773681640625
32.797557330104638140255701728165149688720703125
-85.0115922168677826675775577314198017120361328125
-46.0231872924715759154423722065985202789306640625
21.896660739418354779672881704755127429962158203125
-14.7332175924376382880609526182524859905242919921875
10.5901357500117825338747934438288211822509765625
-44.6073547193857251613735570572316646575927734375
85.7373842789602491620826185680925846099853515625
-77.970993261271132723777554929256439208984375
-54.75300367958195835171864018775522708892822265625
82.2559179660659225419294671155512332916259765625
11.5681667958481835256634440156631171703338623046875
27.72199756801338565992409712634980678558349609375
62.11975534867675463601699448190629482269287109375
56.94614121368893933095023385249078273773193359375
-5.105622996985228922994792810641229152679443359375
94.7759678172686363950560917146503925323486328125
35.41515065272862017309307702817022800445556640625
21.726943997019521503943906282074749469757080078125
-86.712121363127920403712778352200984954833984375
96.0604144582072052571675158105790615081787109375
-61.27353441919881760213684174232184886932373046875
-65.2671038515402557322886423207819461822509765625
69.3608305812827126146657974459230899810791015625
-5.1174857155369988248594381730072200298309326171875
-87.259324726849541775663965381681919097900390625
13.939556908930143208635854534804821014404296875
-61.70213323813781158833080553449690341949462890625
43.2031465513129688815752160735428333282470703125
20.48392947375332795445501687936484813690185546875
39.45220627835018234463859698735177516937255859375
-27.520292879410764186332016834057867527008056640625
-74.4516354572458141092283767648041248321533203125
15.237347027161291634911322034895420074462890625
32.6551089646533085897317505441606044769287109375
-48.991659287082114815348177216947078704833984375
73.895834243374707739349105395376682281494140625
-19.3678333384095111568967695347964763641357421875
77.40866545294153411305160261690616607666015625
-49.80999165139292728099462692625820636749267578125
64.54066428518973452810314483940601348876953125
-14.3005360330258124434976707561872899532318115234375
-32.23489262908565677889782818965613842010498046875
78.236693126130802511397632770240306854248046875
-5.37025275328075313296949389041401445865631103515625
48.67552823185221910762265906669199466705322265625
-36.7215432268202590648797922767698764801025390625
47.02063163347229846067421021871268749237060546875
-39.4777712746249704878209740854799747467041015625
33.18375440113851482237805612385272979736328125
-11.499829678696531942705405526794493198394775390625
16.748330063039237103339473833329975605010986328125
72.690286865341676048046792857348918914794921875
88.0835721034277838725756737403571605682373046875
21.970064925397988275790339685045182704925537109375
-44.40428947399016834651774843223392963409423828125
11.18106102973007409673300571739673614501953125
-35.00651048479289073611653293482959270477294921875
91.0611156154143799312805640511214733123779296875
-24.16296385210153374600849929265677928924560546875
-88.6118213642495646809038589708507061004638671875
46.012129224213964562295586802065372467041015625
32.154557631223639191375696100294589996337890625
-55.369051067499498230972676537930965423583984375
-87.0405742771626336207191343419253826141357421875
-16.636813699111126396701365592889487743377685546875
10.8113438087562823142206980264745652675628662109375
4.91110381055271005834583775140345096588134765625
-82.7675780536718121993544627912342548370361328125
16.612388494667239768887156969867646694183349609375
47.97493902672756149740962428040802478790283203125
-81.741567240747599498718045651912689208984375
11.4229239282621364282022113911807537078857421875
54.21528944049263287752182804979383945465087890625
-71.45731760996562798027298413217067718505859375
-58.04814283650572548367563285864889621734619140625
95.940852895625766905141063034534454345703125
-87.289040223284843023066059686243534088134765625
-2.04314985693665907007243731641210615634918212890625
97.049968952934477783855982124805450439453125
74.5202740114006729754692059941589832305908203125
-71.246652329540125947460182942450046539306640625
17.1079517617217078395697171799838542938232421875
83.2102372452180674144983640871942043304443359375
94.81193959156490791428950615227222442626953125
-79.415124833000021453699446283280849456787109375
76.1902566380814931790155242197215557098388671875
44.7053415515373018251921166665852069854736328125
0.72629512754857084022575008930289186537265777587890625
-42.75878229835580413009665790013968944549560546875
88.6222205465992800554886343888938426971435546875
69.7749804286200543401719187386333942413330078125
8.2602219864328230158889709855429828166961669921875
26.13531931362414439945496269501745700836181640625
60.5885350595047356137001770548522472381591796875
7.468917546252068717649308382533490657806396484375
-87.8323302913369587940906058065593242645263671875
9.5171897377408267715281908749602735042572021484375
-14.5891880082391320883061780477873980998992919921875
84.5757384887908898463138029910624027252197265625
-80.5354105731633325149232405237853527069091796875
18.105008785661897974250678089447319507598876953125
45.37112473192735961902144481427967548370361328125
34.5896726037888555538302171044051647186279296875
37.96987706899819414729790878482162952423095703125
54.3128897200278544232787680812180042266845703125
-65.4536086607160854100584401749074459075927734375
-85.5205881281943902649800293147563934326171875
88.16951463767207997079822234809398651123046875
37.53241662543814527452923357486724853515625
-36.3234741809045971194791491143405437469482421875
-47.2809220259881755055175744928419589996337890625
-58.0748884581992257380989030934870243072509765625
81.4181446353033351215344737283885478973388671875
-2.323142043074943874358950779424048960208892822265625
-62.0302998163454475388789433054625988006591796875
46.1834122324308538054538075812160968780517578125
71.1120343729380550712448894046247005462646484375
57.31962811118187772763121756725013256072998046875
1.0597435831920793969374017251539044082164764404296875
4.353470008485857078994740732014179229736328125
98.1341310115009974879285437054932117462158203125
-13.6881033513462444517472249572165310382843017578125
-2.3396925009138076489989543915726244449615478515625
-13.0252583667471473205523579963482916355133056640625
-27.562173840951952996647378313355147838592529296875
-24.449526219979535568427309044636785984039306640625
-66.5660949922230287256752490065991878509521484375
12.728240742333671420283280895091593265533447265625
22.906736419700390428033642820082604885101318359375
77.759550571563721632628585211932659149169921875
15.7405649578067823313176631927490234375
-70.4084600707445105172155308537185192108154296875
-0.9416606284547330840695167353260330855846405029296875
39.13933775172983331458453903906047344207763671875
72.177667738958035670293611474335193634033203125
20.8567305332730228428772534243762493133544921875
61.88462727104319327509074355475604534149169921875
59.88212892751305815863815951161086559295654296875
91.526531318978442186562460847198963165283203125
-66.818480706165729543499764986336231231689453125
-35.1099105443589820652050548233091831207275390625
35.95408096785603646594609017483890056610107421875
-59.55721561733096081070470972917973995208740234375
-26.766908310649540680969948880374431610107421875
35.3146775277841555862323730252683162689208984375
67.9438628049439188316682702861726284027099609375
1.7162243420509408764473846531473100185394287109375
-39.434212961203598979409434832632541656494140625
-13.3225885495079552356401109136641025543212890625
-30.379814739432703163402038626372814178466796875
51.78110003629450375228771008551120758056640625
64.126772714438374123346875421702861785888671875
-18.59021085969445863383953110314905643463134765625
-34.076405781447618892343598417937755584716796875
-28.678860375986818809224132564850151538848876953125
-96.904501491361457965467707253992557525634765625
-73.2530087992612237712819478474557399749755859375
-36.5544763702952053563421941362321376800537109375
10.863302524939545179449851275421679019927978515625
-93.6940496884268441135645844042301177978515625
37.03605703320581454818238853476941585540771484375
-29.980736027613968275318256928585469722747802734375
-56.3075318745188866387252346612513065338134765625
-31.72109094820108765588884125463664531707763671875
45.25158484136232317496251198463141918182373046875
-69.833200876804795598218333907425403594970703125
77.5300583867142876215439173392951488494873046875
-58.886247040754454928901395760476589202880859375
-19.712441948503670374748253379948437213897705078125
-92.815999567054603858196060173213481903076171875
20.36031755292892597708487301133573055267333984375
-45.04759091915554591878390056081116199493408203125
-87.6036376210822567145442008040845394134521484375
-86.12584496081507268172572366893291473388671875
24.38447998559215790237431065179407596588134765625
-56.819425740130981239417451433837413787841796875
77.2495970250373602539184503257274627685546875
78.8163007020257282420061528682708740234375
15.5856583732665541219830629415810108184814453125
98.5488268154394830844466923736035823822021484375
14.5693721526915087594034048379398882389068603515625
65.0701632109406631343517801724374294281005859375
34.9233934351063766143852262757718563079833984375
-88.9897256038589290483287186361849308013916015625
-64.1292581903378646757118985988199710845947265625
90.97654228362017647668835707008838653564453125
-80.132355177654744693427346646785736083984375
88.365263692354147906371508724987506866455078125
78.57916259050938379004946909844875335693359375
-19.50971717890950429818985867314040660858154296875
-38.9067629723747785419618594460189342498779296875
-14.9002912532834788095215117209590971469879150390625
-5.64299315363639575338083886890672147274017333984375
88.773026276336025830460130237042903900146484375
86.78273107281341935959062539041042327880859375
29.81344304938723865916472277604043483734130859375
-48.02242563942825626099875080399215221405029296875
-20.6594919456210845964960753917694091796875
-51.190051699391091233337647281587123870849609375
-12.1743067362979076051487936638295650482177734375
-40.5690225559507098296307958662509918212890625
-86.1473955610490946810386958532035350799560546875
42.768684349262031219041091389954090118408203125
82.7155957959628977960164775140583515167236328125
24.027543311200787456982652656733989715576171875
-25.93602650007148469057938200421631336212158203125
19.417887352631783670631193672306835651397705078125
-15.8169086764263884248293834389187395572662353515625
59.17314257102677999000661657191812992095947265625
26.444710801047076387249035178683698177337646484375
68.1555834795029795714071951806545257568359375
19.847983244411398828788151149637997150421142578125
6.5460980886569046788281411863863468170166015625
19.38156474488697966762629221193492412567138671875
31.83977548787273548214216134510934352874755859375
9.5148742551437148762261131196282804012298583984375
55.720897997924367928135325200855731964111328125
29.558349411004552820259050349704921245574951171875
38.5155940812760348990195780061185359954833984375
-55.0549377668706796384867629967629909515380859375
-61.82031709584904177745556808076798915863037109375
61.60693212905379567700947518460452556610107421875
-33.5524704584105251115033752284944057464599609375
20.049565557569597018527929321862757205963134765625
58.0709843875789175626778160221874713897705078125
-75.4817980917716653266325010918080806732177734375
53.02933344882470834136256598867475986480712890625
6.391177392522219946613404317758977413177490234375
-99.67505858639606231008656322956085205078125
42.6527697311094158294508815743029117584228515625
-39.75088465056635556038600043393671512603759765625
-96.54201225780116146779619157314300537109375
28.157691469607815548670259886421263217926025390625
10.4537324972064507022651014267466962337493896484375
-15.1976988469984473084650744567625224590301513671875
-72.02686004984974488252191804349422454833984375
84.3433561745344917426336905919015407562255859375
-59.72976891660740506040383479557931423187255859375
-4.98671760299340238731247154646553099155426025390625
42.04981217817322658447665162384510040283203125
-86.9831300998994265682995319366455078125
-49.9771658433146654942902387119829654693603515625
-65.5582707003287197267127339728176593780517578125
44.9455538856077083664786187000572681427001953125
-61.45920226772877725807120441459119319915771484375
7.42190416404938257954881919431500136852264404296875
8.6244950659502794820809867815114557743072509765625
-51.8279890471877706659142859280109405517578125
91.607527187565068516050814650952816009521484375
-50.13277339979341462594675249420106410980224609375
82.0098668837818962629171437583863735198974609375
26.03345516731823039435766986571252346038818359375
40.2091978748432410384339164011180400848388671875
70.1822936327120174837546073831617832183837890625
53.48777474319839342342675081454217433929443359375
-74.3308389297852869503913098014891147613525390625
58.4805359955462762400202336721122264862060546875
-52.042174368755155455801286734640598297119140625
-11.593682973053471840785277890972793102264404296875
20.284279304469894356088843778707087039947509765625
82.39492124104987169630476273596286773681640625
31.12122004851932643987311166711151599884033203125
16.948093462237551420912495814263820648193359375
82.6365828543876403955437126569449901580810546875
-53.50340636857645648660763981752097606658935546875
-75.4919998401208971472442499361932277679443359375
76.3461240908490736956082400865852832794189453125
23.151335580976155625876344856806099414825439453125
-72.8906878594234370893900631926953792572021484375
0.97118738441333907207564379859832115471363067626953125
-0.16379734676658797010162516016862355172634124755859375
-6.57278436730659176845392721588723361492156982421875
-72.8822100576863505239089136011898517608642578125
-34.89863520333210544777102768421173095703125
47.56595755504392997181639657355844974517822265625
86.418703899992095784909906797111034393310546875
-31.130090974330908437650577980093657970428466796875
20.970646558931488101507056853733956813812255859375
98.0461969425195860594612895511090755462646484375
-64.3949826818781758674958837218582630157470703125
4.66023753925370254336257858085446059703826904296875
25.090871841742806935826592962257564067840576171875
-47.4243077374289754288838594220578670501708984375
-50.58237443857985482509320718236267566680908203125
-18.99721641706994290643706335686147212982177734375
-53.7367341795411874727506074123084545135498046875
0.68577236297435251177745385575690306723117828369140625
-26.407121078931826474445188068784773349761962890625
-34.79780698213679812624832266010344028472900390625
-87.5978981414381649983624811284244060516357421875
84.565988148161324033935670740902423858642578125
-34.83272695863076506839206558652222156524658203125
-30.3696075721044280726346187293529510498046875
-84.2235786415429146245514857582747936248779296875
-30.8413791816830524794568191282451152801513671875
97.805129453778562265142682008445262908935546875
92.3368215277929067497098003514111042022705078125
77.7965522428836067092561279423534870147705078125
-0.6256882386931887918279926452669315040111541748046875
-53.5522781999901127392149646766483783721923828125
69.3307206191858114152637426741421222686767578125
-32.3120048033634930106927640736103057861328125
-57.6691948749560623355137067846953868865966796875
97.9309460121892954020950128324329853057861328125
8.5303612218213071827221938292495906352996826171875
24.363861540684158768499401048757135868072509765625
-22.839639158199343427213534596376121044158935546875
64.169667243896725494778365828096866607666015625
-87.5626826287340236376621760427951812744140625
-17.19159473946546512479471857659518718719482421875
27.216459383156244911106114159338176250457763671875
6.4559897779164376885319143184460699558258056640625
-14.55714839593025544672855176031589508056640625
-2.237374760134082318785431198193691670894622802734375
55.370988029402013808066840283572673797607421875
-72.535648821101432304203626699745655059814453125
-33.989657252789953645333298482000827789306640625
-3.5059292793390905984551864094100892543792724609375
8.17184780329635174211944104172289371490478515625
-40.2202867489819624324809410609304904937744140625
24.928364765149137127764333854429423809051513671875
-40.98554567088367406313409446738660335540771484375
-49.1046254204216126026949496008455753326416015625
89.3927514429403089479819755069911479949951171875
10.3804150779424713135767888161353766918182373046875
-31.640929425089741044985203188844025135040283203125
-3.96554410963619741181673816754482686519622802734375
64.20686186618740975973196327686309814453125
12.194251885022570291994270519353449344635009765625
-87.8561527535288604440211202017962932586669921875
12.566129584131264351753998198546469211578369140625
-13.67115090963374512966765905730426311492919921875
-5.77872940981892924128260347060859203338623046875
-39.4971632009289095321946660988032817840576171875
-51.41081868827404122157531674019992351531982421875
-32.077143450724435069787432439625263214111328125
15.0353391448140936148547552875243127346038818359375
-77.051209107398364039909210987389087677001953125
90.657683084335332068803836591541767120361328125
85.9297411191921440831720246933400630950927734375
-0.2326006634153261753983343851359677501022815704345703125
3.7745552083764408735078177414834499359130859375
28.694565214018201260159912635572254657745361328125
-15.62384287306033314735032035969197750091552734375
-13.7381838054799896298163730534724891185760498046875
43.83144097770924219048538361676037311553955078125
68.4088017781271418016331153921782970428466796875
90.4509810094098298804965452291071414947509765625
-61.02895673205648563452996313571929931640625
22.681292728284464743637727224268019199371337890625
-0.874282016969683439810978597961366176605224609375
-36.00905333916767148139115306548774242401123046875
49.002786154507447236028383485972881317138671875
-29.5096299311745298155074124224483966827392578125
-96.93113185837131595690152607858180999755859375
-63.8945885072820374261937104165554046630859375
5.17285218949847536151764870737679302692413330078125
2.636324914286893861259386540041305124759674072265625
-10.6501996972974541932899228413589298725128173828125
70.4951345216848181962632224895060062408447265625
-33.94804438740715823996652034111320972442626953125
-97.3456113392137041273599606938660144805908203125
-95.600724815542577061933116056025028228759765625
58.786000822596093939864658750593662261962890625
-92.6018952092030502853958751074969768524169921875
-47.3928543295646562683032243512570858001708984375
41.35984221313749031878614914603531360626220703125
52.6186936482560128069962956942617893218994140625
64.26211807408253662288188934326171875
-7.8505282056189518158362261601723730564117431640625
-36.8496913320008587788834120146930217742919921875
10.5607098097881788589802454225718975067138671875
82.06116263042321179455029778182506561279296875
-8.320370839125576623018787358887493610382080078125
-78.351240203534445072364178486168384552001953125
31.263795776642577806114786653779447078704833984375
89.317982393944248542538844048976898193359375
71.5841087863140757008295622654259204864501953125
19.50874036942800415772580890916287899017333984375
43.8447219383500481626469991169869899749755859375
-2.364764392868958342575069764279760420322418212890625
-50.222450549029332478312426246702671051025390625
-54.58991387586410581889140303246676921844482421875
95.034398465080613505051587708294391632080078125
-17.66188151598504418871016241610050201416015625
-94.308724808181324306133319623768329620361328125
12.0219011476822590367419252288527786731719970703125
74.388866953794803293931181542575359344482421875
41.6149301571213783290659193880856037139892578125
25.962303751414150809750935877673327922821044921875
-95.442058872630468613351695239543914794921875
40.49579592158190877171364263631403446197509765625
-37.88571447314728857236332260072231292724609375
97.534308914876390872450429014861583709716796875
31.4251987567500776776796556077897548675537109375
93.1871499850815467880238429643213748931884765625
-7.50995075072590356768387209740467369556427001953125
4.07051130316899456573764837230555713176727294921875
-18.957545315390898821306109311990439891815185546875
-24.1864870891154311038917512632906436920166015625
-81.8027230684804038673973991535604000091552734375
-50.917583203432883465211489237844944000244140625
79.957882713758550607963115908205509185791015625
-68.016013238296039844499318860471248626708984375
6.84081717750643658604303709580563008785247802734375
-91.9579768850849603722963365726172924041748046875
-31.710592234535834421649269643239676952362060546875
60.22167304825918421329333796165883541107177734375
88.9381917609470207253252738155424594879150390625
-9.8109026469120639291077168309129774570465087890625
-60.83461021178112559937289915978908538818359375
-96.38124504655610280678956769406795501708984375
7.22667303728918586358531683799810707569122314453125
9.8846381704100121368128384347073733806610107421875
22.1517667196598466716750408522784709930419921875
51.48348339583160537813455448485910892486572265625
22.0396889154643105257491697557270526885986328125
-32.404455039508917479906813241541385650634765625
21.45660188260291789674738538451492786407470703125
-36.72696459058023066290843416936695575714111328125
-30.571249610614930958263357752002775669097900390625
-68.3664189730307754189198021776974201202392578125
51.13282193114466878114399150945246219635009765625
-41.45230844580631668350179097615182399749755859375
14.050312138334437150888334144838154315948486328125
-32.03678230479846433809143491089344024658203125
-79.7725037899142677133568213321268558502197265625
27.18179630098808274851762689650058746337890625
-97.3590684627354363556150929071009159088134765625
62.8703539488530651624387246556580066680908203125
-85.1620733924202255593627342022955417633056640625
-59.24069172695129026351423817686736583709716796875
86.51145231982258110292605124413967132568359375
88.5977330857676150799306924454867839813232421875
-11.1132618263081894838251173496246337890625
24.854401493879095141892321407794952392578125
10.7257051116845669724852996296249330043792724609375
43.2186727279035238780124927870929241180419921875
-91.8074993133195675909519195556640625
43.52983679651157444823184050619602203369140625
53.88310861026665321560358279384672641754150390625
45.03564473881322527404336142353713512420654296875
-78.5927688302289197963546030223369598388671875
-20.415813099632959648488395032472908496856689453125
52.80898541302827453591817175038158893585205078125
24.623242160101728615018146228976547718048095703125
-56.3600832045854502894144388847053050994873046875
-78.29921672009430722027900628745555877685546875
-46.9596856769871777714797644875943660736083984375
-43.47740158502630691828017006628215312957763671875
11.680634392526286546853953041136264801025390625
28.380360872630266300120638334192335605621337890625
-40.230389240905566339279175736010074615478515625
-4.8850510084837122093404104816727340221405029296875
-44.96110148066713207981592859141528606414794921875
-27.394378078354382211045958683826029300689697265625
96.433305236811833083265810273587703704833984375
1.826046391522422762676569618633948266506195068359375
4.05346393813356886681731339194811880588531494140625
39.9730095706262744670311803929507732391357421875
-84.12983270837270310948952101171016693115234375
-10.202292230960214425294907414354383945465087890625
-10.9022675229863867940593991079367697238922119140625
-27.36616929115587737442183424718677997589111328125
-73.6771134247351113799595623277127742767333984375
57.97739169574659712225184193812310695648193359375
88.0697412179602139303824515081942081451416015625
-84.46495629278433625586330890655517578125
-69.871483459048960185100440867245197296142578125
73.01962412937410817903582938015460968017578125
-38.478132471887391830023261718451976776123046875
-77.742060849438388459020643495023250579833984375
89.9868964687774877120318706147372722625732421875
-28.823036239148080994709744118154048919677734375
94.833201510651605303792166523635387420654296875
-51.6288914614084291088147438131272792816162109375
-60.4026554611450734455502242781221866607666015625
22.076451165957646338711128919385373592376708984375
-9.0754249438876595235115019022487103939056396484375
-16.967499713366525071478463360108435153961181640625
19.401032675617468470363746746443212032318115234375
14.6066441153547312836735727614723145961761474609375
-25.733774025576767741085859597660601139068603515625
-63.810408266142729871717165224254131317138671875
-14.670456380348827707393866148777306079864501953125
-82.2818640735416551024172804318368434906005859375
62.6013209527690577260727877728641033172607421875
-25.22358758326982552944173221476376056671142578125
-20.459893500080365669191451161168515682220458984375
30.062237992162405220142318285070359706878662109375
-56.70043442855025972448856919072568416595458984375
-21.12660074153728828605380840599536895751953125
-68.3377591370317958308078232221305370330810546875
-38.576976665105377151121501810848712921142578125
81.2176842307669488718602224253118038177490234375
-46.6005877948527995613403618335723876953125
-58.2386239016982045768600073643028736114501953125
-75.96194278136414368418627418577671051025390625
-92.1087950571718323544700979255139827728271484375
33.989927601161497250359388999640941619873046875
94.6411586424563751052119187079370021820068359375
54.4638588986251619417089386843144893646240234375
-99.1936240950801533244884922169148921966552734375
33.378782839932483739175950177013874053955078125
-59.3144607235506242659539566375315189361572265625
-17.466637264906665905073168687522411346435546875
68.8362021438902189629516215063631534576416015625
-27.2780963987586773100701975636184215545654296875
-21.372147058355579929411760531365871429443359375
60.96501127174413880993597558699548244476318359375
-5.5973903322245543989765792503021657466888427734375
35.014997744340320195988169871270656585693359375
3.96359051610215917804680429981090128421783447265625
88.2230480581505531745278858579695224761962890625
-12.5736517095996536141910837613977491855621337890625
82.531499359078765110098174773156642913818359375
75.21607783898053867233102209866046905517578125
71.9289687837054998453822918236255645751953125
56.6842804624731257945313700474798679351806640625
-96.457429906982753209376824088394641876220703125
2.36852382880195921899257882614620029926300048828125
4.867192653076831021508041885681450366973876953125
-46.08115166199569756599885295145213603973388671875
92.8823798253921921741493861190974712371826171875
35.317905061905008778921910561621189117431640625
-61.6553953927324158712508506141602993011474609375
-12.837935660504509627344305044971406459808349609375
39.744030258234971597630647011101245880126953125
-70.034212550556503629195503890514373779296875
-0.88414204199716817100807020324282348155975341796875
16.053583154718221948087375494651496410369873046875
-57.2052245568210224746508174575865268707275390625
41.286438438585292942661908455193042755126953125
-36.2959472794081108304453664459288120269775390625
25.930428330118648005964132607914507389068603515625
82.360551239745888096877024509012699127197265625
22.225062896431328596236198791302740573883056640625
63.873406573539426744900993071496486663818359375
-43.0425749700345221526731620542705059051513671875
-32.01955367300234911454026587307453155517578125
12.619627232447935938353111851029098033905029296875
70.650568882061037356834276579320430755615234375
40.0260528810190550075276405550539493560791015625
-46.842719331529366399990976788103580474853515625
97.434083180016756386976339854300022125244140625
18.20088008881089791657359455712139606475830078125
-47.06979290590781062064706929959356784820556640625
4.132323497939065504169775522314012050628662109375
-26.533797974710498834838290349580347537994384765625
-40.68829522199931858494892367161810398101806640625
72.5677856012808888408471830189228057861328125
59.31362628934510183853490161709487438201904296875
71.6750487430230549534826423041522502899169921875
73.6187163805067683597371797077357769012451171875
17.154408082994677897659130394458770751953125
81.519385653631843524635769426822662353515625
-47.66376820796966740090283565223217010498046875
98.5600477227761047060994314961135387420654296875
-59.55122837913179267843588604591786861419677734375
32.8092402289807836268664686940610408782958984375
59.75259049435377534109647967852652072906494140625
-17.369629584407984879135256051085889339447021484375
-72.251140997685610045664361678063869476318359375
6.43233727923170928164608994848094880580902099609375
-6.13145800433976884136200169450603425502777099609375
-77.2546108557285009510451345704495906829833984375
17.571355761707511788927149609662592411041259765625
-42.0618721751426818400432239286601543426513671875
-65.1635246051920518084443756379187107086181640625
35.902974930412909770893747918307781219482421875
44.99174204705497004397329874336719512939453125
69.0338156865738454825986991636455059051513671875
36.44444747464242340129203512333333492279052734375
-77.82079387566426476041669957339763641357421875
-6.90680478685281418194108482566662132740020751953125
-79.767369342674868448739289306104183197021484375
-57.37889166849137012604842311702668666839599609375
60.364184803077733931786497123539447784423828125
-21.595984568280389481742531643249094486236572265625
98.004758181501784974898328073322772979736328125
7.317739685958006390364971593953669071197509765625
-58.5300799793368042855945532210171222686767578125
-92.0275366020700147373645449988543987274169921875
81.752561542338895606008009053766727447509765625
-32.44886143933101863012780086137354373931884765625
-86.297025202319019854257931001484394073486328125
28.210276620714267892253701575100421905517578125
-32.266045637142923396822880022227764129638671875
30.187248281167892827170362579636275768280029296875
-17.4814491401946128235067590139806270599365234375
-51.64299692481188941428627003915607929229736328125
73.39455368583838890117476694285869598388671875
65.0227863742421590131925768218934535980224609375
57.57459778612902567829223698936402797698974609375
-34.8166243108007478213039576075971126556396484375
-59.38548128322261021594385965727269649505615234375
34.82738921306103208053173148073256015777587890625
-63.6926082909435109513651696033775806427001953125
14.18799725579550141674189944751560688018798828125
-68.1176735723935422583963372744619846343994140625
23.098945544635398618993349373340606689453125
73.5254614031168358678769436664879322052001953125
-20.461380039135082853363201138563454151153564453125
25.6642143191554481518323882482945919036865234375
81.670192906031360280394437722861766815185546875
-8.4477622666807352658224772312678396701812744140625
-61.497318934264541212542098946869373321533203125
19.580772667275166298850308521650731563568115234375
-84.6996627404009387873884406872093677520751953125
-53.594186323887157641365774907171726226806640625
-93.7117920657972973685900797136127948760986328125
52.99197272326814101006675628013908863067626953125
84.506880225394780836722929961979389190673828125
-51.90336159777684343907822039909660816192626953125
28.94303709752251307918413658626377582550048828125
17.01398619205850337721130927093327045440673828125
6.635481593497676300330567755736410617828369140625
79.7570607867317988848299137316644191741943359375
71.4976396668528622058147448115050792694091796875
59.7221865768308788346985238604247570037841796875
21.487645777989836659571665222756564617156982421875
59.1111309003257048289015074260532855987548828125
-8.231243079369466641992403310723602771759033203125
-42.50272479573947492781371693126857280731201171875
-64.7984678086146601572181680239737033843994140625
-80.8923556965511494354359456337988376617431640625
34.0854884117393766018722089938819408416748046875
88.79444292357089807410375215113162994384765625
-43.78842612568691805563503294251859188079833984375
-27.677400710081979440246868762187659740447998046875
47.60083527904030376021182746626436710357666015625
95.502632493858158113653189502656459808349609375
60.40287522621716931325863697566092014312744140625
-54.68132810317120373611032846383750438690185546875
-93.0000360172197844121910748071968555450439453125
-70.4608195194584112641678075306117534637451171875
94.67046922214427695507765747606754302978515625
-1.8555458111714637770006675054901279509067535400390625
33.943339238453830830621882341802120208740234375
0.88959280609943525153227028567926026880741119384765625
-15.7120226883294780151345548802055418491363525390625
43.98526056203126444188455934636294841766357421875
92.8994554819111471033465932123363018035888671875
36.1277665057771031342781498096883296966552734375
64.6144200003221413908249814994633197784423828125
0.683994696286792436268342498806305229663848876953125
91.15960007753773197691771201789379119873046875
48.6708824662836576635527308098971843719482421875
50.8885161152652614191538305021822452545166015625
32.5614908245772056716305087320506572723388671875
61.62668513137133885493312845937907695770263671875
3.424858607710032476489914188277907669544219970703125
92.497444928190844848359120078384876251220703125
90.1146009760515198649954982101917266845703125
3.116036556743020380366715471609495580196380615234375
-14.91787685351199144179190625436604022979736328125
-8.6090652300860792678349753259681165218353271484375
72.2124599647203382346560829319059848785400390625
25.268685950772979964540354558266699314117431640625
-24.534182507912586146403555176220834255218505859375
-71.995540568288816984932054765522480010986328125
27.32316544704850258540318463928997516632080078125
-47.9821021588962963733138167299330234527587890625
-39.9225323443329642714161309413611888885498046875
54.95599616434559919753155554644763469696044921875
-33.002078009984444406654802151024341583251953125
17.21926622783649207804046454839408397674560546875
47.63786460935434519115005969069898128509521484375
16.879113485271528105613469961099326610565185546875
20.671236486389876318980896030552685260772705078125
-47.89500495332529084180350764654576778411865234375
79.027516480942978205348481424152851104736328125
40.14803525350390600578975863754749298095703125
78.115657610325200721490546129643917083740234375
-39.755383581982727037029690109193325042724609375
40.3604854546601217180068488232791423797607421875
3.5929027769982635476253562956117093563079833984375
84.2357946908159505028379498980939388275146484375
-52.86505271296220342946980963461101055145263671875
88.6617623811122967936171335168182849884033203125
59.50503610647361796281984425149857997894287109375
99.5264509493483302549066138453781604766845703125
-2.416027962430401299087634470197372138500213623046875
66.0492940885905426284807617776095867156982421875
42.9823758901163017753788153640925884246826171875
79.106920039352417006739415228366851806640625
-83.8308731795993509194886428304016590118408203125
-64.206877087572905793422251008450984954833984375
36.2965576977783683787492918781936168670654296875
73.1195013803957891695972648449242115020751953125
-83.1835317445385129531132406555116176605224609375
55.02612394918454441494759521447122097015380859375
49.080319017929951996848103590309619903564453125
30.8216858077857267517174477688968181610107421875
-42.7807989158833805731774191372096538543701171875
25.32666981782417536805951385758817195892333984375
-59.62808123175252461578565998934209346771240234375
60.90189516217368037587220896966755390167236328125
-89.332710637117799024053965695202350616455078125
-51.828990386466244899565936066210269927978515625
73.6840356868426482606082572601735591888427734375
-33.79357883402941098438532208092510700225830078125
-79.4889207976327014648632030002772808074951171875
83.6045055620579233846001443453133106231689453125
-54.1105589754440785554834292270243167877197265625
86.6556811797070309921764419414103031158447265625
-69.5246891981357038048372487537562847137451171875
-27.1476846410017742527998052537441253662109375
0.64634609284263111472768059684312902390956878662109375
73.22800181637791183675290085375308990478515625
-6.56314953375265641710711861378513276576995849609375
30.750794391414121520256230724044144153594970703125
29.18744670609901703528521466068923473358154296875
42.27719157992631693332441500388085842132568359375
-65.50412731895261231329641304910182952880859375
75.601878598884610482855350710451602935791015625
22.08957909063959590412196121178567409515380859375
-11.9164719509698446842094199382700026035308837890625
20.805865213211259145964504568837583065032958984375
84.743642445284621089740539900958538055419921875
-93.660937841815893989405594766139984130859375
98.5552622891610070610113325528800487518310546875
7.5979698098049137655607410124503076076507568359375
83.8129925317329167455682181753218173980712890625
17.22607909013593285862953052856028079986572265625
-21.84277107961495545396246598102152347564697265625
-25.198922375646620963607347221113741397857666015625
-69.90328173972329750540666282176971435546875
54.582002906066605874002561904489994049072265625
-35.99641221749553920972175546921789646148681640625
-76.3735516041675737142213620245456695556640625
-13.092203619280351034603881998918950557708740234375
-0.49184641712276977454365578523720614612102508544921875
65.5797774255406835663961828686296939849853515625
-77.7652588441280130382438073866069316864013671875
24.25244810622258029297881876118481159210205078125
43.2346965375298708522677770815789699554443359375
-71.7229373008121200427922303788363933563232421875
21.64575356851673149094494874589145183563232421875
11.33306079675222832747749635018408298492431640625
78.845814320295033894581138156354427337646484375
45.8019066496243567598867230117321014404296875
97.88072875578694720388739369809627532958984375
0.4793962644670737294205764555954374372959136962890625
0.61206855517571112645924813477904535830020904541015625
30.097533293381022900803145603276789188385009765625
-57.2632128661867199070911738090217113494873046875
7.7180541401943063561930102878250181674957275390625
7.9885490514710308929124948917888104915618896484375
67.089608542723652817585389129817485809326171875
92.355532428340183059845003299415111541748046875
61.65690654222964184327793191187083721160888671875
-65.9504483782906305577853345312178134918212890625
-52.3543896321945538829822908155620098114013671875
-14.33415762999097609053933410905301570892333984375
-39.03259450411997732999225263483822345733642578125
-89.9532519138048343165792175568640232086181640625
-14.0099438866458232411105200299061834812164306640625
35.67252118735603261256983387283980846405029296875
28.964706941832123021640654769726097583770751953125
-54.73772669813516955628074356354773044586181640625
-62.77742695888520785274522495456039905548095703125
-45.6005327683747765377120231278240680694580078125
-18.819034988465251245770559762604534626007080078125
-1.0976468097461051787178121230681426823139190673828125
66.23900405754824305404326878488063812255859375
24.500209638418528612646696274168789386749267578125
49.212762983646570091877947561442852020263671875
-3.020632641500165416204026769264601171016693115234375
-13.8421212788187002473705433658324182033538818359375
4.01855775335754206167848678887821733951568603515625
-2.689261154411497045657597482204437255859375
-56.8261018172600671505279024131596088409423828125
-48.71801006163362757206414244137704372406005859375
-34.38553320649950961751528666354715824127197265625
-29.070318282334607573602625052444636821746826171875
39.42269726547436903274501673877239227294921875
40.4026037610718020687272655777633190155029296875
-78.518344462288808927041827701032161712646484375
59.11343125045639368408956215716898441314697265625
-71.0177148486198603904995252378284931182861328125
32.63810321803050129574330640025436878204345703125
33.08442392863975811678756144829094409942626953125
54.37170131522400851054044323973357677459716796875
-73.9362558244389589390266337431967258453369140625
61.63733159347021484109063749201595783233642578125
6.6815424180415874388927477411925792694091796875
19.70239437950073835281727951951324939727783203125
91.742505307232676159401307813823223114013671875
77.822045893882858536017010919749736785888671875
-78.444781739605190296060754917562007904052734375
-40.9643951491583919732875074259936809539794921875
-25.53615112877724158124692621640861034393310546875
-68.783699010934611806078464724123477935791015625
-34.83448705318085814042206038720905780792236328125
-4.5103297805978730394826925476081669330596923828125
91.145638952420625855666003189980983734130859375
-3.598709505381683104729972910718061029911041259765625
-33.20839379765981647096850792877376079559326171875
-77.472658021785065329822828061878681182861328125
-33.19911569389369532245837035588920116424560546875
-85.6889521304487260522364522330462932586669921875
1.392586469445875163586379130720160901546478271484375
60.557635257678640527956304140388965606689453125
-1.9513509298044195983123927362612448632717132568359375
84.675221796958084041762049309909343719482421875
-84.7722307475269900578496162779629230499267578125
-23.756884618694659394577683997340500354766845703125
53.91766089257614424923303886316716670989990234375
-59.07556917460561152211084845475852489471435546875
-73.9815882607395138848005444742739200592041015625
20.604628223449719115478728781454265117645263671875
36.34250695105495054804123356007039546966552734375
-18.817487033593227607752851326949894428253173828125
46.6135173577052910331985913217067718505859375
62.958847871991792999324388802051544189453125
-85.4162539261450461935964995063841342926025390625
-80.725699006410337688066647388041019439697265625
-10.657087529429634997768516768701374530792236328125
-12.2250301092554156667802089941687881946563720703125
-26.51686474389882874902468756772577762603759765625
60.9281875991897123867602203972637653350830078125
-11.3105285781784541399019872187636792659759521484375
50.109844106118913487080135382711887359619140625
-12.2162415131315444938309155986644327640533447265625
-43.9317406005775836774773779325187206268310546875
19.743994385981675776520205545239150524139404296875
-99.1562674654472147039996343664824962615966796875
40.298119838280541671338141895830631256103515625
65.0552387743764342076246975921094417572021484375
59.44186265799624635519649018533527851104736328125
4.06431720475702018546826366218738257884979248046875
86.31629814873531358898617327213287353515625
18.167686662100788197449219296686351299285888671875
-72.0198433946045355469323112629354000091552734375
-25.39631548945435923769764485768973827362060546875
83.234793851193245473041315563023090362548828125
2.239933514540878523035871694446541368961334228515625
-85.7858792107204095600536675192415714263916015625
49.13498186814333479333072318695485591888427734375
-54.4934338482349147625427576713263988494873046875
72.8560476132067691423799260519444942474365234375
35.57182830449920629689586348831653594970703125
39.21481286463026805222398252226412296295166015625
-92.4834545592812702352603082545101642608642578125
-95.1109335307303780382426339201629161834716796875
51.593513890788557318956009112298488616943359375
41.664021651912349852864281274378299713134765625
68.200449785680945069543668068945407867431640625
-83.9260995684235950875518028624355792999267578125
43.99008160867405337057789438404142856597900390625
-98.792367250151102098243427462875843048095703125
74.515640050260202542631304822862148284912109375
27.63560474257526067276558023877441883087158203125
23.213043410936986532533410354517400264739990234375
59.46218581507459788326741545461118221282958984375
42.67670228306220536751425242982804775238037109375
93.8227823212846487876959145069122314453125
33.9308994529029206432824139483273029327392578125
54.04968305350903534645112813450396060943603515625
78.41747674606193641011486761271953582763671875
-66.1044375017240355418834951706230640411376953125
35.10760699662629491513143875636160373687744140625
-10.6410458213765419799301525927148759365081787109375
-1.4460176373251203418845989290275610983371734619140625
17.799599136696610202079682494513690471649169921875
-44.82096179584292627851027646102011203765869140625
95.256676449096886472034384496510028839111328125
-62.1461490403952296901479712687432765960693359375
-13.5642626094199414410468307323753833770751953125
-32.4703769136278737050815834663808345794677734375
24.426473376885297739136149175465106964111328125
74.423305593599394569537253119051456451416015625
-58.282015098327491386953624896705150604248046875
48.7069678508519956494637881405651569366455078125
-38.96256353412997697205355507321655750274658203125
-9.868416818897696174417433212511241436004638671875
-4.21858285222529350022568905842490494251251220703125
-5.56984101249557372881326955393888056278228759765625
-11.4634151181061927360360641614533960819244384765625
-34.61223825529346953544518328271806240081787109375
24.53511276252292105937158339656889438629150390625
-70.877873317045185785900685004889965057373046875
-96.6035670394403922500714543275535106658935546875
38.40957182749685472344935988076031208038330078125
-46.2772704261567326966542168520390987396240234375
79.8882127445451857283842400647699832916259765625
74.7311063260338102054447517730295658111572265625
12.7328177901557619833283752086572349071502685546875
-34.71507998500224090321353287436068058013916015625
-93.004180699909994700647075660526752471923828125
95.689080345314067699291626922786235809326171875
91.2847989602662295283153071068227291107177734375
14.34302764440236188647759263403713703155517578125
-76.1622405297667199874922516755759716033935546875
-76.696110444856032017924007959663867950439453125
62.53408819580256050585376215167343616485595703125
-80.262398977323499593694577924907207489013671875
-63.9520002588595986026120954193174839019775390625
-15.59940151375187866733540431596338748931884765625
56.2748791208302208133318345062434673309326171875
-60.1411081867953924984249169938266277313232421875
-95.1741101265972275768945110030472278594970703125
-42.57015545562409641888734768144786357879638671875
22.928330224859518438051964039914309978485107421875
-24.32275693780129444121484993956983089447021484375
12.801837437347817427735208184458315372467041015625
-79.5100006732445905299755395390093326568603515625
29.832038830895474035287406877614557743072509765625
73.247750373486979924564366228878498077392578125
-17.69852962013754904546658508479595184326171875
-57.07074117203934093822681461460888385772705078125
-23.091010271381325225092950859107077121734619140625
-63.2875531042269443560144281946122646331787109375
-23.959886898303896174411420361138880252838134765625
14.7976994811735256263318660785444080829620361328125
33.30921986181994753906110418029129505157470703125
96.2434899859123333953903056681156158447265625
-87.4927426672537222884784569032490253448486328125
89.257408651654287723431480117142200469970703125
-55.28978638647320309473798261024057865142822265625
-25.061199178616906380057116621173918247222900390625
14.2263483233641494507537572644650936126708984375
89.1735556894217467061025672592222690582275390625
30.4103587193393849474887247197329998016357421875
53.2069140188228715260265744291245937347412109375
23.4666126025562107315636239945888519287109375
-11.395333774082306632635663845576345920562744140625
-59.7418215722318706184523762203752994537353515625
39.73253569952684216559646301902830600738525390625
-79.156887118714763573734671808779239654541015625
-27.995330247468501738694612868130207061767578125
-12.427466524899017485950025729835033416748046875
-47.9058292185812888419604860246181488037109375
32.1946404114296598208966315723955631256103515625
30.391484676511794305042712949216365814208984375
69.1652427748050939726454089395701885223388671875
95.54842974298520630327402614057064056396484375
-18.11394772385718709983848384581506252288818359375
-94.8897187052472048662821180187165737152099609375
75.5972792652564606896703480742871761322021484375
7.87731364652640575485520457732491195201873779296875
-15.9991624721608101111769428825937211513519287109375
-8.9388491103247833535760946688242256641387939453125
10.9896953649366651006857864558696746826171875
2.24149072703030327602391480468213558197021484375
-16.396797733014096820625127293169498443603515625
-46.8006006679498653966220444999635219573974609375
-27.812621816988524869884713552892208099365234375
-59.20046394858985649989335797727108001708984375
39.5616614874592897876937058754265308380126953125
28.70802761567747296567176817916333675384521484375
