4.57112509510015296854135158355347812175750732421875
-1.747858812327061084346269126399420201778411865234375
1.979038918766779175939518609084188938140869140625
-0.53761651740517935049723519114195369184017181396484375
2.970050679721868647220617276616394519805908203125
-2.9250492419092086748833025922067463397979736328125
1.8973042141884020050923709277412854135036468505859375
1.6615194210171424504807191624422557651996612548828125
0.0286695054578601886408062426880860584788024425506591796875
-1.783695347413772225309003260917961597442626953125
0.1902925937298564906807740726435440592467784881591796875
0.204754288984092924774671473642229102551937103271484375
0.79431878331240379775834981046500615775585174560546875
0.9994550614062240878610055005992762744426727294921875
-2.899995765342007647547006854438222944736480712890625
3.38123189112248478949140917393378913402557373046875
-1.1675982711002792502341662839171476662158966064453125
-2.894798314767750735398976758006028831005096435546875
-1.92264947547005871086867045960389077663421630859375
-4.86234756940258439072977125761099159717559814453125
-0.81392468680055440888310158698004670441150665283203125
0.31881843995131597946368628981872461736202239990234375
-3.6029216051701080658631326514296233654022216796875
-3.69590467240653186564713905681855976581573486328125
-3.46852698820012417257885317667387425899505615234375
2.411118403966167722529689854127354919910430908203125
-2.9725765228551157548508854233659803867340087890625
-1.9008976169414084633757511255680583417415618896484375
-0.921395381514527489485999467433430254459381103515625
-0.515925748494556746237549305078573524951934814453125
-4.9120303956912181320149102248251438140869140625
4.73482185882905515228458170895464718341827392578125
-2.990990017218417396094309879117645323276519775390625
-3.928927053936397850719686175580136477947235107421875
-0.06857599750063343713168961812698398716747760772705078125
1.003090954795382128139635824481956660747528076171875
3.903747151251248936887350282631814479827880859375
2.132041995230754327650402046856470406055450439453125
3.408983881204259436259462745510973036289215087890625
1.49938237479544067554115827078931033611297607421875
0.57115615650352069554429590425570495426654815673828125
-3.369452111320527354365594874252565205097198486328125
1.1093953412390542556664740914129652082920074462890625
1.5081146918623054009600537028745748102664947509765625
2.34882988052680108381764512159861624240875244140625
0.398235610607269363558913255474180914461612701416015625
-2.936457150272277605296267211087979376316070556640625
0.1447080530485618243830003848415799438953399658203125
1.7714323583254556471189289368339814245700836181640625
2.6973190056150979643234677496366202831268310546875
-2.20704044889525530237506245612166821956634521484375
-3.3707002253397515545429996564052999019622802734375
4.20930821145281885975464319926686584949493408203125
-1.9143873323642204287153845143620856106281280517578125
-2.531448670536832423749729059636592864990234375
2.185817596654441530290569062344729900360107421875
-2.471175457259239038876330596394836902618408203125
2.80305841626497898033676392515189945697784423828125
1.3202553653597071114944583314354531466960906982421875
-0.36827704991421328362122267208178527653217315673828125
-0.362996990459652224547681953481514938175678253173828125
-4.68919236024533692130944473319686949253082275390625
-1.9808503109460742219738449421129189431667327880859375
-1.3423496388290778735807862176443450152873992919921875
2.97283537775467987529509628075174987316131591796875
-0.6328728367878959648606951304827816784381866455078125
1.425931849599114453752690678811632096767425537109375
3.18587814643997635499772513867355883121490478515625
4.22685217921424527531826242920942604541778564453125
2.242751698745956812075519337668083608150482177734375
2.8555478063094117402442861930467188358306884765625
-3.89301558394481173053236489067785441875457763671875
-1.0058269836104702932289001182653009891510009765625
-2.612158948921736278947491882718168199062347412109375
-4.161230388505799737686174921691417694091796875
-4.20347924330984401564137442619539797306060791015625
0.269826847931401270219708976583206094801425933837890625
4.20106999461951691188232871354557573795318603515625
0.7185618521233789746105458107194863259792327880859375
2.040968620877302353022741954191587865352630615234375
-1.59975950929122578969554524519480764865875244140625
1.3434973032030914641410390686360187828540802001953125
-1.635719287830093460200941990478895604610443115234375
-1.8060980169892368873973964582546614110469818115234375
-2.62403107600869844873159308917820453643798828125
1.2836028268377754901763410089188255369663238525390625
-2.167892626986490878238100776798091828823089599609375
-2.998747409513148998172482606605626642704010009765625
1.8483752519127418789679495603195391595363616943359375
2.930299142974439607911563143716193735599517822265625
-0.7287935070193147790718057876802049577236175537109375
4.71494200497748838785128100425936281681060791015625
-4.82245755041841217547471387661062180995941162109375
-2.209540829278666240753636884619481861591339111328125
3.994256989413529357335619351943023502826690673828125
3.634080753895267523745360449538566172122955322265625
1.5680188416833795717053590124123729765415191650390625
-4.6308896970342434684653198928572237491607666015625
1.081112379646679055866798080387525260448455810546875
-2.172518336550518736061121671809814870357513427734375
4.31042564924888704780414627748541533946990966796875
2.2114636254190127573338031652383506298065185546875
-2.884590920789944501478885285905562341213226318359375
0.84406678509866728266075597275630570948123931884765625
-1.7023997231885079628455059719271957874298095703125
-1.505517337753811801803749403916299343109130859375
-1.6143275630312639012942099725478328764438629150390625
2.55860772817252968280854474869556725025177001953125
4.710138653660504104436768102459609508514404296875
-4.5673877520643824112767106271348893642425537109375
4.94359985207082264224709433619864284992218017578125
-0.8188407594991227167469105552299879491329193115234375
-3.2608561608997863601189237670041620731353759765625
-1.5011422549848718599463381906389258801937103271484375
-4.11743274217628130173807221581228077411651611328125
-1.245454262233826714378892575041390955448150634765625
4.76065708807395093771219762857072055339813232421875
1.4947465518835592046542615207727067172527313232421875
1.12743320074187014512290261336602270603179931640625
-4.96161324592676322708939551375806331634521484375
-1.686832022877582826225761891691945493221282958984375
-3.842572220027134388686818056157790124416351318359375
-2.31811258606021652894924045540392398834228515625
-1.2914709489369571304706596492906101047992706298828125
-0.87070607491689810952806283239624463021755218505859375
1.7428382363175867197924162610433995723724365234375
-1.399028356440443321417888000723905861377716064453125
-3.288262969992196804724926550989039242267608642578125
3.37092666187651701648064772598445415496826171875
-1.4390856710165833565184811959625221788883209228515625
-4.01493712643679856455491972155869007110595703125
-0.0751230413228620441667970908383722417056560516357421875
-1.6808272542056215126393681202898733317852020263671875
-1.24389550343907284712940963800065219402313232421875
-3.05336141060818722081648957100696861743927001953125
1.0577544743708771068924079372663982212543487548828125
-3.526486308650147005749886375269852578639984130859375
-2.360879200499692132098061847500503063201904296875
2.2287065150340996666500359424389898777008056640625
0.9261160263224297306550170105765573680400848388671875
-2.86641915840527072845134171075187623500823974609375
-0.032673773334638500642768121906556189060211181640625
2.22282191726457512004344607703387737274169921875
1.8327658221971976360009648487903177738189697265625
3.1948553929762351089038929785601794719696044921875
-3.7861027353296581310360124916769564151763916015625
1.0420026905825616747591766397817991673946380615234375
0.83099868915748398290332943361136130988597869873046875
1.1746410586867581660186488079489208757877349853515625
-3.32054469866087043072866435977630317211151123046875
-1.761881939035487842915017608902417123317718505859375
3.6301920837230614580448673223145306110382080078125
-4.11835552119192893627541707246564328670501708984375
1.4522351571725786723021656143828295171260833740234375
-0.85183504479498761696731889969669282436370849609375
-3.54947168651729949573336853063665330410003662109375
-1.071325648869386970574169026804156601428985595703125
-3.017024474706912595678431898704729974269866943359375
-1.2297370519978805258887177842552773654460906982421875
-4.41689950700645450609727049595676362514495849609375
-0.8265497233760681350389631916186772286891937255859375
0.4824797767340689436110778842703439295291900634765625
0.60062735368389408296962983513367362320423126220703125
-4.2769907043598180962362675927579402923583984375
4.6107910853173610377098157186992466449737548828125
-3.09333983563129066851615789346396923065185546875
0.16875936268035551801602878185804001986980438232421875
-2.253676610021103865477698491304181516170501708984375
2.433391584676389385322181624360382556915283203125
1.0136882418818065065835298810270614922046661376953125
0.255891805501277824763661783435964025557041168212890625
-1.0714843306074837148145206811022944748401641845703125
0.9039801361047310468421756013412959873676300048828125
1.3229056682520192733676367424777708947658538818359375
-3.094686697725681501225380998221226036548614501953125
1.10011477968648474501378586865030229091644287109375
-0.7824187820558703432283209622255526483058929443359375
-0.46746229776672254541125539617496542632579803466796875
3.768392299332372186171369321527890861034393310546875
-0.907657575389649640129619001527316868305206298828125
-1.1472575783044069996918778997496701776981353759765625
2.59874816946276343543331677210517227649688720703125
-4.29940417847991085409375955350697040557861328125
0.9768390253793326483133796500624157488346099853515625
4.48935560030461733305173765984363853931427001953125
2.678056217942110350804796325974166393280029296875
4.1328483529863984102803442510776221752166748046875
3.931620486883744991501998811145313084125518798828125
-0.0232341191253814492723162032916661701165139675140380859375
3.500735377463133790598703853902406990528106689453125
3.713554383329199737318049301393330097198486328125
-1.0746578974623630653439931847970001399517059326171875
-3.30105279593557998651931484346278011798858642578125
1.4449984490091016819945934912539087235927581787109375
1.3590441998699895886915101073100231587886810302734375
0.53416615989967686228823140481836162507534027099609375
-3.7113011531250066354914451949298381805419921875
1.9146052502653798654819183866493403911590576171875
-0.942269581882431594976878841407597064971923828125
2.6776593311523040341626256122253835201263427734375
1.2930909346717343044730341716785915195941925048828125
1.71518274901840594992563637788407504558563232421875
-4.89702142300430320887016932829283177852630615234375
2.213362917620953940200934084714390337467193603515625
-3.83354783119696396198605725658126175403594970703125
1.873940551890132422130363920587114989757537841796875
-4.03637722508193785841967837768606841564178466796875
1.547675884179624095082772328169085085391998291015625
4.196629364018154006998884142376482486724853515625
1.1030224954405429826920226332731544971466064453125
2.095097635333896146647703062626533210277557373046875
-0.34567753256008793005804591302876360714435577392578125
-1.4956532546192420340958051383495330810546875
4.9362341807001488547257395111955702304840087890625
2.7238226284881097427614804473705589771270751953125
1.5959739424670384977389403502456843852996826171875
3.854895912260473789245907028089277446269989013671875
-3.93670345790904985250335812452249228954315185546875
-0.37354581941582665205459079516003839671611785888671875
-0.25033477433535333833702907213591970503330230712890625
-0.622699539604068430520555921248160302639007568359375
-2.3759872353278712608926070970483124256134033203125
-0.511571190142734000261270921328105032444000244140625
-0.1685500846841779531981586615074775181710720062255859375
-3.706854095251010949851888653938658535480499267578125
1.2462726215018473663320719424518756568431854248046875
-0.167360153312778425771512047504074871540069580078125
-2.80941268663204279931733253761194646358489990234375
-4.253815260578395651691607781685888767242431640625
0.95432333497498700314309871828299947082996368408203125
-2.40408170034958601490870933048427104949951171875
-4.67536146343365732747088259202428162097930908203125
-2.770961160978413939659503739676438271999359130859375
1.24010194713026233870323267183266580104827880859375
0.83504569698528940957515942500322125852108001708984375
-4.88702466108783983855801125173456966876983642578125
-4.50526384521389022808079971582628786563873291015625
4.247366160062210127534854109399020671844482421875
-2.7586020517931810758227584301494061946868896484375
-3.166027767555564143009405597695149481296539306640625
3.40905158132070784660072604310698807239532470703125
4.20275934490691849276799985091201961040496826171875
0.21496059028889913378179699066095054149627685546875
-4.890190156186196901444418472237884998321533203125
-4.61753768792135588228120468556880950927734375
-0.092531310136958089263004012536839582026004791259765625
4.77773946664587878530028319801203906536102294921875
4.17512354221741421866909149684943258762359619140625
-0.238017339180872256054755098375608213245868682861328125
2.013169592989000999949666947941295802593231201171875
0.51046720057773686818336500436998903751373291015625
1.6936682231284139188431936418055556714534759521484375
2.22680666984938735453170011169277131557464599609375
4.180648683946881050133015378378331661224365234375
1.6976296738486464921180640885722823441028594970703125
-3.539700033934334744145644435775466263294219970703125
4.61355247063972218057870122720487415790557861328125
1.86382649495145269469276172458194196224212646484375
3.16364970240001586176958880969323217868804931640625
-2.954069472660725725887687076465226709842681884765625
-1.097544243459968260623327296343632042407989501953125
-4.51202968372257462448260412202216684818267822265625
2.655681662540292364838023786433041095733642578125
-0.39542219829084468418756159735494293272495269775390625
2.865486198966365360973895803908817470073699951171875
-0.7654276718939987400602831257856450974941253662109375
-2.0214968709124594425929899443872272968292236328125
3.92463288044058078440912140649743378162384033203125
-3.31038524139490153430642749299295246601104736328125
4.641779610905732766923392773605883121490478515625
-2.856656472759599552091458463110029697418212890625
2.8556224497737989764800659031607210636138916015625
4.246628617850745968098635785281658172607421875
1.712709749529199854123362456448376178741455078125
4.1443055219955997614533771411515772342681884765625
-1.2432302083102519940638330808724276721477508544921875
-0.93698636349782915555550744102220050990581512451171875
-4.18640767436338823159758248948492109775543212890625
-0.5165303960953007145207038774969987571239471435546875
4.63975617671699414046315723680891096591949462890625
1.721237435007685778742825277731753885746002197265625
-1.835035733013925973722280104993842542171478271484375
-1.773365126392832724633308316697366535663604736328125
-1.2655640638318776947102151098079048097133636474609375
-3.55627905190107096444762646569870412349700927734375
-1.319980074705108474830694831325672566890716552734375
0.86100623963383815517858010935015045106410980224609375
3.01638458856191515877753772656433284282684326171875
-2.397341400857330828699787161895073950290679931640625
-1.57978942978200986857473253621719777584075927734375
0.11977844327393273593518330244478420354425907135009765625
1.5950307292542220682918241436709649860858917236328125
-0.0714716108247870351988240145146846771240234375
-1.5091437932043583192154301286791451275348663330078125
-1.937414475682460501815285169868730008602142333984375
1.6741566714946098937133456274750642478466033935546875
1.777712445422968468022872912115417420864105224609375
0.66472093986422386979739940215949900448322296142578125
0.458215284671986633480145201247069053351879119873046875
-2.11758188290621784943823513458482921123504638671875
1.76439949908890536534045168082229793071746826171875
1.501479833357444615415943189873360097408294677734375
4.09232453336841128788137211813591420650482177734375
1.524890228296918781580870927427895367145538330078125
2.268177583698804511413982254453003406524658203125
-3.85626946769067036058231678907759487628936767578125
0.61022567305553565564224527406622655689716339111328125
3.315501023509561218105545776779763400554656982421875
-0.15707763400979113388444829979562200605869293212890625
-3.564785851632979785108545911498367786407470703125
-2.05392872720308705680736238718964159488677978515625
2.23862016152340270735976446303538978099822998046875
-2.00876022651476926483837814885191619396209716796875
0.2114181537176597347471584953382262028753757476806640625
-1.7775003386366130531115459234570153057575225830078125
-1.9508504979096503717528321431018412113189697265625
2.416970636137910855012478350545279681682586669921875
2.487022074543530525403411957086063921451568603515625
0.463274447325690619248206303382175974547863006591796875
2.4535425025249555375239651766605675220489501953125
0.509759504078302949636736229876987636089324951171875
4.29745820099331155006439075805246829986572265625
0.56250494449335786129040570813231170177459716796875
-3.8739758777872435047129329177550971508026123046875
-0.83029633831736437965531649751937948167324066162109375
3.25220380689217503089594174525700509548187255859375
0.51678697521030148021026207061368040740489959716796875
-3.5480984327620177509743371047079563140869140625
3.304785215719498570052792274509556591510772705078125
-0.5878228355954480122136374120600521564483642578125
-1.0643428651216828573211614639149047434329986572265625
0.8136321467990448308427176016266457736492156982421875
0.6556112497926960269722940211067907512187957763671875
-4.48750930360146060849046989460475742816925048828125
-1.1392538357922463720939276754506863653659820556640625
-1.68507544407616460802046276512555778026580810546875
1.472743093109870837764674433856271207332611083984375
-4.1946610417643217516570075531490147113800048828125
-2.8003088770942330398838748806156218051910400390625
-0.298961281122752442485079882317222654819488525390625
-0.6699816749490279388368207946768961846828460693359375
-1.032831131641472666160552762448787689208984375
-2.7512184880537287057222783914767205715179443359375
1.4458234392026161341249235192663036286830902099609375
-1.9258329647620200386626265753875486552715301513671875
0.42977156469743971189956255329889245331287384033203125
-1.2767082622045411444133833356318064033985137939453125
3.13160553837273258892537342035211622714996337890625
-0.350201340943306071995522188444738276302814483642578125
-4.578378599114831359884192352183163166046142578125
0.87919934519062559186153293921961449086666107177734375
-2.739470759370432606516487794579006731510162353515625
-1.210924722097703298828719198354519903659820556640625
3.19989455417694923511362503631971776485443115234375
0.085139281209641592962356071438989602029323577880859375
3.34145867731864054661627960740588605403900146484375
-1.888576503392744854181728442199528217315673828125
-2.2901193141628777283358431304804980754852294921875
-2.980496136896136238902954573859460651874542236328125
1.40704480424291400453284950344823300838470458984375
1.3884505771050446032433001164463348686695098876953125
-3.9596039843424559734330614446662366390228271484375
1.8848559216432556606690695844008587300777435302734375
2.938019187255127118163500199443660676479339599609375
-4.5478139552556147151562981889583170413970947265625
4.4114923343265903810106465243734419345855712890625
-0.5925937573761341781164446729235351085662841796875
0.358248347952250856263134437540429644286632537841796875
4.86560258653264110506597717176191508769989013671875
4.14758842615821787802588005433790385723114013671875
4.16999717665829816581890554516576230525970458984375
-3.56499266720652396855939514352940022945404052734375
-2.063657083116663404354085287195630371570587158203125
-0.2933653557579900539309392115683294832706451416015625
-1.4632915841276241675217306692502461373805999755859375
-1.2428454367877037611833657138049602508544921875
-4.4656955013982919666659654467366635799407958984375
-4.4147325099312855201105776359327137470245361328125
-4.4055034386197320372957619838416576385498046875
2.73927612598383429798332144855521619319915771484375
-3.179179064310427182959983838372863829135894775390625
2.1997563031578710734947890159673988819122314453125
2.736384709433731909911102775367908179759979248046875
-3.828272474634896838097120053134858608245849609375
-1.8340785709196947284027601199341006577014923095703125
-2.0123087499574783265643418417312204837799072265625
-0.55224974278330751786825203453190624713897705078125
4.27468212352539733700496071833185851573944091796875
-1.493447629530539444431269657798111438751220703125
2.50377349744083321780863116146065294742584228515625
3.12704001829922351163304483634419739246368408203125
-1.51322756409923275811024723225273191928863525390625
-3.970108893343073486192906784708611667156219482421875
-0.42154900206969825315894695449969731271266937255859375
1.38771227945721165042414213530719280242919921875
-3.414420225541064279894953870098106563091278076171875
-1.1223906713867843887300068672630004584789276123046875
-3.89884750479410069345931333373300731182098388671875
-1.6142637171706386567393565201200544834136962890625
-2.75053619628454981693721492774784564971923828125
1.6864434785611113198910970822907984256744384765625
-2.91396786141130093028550618328154087066650390625
4.54368133408753305246818854357115924358367919921875
0.33956559289961318892636654709349386394023895263671875
-0.225236206252464654653522302396595478057861328125
-3.644604903547783880668475831043906509876251220703125
-2.469701154123012276642157303285785019397735595703125
-2.7641185598093986897083595977164804935455322265625
-0.77617152169688619078868896394851617515087127685546875
-2.957004326059016197092432776116766035556793212890625
1.9537212106921406640225313822156749665737152099609375
4.7717478728034041779437757213599979877471923828125
1.0839617482177157370415443438105285167694091796875
-3.636068866314911218751149135641753673553466796875
2.1714101006486732359235247713513672351837158203125
-2.4575538211552778733448576531372964382171630859375
-2.48302544389913126821056721382774412631988525390625
1.81893672815355333938214243971742689609527587890625
-2.195306165093761752160617106710560619831085205078125
4.39580679039357846704660914838314056396484375
0.9780372030412849415625942128826864063739776611328125
2.266942817607723537065567143145017325878143310546875
-3.254548587125198455538566122413612902164459228515625
0.678671482039116202855666415416635572910308837890625
3.127584528256501794629684809478931128978729248046875
0.197969180019180956975333174341358244419097900390625
-2.8811529192163920498614970711059868335723876953125
1.8011395415126276731143661891110241413116455078125
-2.397465056779605419023937429301440715789794921875
-2.565770915602438861924383672885596752166748046875
0.638751692526500658431132251280359923839569091796875
3.424483953604715136265213004662655293941497802734375
4.73448560225138859181015504873357713222503662109375
0.67828049448374516661175448462017811834812164306640625
3.3794027209853521043214641395024955272674560546875
-4.4107179543263921317475251271389424800872802734375
3.770387983751630311957114827237091958522796630859375
-2.64983482503096734461678352090530097484588623046875
-2.328378707070451358873697245144285261631011962890625
1.960346754869441543434049890493042767047882080078125
-3.928296348600421428187701167189516127109527587890625
-3.81275244043305150398737168870866298675537109375
-0.10140387427666919251123545109294354915618896484375
3.849509205357893204535457698511891067028045654296875
3.681018877070216799296531462459824979305267333984375
2.73426895874587660983934256364591419696807861328125
2.175839367989290007443514696205966174602508544921875
-1.7062507653649847672028272427269257605075836181640625
-1.6257985022578100853252180968411266803741455078125
4.618530559164288007423238013871014118194580078125
-3.53959124356569976299624613602645695209503173828125
-3.317115598292263545232572141685523092746734619140625
1.1659961572868411394665599800646305084228515625
1.6413511542485357264098411178565584123134613037109375
3.348399316763017719011941153439693152904510498046875
-1.7215423570853871648722588361124508082866668701171875
0.15556277848485466908101670924224890768527984619140625
1.908977493363083421940018524765037000179290771484375
0.1714086090270432183313431551141547970473766326904296875
1.4208533963167884195399892632849514484405517578125
4.6664223074917430267305462621152400970458984375
-2.42770655785287470251887498307041823863983154296875
-3.632694759903220660390843477216549217700958251953125
-3.100644097790119513291529074194841086864471435546875
0.93622360326043441158816449387813918292522430419921875
-0.1489702292658315052609196982302819378674030303955078125
2.1434132935338947589798408444039523601531982421875
0.7556883724721539241642176421009935438632965087890625
1.9321401239578330777391101946705020964145660400390625
3.444090642912848831969085949822328984737396240234375
-0.490277140404592526312654854336869902908802032470703125
-2.27844631999441649128357312292791903018951416015625
-2.845398190871668564483343288884498178958892822265625
2.707939655897245501137149403803050518035888671875
-0.1548689742872260965977915248004137538373470306396484375
-3.24661482597047079678986847284249961376190185546875
-1.70628364774013352445081181940622627735137939453125
-3.1496717895893571181886727572418749332427978515625
4.39640830534583226807399114477448165416717529296875
4.59121420449009232100934241316281259059906005859375
1.11826532603675321553282628883607685565948486328125
-1.3590472639152706424425787190557457506656646728515625
-2.67915578389787167878921536612324416637420654296875
-0.304384986965120563073838866330333985388278961181640625
-2.841799168711236944773190771229565143585205078125
-1.0390660358417995734470196111942641437053680419921875
-4.98466527999782016422614105977118015289306640625
2.336733548987548036990347100072540342807769775390625
4.48028233058090830098763035493902862071990966796875
1.4189166614568715640842810898902826011180877685546875
1.3278746755467476514667168885353021323680877685546875
-4.02933430242797552267575156292878091335296630859375
-0.001851427364092641560111562881729696528054773807525634765625
-3.185105254122259754723245350760407745838165283203125
-2.3967805623806643922080183983780443668365478515625
1.43197216864000420599722929182462394237518310546875
1.4823811237639830107326588404248468577861785888671875
3.895292066946983045028218839433975517749786376953125
-0.677278381892762570970489832689054310321807861328125
3.2467131886360593995277668000198900699615478515625
-4.449040695568154291095197550021111965179443359375
0.9763345002180534581981419250951148569583892822265625
-3.36050195101555271293136684107594192028045654296875
-4.559439629656719006334242294542491436004638671875
4.32844617701277467602949400315992534160614013671875
1.239616390542587875955859999521635472774505615234375
-2.72312604876665620423636937630362808704376220703125
-1.0834458031553733103891090649995021522045135498046875
4.62901971264403666594944297685287892818450927734375
-1.4994439106662202920716708831605501472949981689453125
-3.062151728134057560026803912478499114513397216796875
-0.1548181534217418497956231249190750531852245330810546875
2.328760888079419277829629209008999168872833251953125
-1.7875747338528498175946879200637340545654296875
-2.071159195332396674160690963617525994777679443359375
-0.573598931122564881235348366317339241504669189453125
-0.6009861555541216038278662381344474852085113525390625
-3.192561169001493226460297591984272003173828125
-2.454839547770288898931312360218726098537445068359375
-0.158781073791832316732808294545975513756275177001953125
-2.530254598096143947572045362903736531734466552734375
-3.168756833189742661005539048346690833568572998046875
-3.669870994530062713323559364653192460536956787109375
-4.10780153548945126118496773415245115756988525390625
0.3971359897021089491175871444283984601497650146484375
-4.7292606874083222834315165528096258640289306640625
0.312451948445904237328107910798280499875545501708984375
0.9700034829063228780654526417492888867855072021484375
1.1968234735405227642246472896658815443515777587890625
0.2323453217677609317082243478580494411289691925048828125
-1.1962963574318283832553788670338690280914306640625
0.11515631315249284793988948649712256155908107757568359375
1.6765070300131592606618369245552457869052886962890625
0.9159415828170167639399323888937942683696746826171875
2.284598465980094861293991925776936113834381103515625
2.748283927048873476195467446814291179180145263671875
1.029504360877766533377553059835918247699737548828125
1.6415135798122524324327287104097194969654083251953125
-2.481051371345235789789285263395868241786956787109375
-0.685168179912315711277415175572969019412994384765625
-0.10982256707119823768703525956880184821784496307373046875
-1.5714779859271901241157820550142787396907806396484375
2.974112813319831349900823624921031296253204345703125
-1.1096656942418530178429136867634952068328857421875
-0.8030840521874258453038919469690881669521331787109375
-4.83067449297470385971564610372297465801239013671875
0.45247100279534080424781450346927158534526824951171875
0.69175927285591531923358843414462171494960784912109375
2.341125448230200856158944588969461619853973388671875
-1.8130892815268351281332570579252205789089202880859375
2.222424607060669021763033015304245054721832275390625
-2.44248773987863643242235411889851093292236328125
-1.6242579548230582364709562170901335775852203369140625
-1.0095925574137327718204915072419680655002593994140625
1.56970041596175491349640651606023311614990234375
-0.2228056485846543477435943714226596057415008544921875
-0.7001121686881706107641321068513207137584686279296875
-3.33807355172059860848321477533318102359771728515625
4.15090779677601862118763165199197828769683837890625
-0.13918700186289345577250742280739359557628631591796875
-1.48290508322856684486623635166324675083160400390625
4.8539152387959934031869124737568199634552001953125
4.89101893399261999917371213086880743503570556640625
-0.4196675424929459108369655950809828937053680419921875
-1.965659227251067786568228257237933576107025146484375
-2.452955763065677530221364577300846576690673828125
0.1795347452265237675472775435991934500634670257568359375
2.234266287421351027120408616610802710056304931640625
-1.960127474416555770631021005101501941680908203125
-4.0837263544902331346975188353098928928375244140625
-2.681391208043906626556918126880191266536712646484375
-4.0180109269919963566053411341272294521331787109375
2.510881531827168888781898203887976706027984619140625
2.094486158250667973135250576888211071491241455078125
4.785065454704064080715397722087800502777099609375
1.51013005442024716984406040864996612071990966796875
-0.491549171583877952951269207915174774825572967529296875
4.36342336641735695224042501649819314479827880859375
-1.6007143610288265822561015738756395876407623291015625
-0.56600711586845664502476438428857363760471343994140625
2.799541953869994603820714473840780556201934814453125
0.52654931232219881476197542724548839032649993896484375
-0.98971229985877318124920520858722738921642303466796875
-4.4892842396699155216310828109271824359893798828125
1.67185178573192150253134968806989490985870361328125
-1.00179599270988006765037425793707370758056640625
0.438901735006996862598072084438172169029712677001953125
2.9196313252227792389703608932904899120330810546875
-0.94963795329360622954339987700222991406917572021484375
-1.4809472967553196642853663433925248682498931884765625
-0.3367747463044541422760858040419407188892364501953125
-1.583372619827719152141298764036037027835845947265625
-3.988463846591647321560003547347150743007659912109375
4.29267734440353176950111446785740554332733154296875
-3.885073128886570970053071505390107631683349609375
3.128594486384282280511115459376014769077301025390625
-3.161793306209834231168542828527279198169708251953125
0.9827188253312277854689682499156333506107330322265625
3.2960242864090876224736348376609385013580322265625
2.973934964983339312993848579935729503631591796875
-4.0332530639349766232726324233226478099822998046875
4.0081324682955372651349534862674772739410400390625
-2.45459361904131778686632969765923917293548583984375
3.596461098843936721181080429232679307460784912109375
-2.248747606370385287988256095559336245059967041015625
4.1956057146215197661831552977673709392547607421875
-4.7899564391194449086697204620577394962310791015625
-2.429301027565614834458074255962856113910675048828125
-2.12109142219848845201113363145850598812103271484375
0.81593702442521409690101563683128915727138519287109375
0.753296402371660622776516902376897633075714111328125
1.7767967319496389411170866878819651901721954345703125
1.828674010299046859273630616371519863605499267578125
3.15037393176844116027268682955764234066009521484375
3.90227781463693457197905445354990661144256591796875
-2.17906223085414207929488838999532163143157958984375
-4.88629844139753544141058227978646755218505859375
2.62760878314905088615205386304296553134918212890625
4.61243782975995930684121049125678837299346923828125
-3.67644475349078536652314141974784433841705322265625
-0.6228389579125910291423906528507359325885772705078125
-1.39818857400542828628431379911489784717559814453125
4.10302836523898140086430430528707802295684814453125
-1.4528987545426852445729082319303415715694427490234375
0.6664853094911042941106416037655435502529144287109375
-0.147590635007906312292647044159821234643459320068359375
0.1463850156978870054036434567024116404354572296142578125
2.9569778786783889046319018234498798847198486328125
2.28348297178028492027124229934997856616973876953125
-0.74489942528523689357911052866256795823574066162109375
-1.624820569089345578817074056132696568965911865234375
0.005184115347176138956231117305151201435364782810211181640625
3.632054656875884912636820445186458528041839599609375
-1.845425783087072613142254340345971286296844482421875
2.41474731770924933016431168653070926666259765625
-2.108021641228074560814320648205466568470001220703125
-1.8258220398917088811430176065186969935894012451171875
3.166833901998256095566830481402575969696044921875
0.298550283648587655438433330346015281975269317626953125
-0.61218274599394817414577119052410125732421875
4.91939237041780330628171213902533054351806640625
-0.521993067132955790299320142366923391819000244140625
0.85295952400126007209024692201637662947177886962890625
-1.0451461987686847532330602916772477328777313232421875
-1.17318031241413489595970531809143722057342529296875
-2.7792040120889982546259489026851952075958251953125
-3.47120647469685206232270502368919551372528076171875
-3.296105680016214289906884005176834762096405029296875
2.232485574734878408520444281748495995998382568359375
-2.2533445777546550203851438709534704685211181640625
-0.630492847502237108159306444576941430568695068359375
-3.342375154302174689036064592073671519756317138671875
3.35999992683128301251826997031457722187042236328125
0.63538933910892436696116192251793108880519866943359375
-1.327204847484134031532221342786215245723724365234375
-4.47332063394485857088511693291366100311279296875
3.1779506256752227955075795762240886688232421875
3.392540690780560641570673396927304565906524658203125
3.71089347300220850911500747315585613250732421875
-0.7682290007943162191139663264038972556591033935546875
-2.852507287699934668268042514682747423648834228515625
1.3067263571063250093828855824540369212627410888671875
-1.639190805493675906490125271375291049480438232421875
1.4938175515695972794816270834417082369327545166015625
-1.664434136919914930530239871586672961711883544921875
3.04112525583715420651742533664219081401824951171875
-0.716865799397263803172108964645303785800933837890625
-4.49973723975522599261012146598659455776214599609375
1.329276598719876911758319693035446107387542724609375
1.9611769733892312483902742314967326819896697998046875
0.5901066713534051100253918775706551969051361083984375
-2.06521150392699315290201411698944866657257080078125
-1.048648173962700713701678978395648300647735595703125
-4.29764184563023210472465507336892187595367431640625
0.94116616583627366043884876489755697548389434814453125
4.80836962717096927377724568941630423069000244140625
-3.8395277422725104798928441596217453479766845703125
-4.718487743635563447242020629346370697021484375
-2.070344173086354988555513045866973698139190673828125
1.423717097849913404417065976304002106189727783203125
-3.269871257837923650413358700461685657501220703125
-2.686770374448848475168460936401970684528350830078125
-2.777993984719160369678547795047052204608917236328125
-1.76240909168140635898680557147599756717681884765625
-0.85119681756216591939079307849169708788394927978515625
-4.87919680192478200098094021086581051349639892578125
1.92537112502540974645626192796044051647186279296875
3.69248536052471454382839510799385607242584228515625
-1.75144293556093000319151542498730123043060302734375
3.470236984770233679142847904586233198642730712890625
-2.797857245961843819515024733846075832843780517578125
1.236958840333586717719072112231515347957611083984375
-2.026516900616479599506192244007252156734466552734375
-4.37533371627287426264274472487159073352813720703125
1.33231666582229646422774749225936830043792724609375
-3.122494219730047149141682893969118595123291015625
-0.7045623098332172151714303254266269505023956298828125
-1.8649033754664576800763597930199466645717620849609375
0.42844400361528400811295114181120879948139190673828125
2.346731040807373158685322778183035552501678466796875
-1.2175375862291648587643067003227770328521728515625
-1.4351975550472195752860216089175082743167877197265625
0.96175043800558956963442369669792242348194122314453125
0.62421837925591372453482108539901673793792724609375
-1.9082932165545918312687945217476226389408111572265625
3.97022589322999497341015739948488771915435791015625
0.18322439616919228289049215163686312735080718994140625
-0.804378425096567983842987814568914473056793212890625
1.528646742207259823231879636296071112155914306640625
-0.4026679796236691810662478019366972148418426513671875
0.67368119472514143009078679824597202241420745849609375
-4.4087764366316353203956168727017939090728759765625
-1.8648215398062906178466846540686674416065216064453125
2.07208889367414084148322217515669763088226318359375
0.010380591389278735758860960913807502947747707366943359375
0.858542912716669714967565596452914178371429443359375
-4.50225026634909841760645576869137585163116455078125
0.0093244149487027618017354058110868209041655063629150390625
-0.49711500935040786597340911612263880670070648193359375
3.126052135568653245201176105183549225330352783203125
0.493109145580227836713760325437760911881923675537109375
2.375527560860932307917892103432677686214447021484375
-2.8415390131404567597428467706777155399322509765625
-0.785631904550375015361396435764618217945098876953125
-3.893789511114693180360291080432943999767303466796875
1.81057924735716913033911623642779886722564697265625
-0.366533057206592294274827281697071157395839691162109375
2.9894914167885087152853884617798030376434326171875
2.24361206509319810464830879936926066875457763671875
3.470244317515648990735144252539612352848052978515625
-1.6462204597738383515803661794052459299564361572265625
-0.0134933863067929864232308290183937060646712779998779296875
-4.76996222096353061914442150737158954143524169921875
-2.5128077650547933075131368241272866725921630859375
0.1360565114349705506668897214694879949092864990234375
3.2742812593368508800040217465721070766448974609375
-2.633709422247410003592449356801807880401611328125
4.611467361089783167926725582219660282135009765625
-4.48268103005085549739305861294269561767578125
2.3081271362178785722107932087965309619903564453125
2.9546122507366678888729438767768442630767822265625
-3.4507451120637000485658063553273677825927734375
-4.533881332803073149761985405348241329193115234375
3.461383334612758488901818054728209972381591796875
-2.587774586893630157646839506924152374267578125
1.696456185033586638866154316929168999195098876953125
1.51495550620233299099481882876716554164886474609375
2.811135549898347019137645474984310567378997802734375
1.520863304264669313425883956369943916797637939453125
3.01319094717132163196993133169598877429962158203125
0.43032159802713942919893952421261928975582122802734375
-1.22123225632989207412038012989796698093414306640625
2.85551108189050584229562446125783026218414306640625
1.9301040753742448874419324056361801922321319580078125
4.25317264600653910378014188609085977077484130859375
2.527951644718967827429878525435924530029296875
-0.190330024163517796953470906373695470392704010009765625
0.08653921580559498227813719495316036045551300048828125
2.43349009766067236881781354895792901515960693359375
4.40191916748018119420748917036689817905426025390625
-2.576167363975158774991314203361980617046356201171875
-1.77671674203733598318422082229517400264739990234375
1.148749651135932747791912333923391997814178466796875
-0.7236954283035732515827476163394749164581298828125
3.2271445366041131563861199538223445415496826171875
0.940741483837287173486174651770852506160736083984375
2.275704062320605292057962287799455225467681884765625
1.329223280697011233542070840485394001007080078125
-0.94687335127018334990367520731524564325809478759765625
1.139092437266758128799892801907844841480255126953125
3.6808229690609852724492156994529068470001220703125
-1.62094701690952103234621972660534083843231201171875
-1.679490377853075866454446440911851823329925537109375
-3.181300366775158039445159374736249446868896484375
0.85116334770217172422945850485120899975299835205078125
2.898570324228948447142784061725251376628875732421875
-0.935314219838501603732083822251297533512115478515625
4.0439969904278729728730468195863068103790283203125
1.0807548293176598708242863722261972725391387939453125
-4.67816641581294501150978248915635049343109130859375
3.5233775913907283694470606860704720020294189453125
-4.2321293492706164585115402587689459323883056640625
-3.724834832611956247916396023356355726718902587890625
2.89896821966371387446770313545130193233489990234375
-2.092374059334531022358305563102476298809051513671875
-0.9692899632692484335194649247569032013416290283203125
4.8013089396105694817151743336580693721771240234375
-0.92103576371270545752878433631849475204944610595703125
-0.35617814212221288183712886166176758706569671630859375
1.7246682718090065034033386837108992040157318115234375
-2.49283323033809978142016916535794734954833984375
1.690730126782514997074713392066769301891326904296875
2.9705499915293298585083903162740170955657958984375
1.10562738160013651622648467309772968292236328125
0.344066501012643632950727123898104764521121978759765625
-0.998456810360414781513327397988177835941314697265625
-1.9655313481496194949471600921242497861385345458984375
-0.591130105552953200032106906292028725147247314453125
0.3889954214805528831533365519135259091854095458984375
2.505451514176680660739293671213090419769287109375
0.79949643507507450745919186374521814286708831787109375
0.4115808084196996841086502172402106225490570068359375
-0.1538908685466988390810882947334903292357921600341796875
-3.89035793538263074964334009564481675624847412109375
1.401868743281665441458017085096798837184906005859375
3.660784985535264102196606472716666758060455322265625
4.50757041969797711544742924161255359649658203125
-2.970591095575216389335082567413337528705596923828125
1.8303681858612843580402795851114206016063690185546875
-4.20094583356047568400981617742218077182769775390625
-0.09600687261740799283149527809655410237610340118408203125
-0.268150105081897294212467386387288570404052734375
2.78471770125405537754659235361032187938690185546875
0.446690063616864085904722969644353725016117095947265625
-0.373927401185367269675907664350233972072601318359375
-2.644153041603389819869107668637298047542572021484375
1.5027980097764628286682864199974574148654937744140625
-0.99722510671165121021175536952796392142772674560546875
2.10755072540752852461309885256923735141754150390625
4.2943447183960348212394819711335003376007080078125
-1.5692862493658032985166528305853717029094696044921875
-3.286258391957663338445172485080547630786895751953125
-4.84261780641278249959214008413255214691162109375
-0.6922852503486203179505764637724496424198150634765625
2.14020603397100561693378040217794477939605712890625
2.283833955239060298225695078144781291484832763671875
-1.591447758652225541453617552178911864757537841796875
4.26911224677291567530801330576650798320770263671875
4.8230694838737999674549428164027631282806396484375
2.0767973656658202941116542206145823001861572265625
3.065771915207362585675809896201826632022857666015625
4.594359533639650550185251631774008274078369140625
0.89735175051992965844505079076043330132961273193359375
2.6161016289461684891648474149405956268310546875
-0.856445129270593685788526272517628967761993408203125
0.375888646231291090327175652419100515544414520263671875
3.418444719775506346337579088867641985416412353515625
-2.12829239776949830087460213690064847469329833984375
0.95419047386924538134422846269444562494754791259765625
-1.3341214975929738262294677042518742382526397705078125
4.73636363575081897892005144967697560787200927734375
-1.287381971148281234462729116785340011119842529296875
-3.61289495788397285735982222831808030605316162109375
1.4581715306012454913542342183063738048076629638671875
-3.096772322055700410459166960208676755428314208984375
-2.349058085991924560431698409956879913806915283203125
1.9964658733168525461820763666764833033084869384765625
-2.693211028370580351065655122511088848114013671875
2.492483249792574628855845730868168175220489501953125
1.467625487219629487611882723285816609859466552734375
0.1223988841829710683128951131948269903659820556640625
-2.77015713420507925235369839356280863285064697265625
-4.832430447635413628404421615414321422576904296875
3.109256838161019942390339565463364124298095703125
1.77234272725955133154229770298115909099578857421875
-2.88090987231335748930405316059477627277374267578125
0.99697832449949164157487757620401680469512939453125
-3.42424161409766458774583952617831528186798095703125
-1.32255169010876638679974348633550107479095458984375
1.238375720336926111286857121740467846393585205078125
2.89863065712748468882864472107030451297760009765625
-2.17090080591372913687564505380578339099884033203125
1.4193547905201544523379197926260530948638916015625
0.542886503400658693152536216075532138347625732421875
-1.4025786783225824283505289713502861559391021728515625
1.479344647178066907144966535270214080810546875
-2.5333973202418054171403127838857471942901611328125
0.484643812376638061234501719809486530721187591552734375
4.3559549613873418394405234721489250659942626953125
4.80246316357985136846764362417161464691162109375
-0.51433325226266390917118087600101716816425323486328125
0.252066805116978986944786811363883316516876220703125
0.1638863428690086332384368006387376226484775543212890625
-4.17170675092950471452013516682200133800506591796875
1.1909977633372850203130610680091194808483123779296875
-1.75177023676902621218687272630631923675537109375
-3.88100927629214087488662698888219892978668212890625
2.10202871423443671261566123575903475284576416015625
0.0466766852087292516415573118138127028942108154296875
4.346271361649538533811210072599351406097412109375
1.6278141855690766437447791759041137993335723876953125
-2.0738662758451429368733442970551550388336181640625
-2.681834021013326907478813154739327728748321533203125
-0.5873434071864362948645066353492438793182373046875
-4.07504438590167072931080838316120207309722900390625
3.15479667061250790283111200551502406597137451171875
3.321623015215651175680022788583301007747650146484375
-3.367528751092232486286093262606300413608551025390625
-1.8999257718091724367326378342113457620143890380859375
3.27120577356317188133516538073308765888214111328125
-0.68944650384849470725612263777293264865875244140625
4.530120063008016728645088733173906803131103515625
1.7620621779453724542463532998226583003997802734375
1.4201317295389568329255780554376542568206787109375
1.8306478185764276656044557967106811702251434326171875
-1.0075640054762884378902754178852774202823638916015625
-3.216061408330843196523574079037643969058990478515625
0.987947577073294613825282795005477964878082275390625
-3.725853198703354518528385597164742648601531982421875
1.200406949590483218770486928406171500682830810546875
1.080702902385623165315564619959332048892974853515625
-3.182881387641829373791324542253278195858001708984375
-0.83715061526575718087173072490259073674678802490234375
1.94880436854834560023164158337749540805816650390625
-1.67339216214470098975652945227921009063720703125
2.13953034417831222668837654055096209049224853515625
4.03332436637120483879925814107991755008697509765625
1.568632115698958440219712429097853600978851318359375
-1.2670065072385459092885184873011894524097442626953125
1.0391965575343926619922285681241191923618316650390625
0.8265265866997040244967820399324409663677215576171875
3.019026597285552337979197545791976153850555419921875
1.3575253684605750326142015182995237410068511962890625
2.55875689008197415574841215857304632663726806640625
-0.69377455045357405705175324328592978417873382568359375
0.5036056773515389384243690074072219431400299072265625
-2.046398923081304221938125920132733881473541259765625
-3.92830034167020070157150257728062570095062255859375
-4.4376615181965721745882547111250460147857666015625
-1.4478398227704332157372846268117427825927734375
-0.9383427006897395727946786792017519474029541015625
0.2905125901156677681314022265723906457424163818359375
-1.1759226386977632561325890492298640310764312744140625
2.546937201240847770122854853980243206024169921875
-1.151142808223923008625888542155735194683074951171875
0.470139290479901827968234329091501422226428985595703125
0.562402310724551934839610112248919904232025146484375
-3.307817051406565678206561642582528293132781982421875
0.3052435729966800348478273008367978036403656005859375
3.8197450549915803463818519958294928073883056640625
1.4713789045998828530770197176025249063968658447265625
-1.576636434806440778544356362544931471347808837890625
-2.108433413230530018012132131843827664852142333984375
4.8178848216047978070264434791170060634613037109375
2.9117472811024516232691894401796162128448486328125
4.41072156445260521451245949720032513141632080078125
0.1791817972247824741760524602796067483723163604736328125
2.2469380065252249067953016492538154125213623046875
4.092142082873525765762678929604589939117431640625
2.67013973702222084938284751842729747295379638671875
-0.8847276259512943941132334657595492899417877197265625
0.153896652835284586391395578175433911383152008056640625
-1.80063234870915334084884307230822741985321044921875
-2.149754117775402928458561291336081922054290771484375
-2.40623902176599102631371351890265941619873046875
-2.183595501255219506475668822531588375568389892578125
2.15176228536609048802574761793948709964752197265625
2.79086944010909032698464216082356870174407958984375
-4.0687928621517972516130612348206341266632080078125
1.2836885686140553364253946710960008203983306884765625
-2.559641850607395241468111635185778141021728515625
4.130115733479794215554647962562739849090576171875
-2.22949998700040197263660957105457782745361328125
1.0688540928190490841842574809561483561992645263671875
2.701142922344894170549878253950737416744232177734375
1.8467209336909375938517996473819948732852935791015625
0.87046384548085897758795681511401198804378509521484375
0.04184174566537328388005079204958747141063213348388671875
-2.522588287156326547489015865721739828586578369140625
-0.83361959573010502300149937582318671047687530517578125
-2.869519867735310203471499335137195885181427001953125
-0.8855168367405534812775158570730127394199371337890625
2.7237683428769923210666092927567660808563232421875
4.65596642432544616241330004413612186908721923828125
4.00060648869601376276250448427163064479827880859375
-1.023764899713510256873405523947440087795257568359375
4.996578436027363068205886520445346832275390625
-0.2553558740098960111453152421745471656322479248046875
-0.864946733682173007906612838269211351871490478515625
-3.521460175775966039424247355782426893711090087890625
3.0142271186497904267298508784733712673187255859375
3.728558311769511579569780224119313061237335205078125
-4.96997167506412296233975212089717388153076171875
2.676649577752951980613715932122431695461273193359375
-2.96696398220049228910966121475212275981903076171875
3.434230836700198352673396584577858448028564453125
-2.316453364253051372401159824221394956111907958984375
-0.70187339878458043784803521702997386455535888671875
-1.0773263792741711863953923966619186103343963623046875
3.847921505158167665427981773973442614078521728515625
-1.6623368008306993459655132028274238109588623046875
-1.5337762783104491592922613563132472336292266845703125
-3.9041039598660365328441912424750626087188720703125
2.99982706125746023673173112911172211170196533203125
-0.71544034993728755633668470181873999536037445068359375
3.30010322411002565701210187398828566074371337890625
-3.377024269044472948309021376189775764942169189453125
-3.021685907458415698556564166210591793060302734375
-0.77637116106499315382194481571787036955356597900390625
-2.620259336498025337647277410724200308322906494140625
1.3072815122402214882413318264298141002655029296875
-3.85375606554838068262824890553019940853118896484375
-2.878484427114873511754922219552099704742431640625
3.127187605632368860852920988691039383411407470703125
-2.892408018294449600915640985476784408092498779296875
-0.6353365833536859241803540498949587345123291015625
-1.877182499313049479638948469073511660099029541015625
-2.596400141953924656235130896675400435924530029296875
-3.082913205929110223024736114894039928913116455078125
3.48495733092641302164338412694633007049560546875
