0.77883800443350281739185447804629802703857421875
20.18607943588043696081513189710676670074462890625
9.456475484998957625748516875319182872772216796875
-11.993150894859837762851384468376636505126953125
-18.887476795151297181973859551362693309783935546875
-20.2327498881953289355806191451847553253173828125
-10.44584975601427601077375584281980991363525390625
-29.757752502932131477564325905404984951019287109375
16.049720475653288076500757597386837005615234375
2.205046196564049321153788696392439305782318115234375
4.5151261847269328342235894524492323398590087890625
-9.33263417200229383752230205573141574859619140625
-5.60199316247528233958519194857217371463775634765625
10.3324781116621142729172788676805794239044189453125
29.082801496177136613141556154005229473114013671875
13.3080246863323612416252217371948063373565673828125
-24.16657064412455468982443562708795070648193359375
0.81943402398250320128880730408127419650554656982421875
1.74661710933130365219767554663121700286865234375
20.281638273624228219205178902484476566314697265625
15.0308460833091839248254473204724490642547607421875
-13.1723125991039768933887899038381874561309814453125
-21.2480511734978421145569882355630397796630859375
9.9193266920367673122882479219697415828704833984375
26.4484745082863952347906888462603092193603515625
-27.436038261560582895981497131288051605224609375
-2.88033220238333509399808463058434426784515380859375
-27.19490775890071887488375068642199039459228515625
-27.85556560392311808982412912882864475250244140625
-20.2376349401215662737740785814821720123291015625
-4.9235339925448950992858954123221337795257568359375
-22.770435427381261916934818145819008350372314453125
-2.967160750981439054640986796584911644458770751953125
-27.637048736389917991118636564351618289947509765625
26.425605441943702089702128432691097259521484375
-19.058976792275966971601519617252051830291748046875
6.67282126806588848921819590032100677490234375
-8.6706561813104467972834754618816077709197998046875
-2.95778322940443505473240293213166296482086181640625
1.4960341650964428250603077685809694230556488037109375
12.8384266597481992988605270511470735073089599609375
17.80634555471339552923382143490016460418701171875
5.35345184650646199742141106980852782726287841796875
26.0350719364711977732440573163330554962158203125
-21.85900933452922600963574950583279132843017578125
-30.22549122154140377460862509906291961669921875
-20.760656376789345500810668454505503177642822265625
-22.00766457121827812670744606293737888336181640625
16.0276256662719873702371842227876186370849609375
3.604579456069566756326594259007833898067474365234375
27.43204294723910408038136665709316730499267578125
23.361386309467409461149145499803125858306884765625
-30.688381579978770474781413213349878787994384765625
8.331774949545280861684659612365067005157470703125
6.3716334331697481729861465282738208770751953125
-9.8866041763968919298122273175977170467376708984375
-18.71272092600585068566942936740815639495849609375
-21.10982647330886408099104301072657108306884765625
-12.7922008038846453104042666382156312465667724609375
26.804950007024995528581712278537452220916748046875
-1.025182378329237309344534878619015216827392578125
21.7782167934205261872193659655749797821044921875
25.27929205003713519772645668126642704010009765625
10.8683970694597089590160976513288915157318115234375
14.91463056912763107675345963798463344573974609375
-0.044139400227937893028684612772849504835903644561767578125
-21.273228285227123279810257372446358203887939453125
-28.26947323592582250739724258892238140106201171875
-8.405955142656811318602194660343229770660400390625
-19.560912318034855417181461234577000141143798828125
6.45113349684034087516693034558556973934173583984375
-17.925358130201029638328691362403333187103271484375
19.11204952914558674592626630328595638275146484375
26.774791415095958058145697577856481075286865234375
10.7462979962971854064335275324992835521697998046875
22.972816456895369441326693049632012844085693359375
-14.0177335517516628016210233909077942371368408203125
10.776226650322936251313876709900796413421630859375
-6.9498693940419826731158536858856678009033203125
12.8462726027848486154425700078718364238739013671875
5.29286943292784517467453042627312242984771728515625
6.89890559146134219048462909995578229427337646484375
-12.5498919726901032589694295893423259258270263671875
-26.120632977779781214167087455280125141143798828125
11.9466317144304010611222111037932336330413818359375
-20.113139479887539806668428354896605014801025390625
-30.60728768711536673663431429304182529449462890625
-27.643376300710929882598065887577831745147705078125
-8.727581007497509091308529605157673358917236328125
15.820209326909040470354739227332174777984619140625
-23.633579340033893601003001094795763492584228515625
-12.1487624131704148311428070883266627788543701171875
-22.479728977429129344045577454380691051483154296875
17.750414533167653274858821532689034938812255859375
19.165387568463625456161025795154273509979248046875
-6.65800594910734133691221359185874462127685546875
-11.7081449367207728329276505974121391773223876953125
-3.649093467481109076544498748262412846088409423828125
1.0826710918176976061744198887026868760585784912109375
-28.59095489553237001700836117379367351531982421875
-18.683542602991696668368604150600731372833251953125
-8.114555899488284040899088722653687000274658203125
2.1794173334361399696490479982458055019378662109375
-6.28241325090012736609423882327973842620849609375
19.66756506129483028644244768656790256500244140625
18.354924372678862454222326050512492656707763671875
21.949584798636063709409427247010171413421630859375
22.168567409817995894627529196441173553466796875
-11.7893738788898172487051851931028068065643310546875
15.547386719119263176480671972967684268951416015625
27.0005261804563900795983499847352504730224609375
5.34221740761805818920038291253149509429931640625
9.31562711322390413215543958358466625213623046875
-18.67324193644994778651380329392850399017333984375
17.784898722680335225732051185332238674163818359375
31.132353733565121700621602940373122692108154296875
8.1180553333885132616387636517174541950225830078125
-19.751140877979718624146698857657611370086669921875
12.42447103487503312635453767143189907073974609375
2.16718389768188846034036032506264746189117431640625
-26.76574290002434963753330521285533905029296875
-4.8966929968272392414974092389456927776336669921875
19.067293468710293069534600363112986087799072265625
5.44898564343098801288078902871347963809967041015625
-6.571027806861199138666052022017538547515869140625
-3.07613821786681906900184912956319749355316162109375
30.80757366629365634480564040131866931915283203125
29.803098385001600689747647265903651714324951171875
-29.589480520295804666375261149369180202484130859375
30.247544331670308537240998703055083751678466796875
-11.2745734779712609707758019794709980487823486328125
5.381567728005119732870298321358859539031982421875
-5.56764082575927243823343815165571868419647216796875
-2.739095246708178610361983373877592384815216064453125
-22.2038612219134421366106835193932056427001953125
-12.569908439824274637430789880454540252685546875
-23.615146551894678594862853060476481914520263671875
-31.05220514402920883867409429512917995452880859375
4.2624394925725486160672517144121229648590087890625
28.423915990311886758945547626353800296783447265625
17.811577480786212390739819966256618499755859375
16.48428774479599923097339342348277568817138671875
-1.9449160234137374825280630830093286931514739990234375
29.732600813576343767863363609649240970611572265625
17.669541609994947606310233823023736476898193359375
-1.1396482664858080813274909814936108887195587158203125
-9.820318684150389998421815107576549053192138671875
9.2954840374424190230229214648716151714324951171875
2.20668479633261771510888138436712324619293212890625
6.8249614232667141777710639871656894683837890625
4.8064042744448354227415620698593556880950927734375
-19.00984991223614173350142664276063442230224609375
-28.425444213922855141163381631486117839813232421875
20.040712418584089249407043098472058773040771484375
-0.7670851337940407521642782739945687353610992431640625
16.073506114873634231798860128037631511688232421875
-27.760372356877933697205662610940635204315185546875
-13.019075672153686440424280590377748012542724609375
15.794394603334186655274606891907751560211181640625
11.61604436006766860600691870786249637603759765625
8.6455433986790666267552296631038188934326171875
31.995181267195771823708128067664802074432373046875
-29.415222432366324056829398614354431629180908203125
-11.524218440682549413622837164439260959625244140625
-20.378219190671867266928529716096818447113037109375
12.5671721367662261314990246319212019443511962890625
-31.672885266983779928295916761271655559539794921875
10.2322669620468627016407481278292834758758544921875
-2.433485474521326796804032710497267544269561767578125
28.7788990972918981015027384273707866668701171875
-20.021394436701246632992479135282337665557861328125
-4.02720486387924569982033062842674553394317626953125
8.0134896110931919110953458584845066070556640625
2.21832390607739515786533956998027861118316650390625
-9.111171622240391343439114280045032501220703125
-15.9037981475604279779645366943441331386566162109375
-30.91302494148622059810804785229265689849853515625
16.841327813668950597048024064861238002777099609375
-20.299236102726325725598144344985485076904296875
6.51321285711614894609056136687286198139190673828125
4.02764946341591212330968119204044342041015625
-13.94838176167082366418981109745800495147705078125
-1.5636935797855489038710175009327940642833709716796875
30.8504990218234382837181328795850276947021484375
-25.26379671826521899902218137867748737335205078125
28.520022326574434146095882169902324676513671875
-16.549712982845900199890820658765733242034912109375
-15.196179896320703761602999293245375156402587890625
23.10204956099095596755432779900729656219482421875
18.066891240147693764583891606889665126800537109375
-25.101280347649559843148381332866847515106201171875
1.5932096171273391060907442806637845933437347412109375
-26.61533962288338983626090339384973049163818359375
6.61676761000305102555785197182558476924896240234375
-1.6533850488175956261471810648799873888492584228515625
28.25044968342528051152839907445013523101806640625
-24.30863834080795271574970684014260768890380859375
6.60389564841948928375359173514880239963531494140625
4.230996509403755823086612508632242679595947265625
28.83900919722480438167622196488082408905029296875
-0.2051930921606676949675573951026308350265026092529296875
1.5703949630458404751465195658965967595577239990234375
-2.723465205894699980859741117455996572971343994140625
7.11504203241400556834150847862474620342254638671875
5.27685145038578351517344344756565988063812255859375
8.0135483548569812484174690325744450092315673828125
16.52808916089123414394634892232716083526611328125
10.9437340719678264377989762579090893268585205078125
-13.029915720660259381702417158521711826324462890625
-19.8181076593022709175784257240593433380126953125
13.4673672850773780140798407956026494503021240234375
0.19989550715097037514311750783235765993595123291015625
10.1645082767724890260296888300217688083648681640625
7.80159434761276227021653539850376546382904052734375
10.4038645924496311323537156567908823490142822265625
-8.4391926466348596846955842920579016208648681640625
-13.569193173380057260146713815629482269287109375
-28.15575292786474648210059967823326587677001953125
-20.1005320199593739971533068455755710601806640625
-11.0585737802688317543697849032469093799591064453125
9.7404146141197625041741048335097730159759521484375
-6.0850864842476966032336349599063396453857421875
10.2045515166483031777033829712308943271636962890625
-30.171371961779893666744101210497319698333740234375
-17.992261066070039277065006899647414684295654296875
-29.2317449582495356708022882230579853057861328125
22.26911957078210235749793355353176593780517578125
22.281746810142944781318874447606503963470458984375
5.43177287018865317946847426355816423892974853515625
-25.433343336745711127377944649197161197662353515625
-1.87350031648614834267618789453990757465362548828125
5.4034784895077851984979133703745901584625244140625
-28.680624575871291881412616930902004241943359375
-27.71204309387821496102333185262978076934814453125
21.027834423909762762150421622209250926971435546875
-4.5310304627544599753719012369401752948760986328125
30.709621538242739546831217012368142604827880859375
0.4167503077219059104407961058313958346843719482421875
12.387989377748279906654715887270867824554443359375
-18.162134409647922694830413092859089374542236328125
-1.972734595888935071883452110341750085353851318359375
8.5379206521277577479622777900658547878265380859375
22.669660011734396931615265202708542346954345703125
16.14667038153954337076356750912964344024658203125
-29.152962886741132564338840893469750881195068359375
-16.432146852992122632031168905086815357208251953125
-20.609266037208325172969125560484826564788818359375
5.49308701560346523962152787134982645511627197265625
20.43417605706193995729336165823042392730712890625
29.95942696302149244047541287727653980255126953125
7.50751120711378572281091692275367677211761474609375
22.466167254243831763460548245348036289215087890625
-28.860870923320590009097941219806671142578125
16.224141486192582561898234416730701923370361328125
24.616886610056166517779274727217853069305419921875
30.94828012004511919030846911482512950897216796875
-12.66452977190858320000188541598618030548095703125
29.932436784131493112681710044853389263153076171875
3.37499250404803330383174397866241633892059326171875
-2.402497689473758857303664626670069992542266845703125
24.2538939946634855004958808422088623046875
-26.832490144409870680419771815650165081024169921875
5.82274490540913891578611583099700510501861572265625
-29.351265664921758258287809439934790134429931640625
-12.4365543659532651332710884162224829196929931640625
28.47004904149539328273021965287625789642333984375
-19.943123742832515432610307470895349979400634765625
2.03137029741890362544154413626529276371002197265625
22.216396278381541407043187064118683338165283203125
-3.66224259605472379774937508045695722103118896484375
-5.16731673418131887132176416344009339809417724609375
-4.92593460305772712359839715645648539066314697265625
-22.97972030739786220010500983335077762603759765625
15.74948893382799042228725738823413848876953125
-31.23645818704368792850800673477351665496826171875
10.4679423066723327195859383209608495235443115234375
22.12223121712896301005457644350826740264892578125
25.398106832067536942076912964694201946258544921875
-13.7608826976964575550255176494829356670379638671875
-17.398554361234676690628475625999271869659423828125
13.06767171422142581604930455796420574188232421875
-9.9641966942877360224883886985480785369873046875
4.356098873901604662250974797643721103668212890625
-12.7172669143791896573247868218459188938140869140625
-14.2025546523322550029888589051552116870880126953125
2.795818681957688678352269562310539186000823974609375
9.85491420033078924234359874390065670013427734375
20.677302693859648030638709315098822116851806640625
24.5546973489169459980985266156494617462158203125
-5.2060298817524195413852794445119798183441162109375
1.553351069805264383916210135794244706630706787109375
-9.7222153770768091618492690031416714191436767578125
3.925540968485812687305269719217903912067413330078125
-11.7125242044266020258191929315216839313507080078125
28.451657726813198934223692049272358417510986328125
25.903775028931050883329589851200580596923828125
-12.9049776022359452554155723191797733306884765625
4.225996764033055796971893869340419769287109375
-30.992325130477151873265029280446469783782958984375
22.904876179545009762250629137270152568817138671875
18.77376545204132440858302288688719272613525390625
-4.02997085940938415404843908618204295635223388671875
11.1174437913318637782822406734339892864227294921875
-10.540368073138846938263668562285602092742919921875
-4.21475072927127936139868324971757829189300537109375
13.669989688518104031800248776562511920928955078125
17.925879006637789103706381865777075290679931640625
23.800998228369888209954297053627669811248779296875
4.33861618667969306528675588197074830532073974609375
5.39191206108510101557840243913233280181884765625
-15.550728687725637655603350140154361724853515625
-26.404170837365175117383842007257044315338134765625
13.074078829869076656677862047217786312103271484375
15.84327632375113381613118690438568592071533203125
-26.457468478400119948901192401535809040069580078125
14.8294563046777430059819380403496325016021728515625
8.369512141018276452086865901947021484375
-14.5039599802575924769598714192397892475128173828125
25.23184315116569820247605093754827976226806640625
-10.6041983888334243602002970874309539794921875
-22.86929668081288724579280824400484561920166015625
-11.51650665386491567687698989175260066986083984375
-24.062287498693336829092004336416721343994140625
-7.31359600005969756608692478039301931858062744140625
10.4720715440868001877561255241744220256805419921875
20.994394546919611599378185928799211978912353515625
22.173202040100559173652072786353528499603271484375
2.659511973514349758573871440603397786617279052734375
-15.8458889632256028079382303985767066478729248046875
-22.869485795367520353238433017395436763763427734375
22.9128664245585440539798582904040813446044921875
-17.70560042004284895256205345503985881805419921875
26.851506350448392623775362153537571430206298828125
-21.277594569315827044420075253583490848541259765625
18.38961305422566994138833251781761646270751953125
24.6592631628031000445844256319105625152587890625
-14.35937814516518784557774779386818408966064453125
18.253304422620043823144442285411059856414794921875
-31.354536893408084807788327452726662158966064453125
15.1568617084661472205198151641525328159332275390625
-0.274792498535766538392266511436901055276393890380859375
4.400338787468026424676281749270856380462646484375
-12.585822118881882403229610645212233066558837890625
11.546538327501171039557448239065706729888916015625
8.589722574196041904315279680304229259490966796875
2.3581804688805778624782760743983089923858642578125
14.5575302620375683915199260809458792209625244140625
-27.647481047586271785121425637044012546539306640625
24.95579721745088619400121388025581836700439453125
7.6899044342022389031399143277667462825775146484375
-28.086883042239175978238563402555882930755615234375
-31.488403878427892124136633356101810932159423828125
18.459120509964296985572218545712530612945556640625
-19.8079711948522572129149921238422393798828125
-18.306022949178451852958460221998393535614013671875
29.575573263168767113029389292933046817779541015625
17.234568782648086227027306449599564075469970703125
-28.5772624166887823093929910100996494293212890625
16.270893004003720960781720350496470928192138671875
-14.07007221351414472110263886861503124237060546875
8.535923694204395673068574978969991207122802734375
-0.99175005068662469565055062048486433923244476318359375
25.312919082324665254191131680272519588470458984375
9.1838578902149610172500615590251982212066650390625
-25.204114755674286385556115419603884220123291015625
-24.007460338879280214996470022015273571014404296875
-12.1407008881278795087155231158249080181121826171875
22.0662847132290522722541936673223972320556640625
22.83823691570774627734863315708935260772705078125
-1.98808696407994744959069066680967807769775390625
3.543101732140325754727427920443005859851837158203125
2.504698325533437408552117631188593804836273193359375
14.3421023196165293711601407267153263092041015625
-9.758671541877351529592488077469170093536376953125
28.1670181566584432175659458152949810028076171875
1.576390750594252043725873591029085218906402587890625
-11.6082905614925255832758921314962208271026611328125
13.840323808462056121015848475508391857147216796875
-20.811297084209872565452315029688179492950439453125
2.938696380342486147441150023951195180416107177734375
-16.92172384069086632507605827413499355316162109375
12.949164772492263608683060738258063793182373046875
12.674577722992967920845330809243023395538330078125
12.6670755985179059877054896787740290164947509765625
-10.3215621867291833524404864874668419361114501953125
-16.03503095559428714977912022732198238372802734375
-30.064262575746024452882920741103589534759521484375
13.9975776937477665029518902883864939212799072265625
0.91094939749221393032740934359026141464710235595703125
22.894085261661071939442990696988999843597412109375
12.1208311341503769398286749492399394512176513671875
-2.72721943495211771590902571915648877620697021484375
23.908775685311407954714013612829148769378662109375
-1.632468304425342520147523828200064599514007568359375
-22.561185880310059559405999607406556606292724609375
-12.7762142070984854314019685261882841587066650390625
26.691605837970673320569403585977852344512939453125
-12.0560896669120989344037297996692359447479248046875
26.766742178615711367228868766687810420989990234375
30.42992349188791223468797397799789905548095703125
28.64510787929972224219454801641404628753662109375
27.744434376194163860418484546244144439697265625
20.30642789051089636132019222714006900787353515625
-5.223324435508175156428478658199310302734375
-26.196943996764620266048950725235044956207275390625
-29.958697583424768851045882911421358585357666015625
12.640358900572408629159326665103435516357421875
-21.935587092987500312801785185001790523529052734375
3.480288440210094424998032991425134241580963134765625
25.36248631853374746469853562302887439727783203125
12.376916881519488100593662238679826259613037109375
-8.6818866133416694452762385481037199497222900390625
-6.62457637433065738008508560596965253353118896484375
5.1180355764266636242609820328652858734130859375
-22.407532471679278529563816846348345279693603515625
8.334958199215027008222023141570389270782470703125
-18.48382557796883673972843098454177379608154296875
21.3982051095116077021884848363697528839111328125
14.1757625693568609648309575277380645275115966796875
7.0254209459874221721520370920188724994659423828125
2.539370069655130901509210161748342216014862060546875
19.647973936033917397026016260497272014617919921875
11.930884186789622702917768037877976894378662109375
12.8313941063292009658880488132126629352569580078125
-16.639982017070185094098633271642029285430908203125
-4.71446938382281910406845781835727393627166748046875
-25.843546663738369062457422842271625995635986328125
-19.16819323910808492428259341977536678314208984375
-3.812954820135622480137271850253455340862274169921875
-4.96586515455146315645151844364590942859649658203125
0.86273678144169274606412045613978989422321319580078125
9.9693520969248350382940770941786468029022216796875
23.501570472931152977480451227165758609771728515625
2.65348717246957477300384198315441608428955078125
10.5898854719334369889338631764985620975494384765625
11.571674575901855774873183690942823886871337890625
11.0976900134812552778384997509419918060302734375
12.8761511164107016469415611936710774898529052734375
-27.8450134998506229067061212845146656036376953125
3.64431580535270516207901891903020441532135009765625
-12.9779621846956008113238567602820694446563720703125
5.71479187444511094184917965321801602840423583984375
1.3044284664381586846815253011300228536128997802734375
-27.949125971209195284927773172967135906219482421875
-31.93787278975147359005859470926225185394287109375
-17.338062291101405065774088143371045589447021484375
18.261701635347389327534983749501407146453857421875
21.442989348876917432562549947760999202728271484375
21.287318335272601643737289123237133026123046875
-0.6945248661673459888987736121634952723979949951171875
18.61106059356876585297868587076663970947265625
18.398923746989137129048685892485082149505615234375
-24.887331733679165068906513624824583530426025390625
-15.0835543834031806653683815966360270977020263671875
14.1270628434619087698820294463075697422027587890625
22.25408477229186843260322348214685916900634765625
5.2621959737256194244992002495564520359039306640625
19.976571147472892420182688510976731777191162109375
-0.43481777071431693126868367471615783870220184326171875
-28.454354652830634364590878249146044254302978515625
18.564070187954779811434491421096026897430419921875
-14.398017192450168977302382700145244598388671875
0.90473127887807136549014330739737488329410552978515625
9.3744345171973915142871192074380815029144287109375
-10.677656311443779912906393292360007762908935546875
-7.68537355300977775840465255896560847759246826171875
6.1763825506833587297705889795906841754913330078125
-1.2521251980988201690792038789368234574794769287109375
-3.78962787030309211644407696439884603023529052734375
25.674863488739372741065380978398025035858154296875
-9.6410888135022378975236279075033962726593017578125
25.302292198877541551382819307036697864532470703125
-18.4145710112387206436324049718677997589111328125
29.27539558686319054459090693853795528411865234375
-11.9172194342864941063453443348407745361328125
-3.911164356296176425331623249803669750690460205078125
-9.91745633435173346015290007926523685455322265625
-26.323337651075778609310873434878885746002197265625
-13.2923618429554668551872964599169790744781494140625
-23.634145425514208938011506688781082630157470703125
-9.4224656252450049720437164069153368473052978515625
-10.6376703612368874729554590885527431964874267578125
-21.09760783198758105072556645609438419342041015625
-1.100768709049046112369296679389663040637969970703125
-24.321917090610678968687352607958018779754638671875
8.8602376905872883838810594170354306697845458984375
12.158339007726976177536926115863025188446044921875
-1.302776354173884154619145192555151879787445068359375
12.418344007742579293562812381424009799957275390625
-5.36989049364275583542394087999127805233001708984375
22.70167660942870924145609023980796337127685546875
-19.072884344523714617025689221918582916259765625
24.331508465761732651344573241658508777618408203125
-26.10844637864699535612089675851166248321533203125
25.096048850739212099369979114271700382232666015625
14.9928107254258424774207014706917107105255126953125
23.054914119190808463599751121364533901214599609375
10.572576009073852532083037658594548702239990234375
15.96237237427002497724970453418791294097900390625
25.972171286038328474887748598121106624603271484375
-13.07607299098793163238951819948852062225341796875
-17.2473500785274183044748497195541858673095703125
22.800473562864713272801964194513857364654541015625
13.7102053643588579490142365102656185626983642578125
-26.84613516843018032886902801692485809326171875
-6.164868940891050641539550269953906536102294921875
31.11270470685119704512544558383524417877197265625
-25.552360197925935381135786883533000946044921875
-28.030149048670040201614028774201869964599609375
-21.9386028415585059292425285093486309051513671875
-25.998436644613690305050113238394260406494140625
-27.81688301928617335079252370633184909820556640625
-25.250250289781472901040615397505462169647216796875
12.6581855282775705973108415491878986358642578125
7.87281173688893520790088587091304361820220947265625
0.5169562238332592318812430676189251244068145751953125
-30.452725138363202717073363601230084896087646484375
30.091553631619373021521823829971253871917724609375
-1.6927287635508452279253788219648413360118865966796875
8.6163175142306638321088030352257192134857177734375
-0.8582402415180145904827213598764501512050628662109375
12.182710643446025500225005089305341243743896484375
-23.87813586513070873706965357996523380279541015625
10.2424956142672893832923364243470132350921630859375
13.2949066915899702934211745741777122020721435546875
26.18324229782098200303153134882450103759765625
7.6892084975647332356629704008810222148895263671875
22.115565070028313954253462725318968296051025390625
0.77766292715882723296516587652149610221385955810546875
2.549296835372853120560421302798204123973846435546875
-10.8551792734666623374550908920355141162872314453125
6.5245901838743396439213029225356876850128173828125
-13.2995387935703544002308262861333787441253662109375
-0.1607241062278370880012090538002667017281055450439453125
26.97450929320645940379108651541173458099365234375
-0.0975371940760737243802935836356482468545436859130859375
-29.546301719637821037167668691836297512054443359375
-10.9094785999300398771083564497530460357666015625
-28.050052650760182615385929238982498645782470703125
-29.715378868596314276828707079403102397918701171875
6.53923510252521733576713813818059861660003662109375
27.663557489250653276258162804879248142242431640625
-18.487742361093570053753865067847073078155517578125
-14.612778536997669931452037417329847812652587890625
10.84793536840827954392807441763579845428466796875
6.48361932376751948226001331931911408901214599609375
26.97095591359887833959874114952981472015380859375
-15.141386921134511567288427613675594329833984375
30.333164894208113793183656525798141956329345703125
9.98150419371703634396908455528318881988525390625
-18.59454187101846400764770805835723876953125
24.087468853854108630230257404036819934844970703125
8.7895841452187237763382654520682990550994873046875
-31.245570933776189548325419309549033641815185546875
-0.412560243149527161587997170499875210225582122802734375
22.894842804383728207540116272866725921630859375
-9.7146924605701929777978875790722668170928955078125
4.6928625251077704660929157398641109466552734375
-5.482683787659599516928210505284368991851806640625
10.770396579287147886816455866210162639617919921875
-20.18167202961118533721673884429037570953369140625
1.4225838721199137726358685540617443621158599853515625
-8.8093472482199377537881446187384426593780517578125
14.66818630567626513538925792090594768524169921875
29.964371506761391827922125230543315410614013671875
-1.2590026102702822630163836947758682072162628173828125
11.681149643571128393659819266758859157562255859375
-9.1087259661172641500570534844882786273956298828125
16.367920766563141654614810249768197536468505859375
-1.7664842025744469378167877948726527392864227294921875
-16.897042073952075469378542038612067699432373046875
28.81996254169862226035547791980206966400146484375
4.81681248478484658193110590218566358089447021484375
-7.2021804715560282517117229872383177280426025390625
-13.6348152471693193632518159574829041957855224609375
-21.41712357084377771343497443012893199920654296875
-4.14495988429346340353731648065149784088134765625
-8.21617722004177863937002257443964481353759765625
-24.892264996424611211978117353282868862152099609375
19.680876706574363055324283777736127376556396484375
2.94159245000224434107849447173066437244415283203125
4.95723171777158366779758580378256738185882568359375
-1.5540398122304261985249240751727484166622161865234375
-6.5466789038239507902972036390565335750579833984375
12.1784489805512787796715201693587005138397216796875
15.86979145585340944535346352495253086090087890625
-24.827288700232845286564042908139526844024658203125
7.6945984049678646243819457595236599445343017578125
5.53803756407858571719771134667098522186279296875
9.7145211348924522809511472587473690509796142578125
15.2516973284095680440941578126512467861175537109375
-13.08180719850844297980074770748615264892578125
29.51514817890855368887059739790856838226318359375
23.7431891242014216913958080112934112548828125
-9.42550207454786459493334405124187469482421875
-3.099536813070425278482389330747537314891815185546875
7.0352435225987957068127798265777528285980224609375
-18.187799113164633268979741842485964298248291015625
-23.845188949493234531473717652261257171630859375
0.694060708651376589983783560455776751041412353515625
-28.571669375811563185152408550493419170379638671875
4.00359323388757015749206402688287198543548583984375
18.548163094434158892909181304275989532470703125
6.7578316122721044933996381587348878383636474609375
-4.85027320886788704257241988671012222766876220703125
-14.9586605905410596761839769897051155567169189453125
-30.207193960924268338885667617432773113250732421875
-13.792096985875563319723369204439222812652587890625
-15.40472175180988045894991955719888210296630859375
-31.29018397121817685047062695957720279693603515625
-17.514977519567462849181538331322371959686279296875
21.095649478568976320502770249731838703155517578125
0.03724333012540249898680855267230072058737277984619140625
11.612857558745371733266438241116702556610107421875
-14.1959148787629914068020298145711421966552734375
20.206987393275227304911823011934757232666015625
22.612462409216238512499330681748688220977783203125
30.45741639185262528144448879174888134002685546875
23.968628920520284708572944509796798229217529296875
12.99280769989018580190531793050467967987060546875
-3.228211819161462603489098910358734428882598876953125
-8.776416119757204370444014784879982471466064453125
-16.44744822107166015712209627963602542877197265625
-5.3583518224104835780963185243308544158935546875
-6.46873139904837746172461265814490616321563720703125
-21.55283138811655163635805365629494190216064453125
-23.006854868070593767015452613122761249542236328125
-9.7831008319758527846943252370692789554595947265625
-2.37246613681318052613278268836438655853271484375
-0.94974365709012520397891421453095972537994384765625
-19.345174335258089826083960360847413539886474609375
-23.630752441497445914819763856939971446990966796875
-2.3592330213670233973743961541913449764251708984375
27.14314900006394282172550447285175323486328125
26.816149359734719581638273666612803936004638671875
30.90377210365576132744536153040826320648193359375
13.7697727653060848496124890516512095928192138671875
16.511490338912750530653283931314945220947265625
-10.655027579004642035442884662188589572906494140625
11.59488890773651093013540958054363727569580078125
-12.318947129352405767122036195360124111175537109375
8.797412952656426199382622144185006618499755859375
20.979896663360083408633727231062948703765869140625
-24.638172242750105311870356672443449497222900390625
19.508848915551507019472410320304334163665771484375
13.381571187857712601498860749416053295135498046875
19.925775712247030924118007533252239227294921875
-20.214460136772860465725898393429815769195556640625
-24.6458368419290110296060447581112384796142578125
-24.409924394528228930312252487055957317352294921875
30.7370304401967331386913429014384746551513671875
31.839522299070257105313430656678974628448486328125
-6.67700039734243855349404839216731488704681396484375
-15.4869031054250516632464496069587767124176025390625
5.49688714024722191453520281356759369373321533203125
30.6449946323561590588724357075989246368408203125
-30.327177776911344864174679969437420368194580078125
15.8384999138420976549923580023460090160369873046875
12.538102555523988002050828072242438793182373046875
-28.57986918518969332581036724150180816650390625
-14.3772065364790986308207720867358148097991943359375
-19.78192054491760387691101641394197940826416015625
29.9377051626257610905668116174638271331787109375
-30.13547527579479634596282267011702060699462890625
-10.3746630477229846434283899725414812564849853515625
-29.02094998368776401775903650559484958648681640625
-27.12266031872201210717321373522281646728515625
-29.44968965301087138186630909331142902374267578125
-20.374892851240161917303339578211307525634765625
4.04005753333768069524012389592826366424560546875
7.7679890906120903082410222850739955902099609375
-25.57143089893941834134238888509571552276611328125
-31.21491067659818696711226948536932468414306640625
-8.3468874266834927055924708838574588298797607421875
10.2470722317528153411103630787692964076995849609375
20.79388217030619756542364484630525112152099609375
11.5533800338853982481168714002706110477447509765625
29.06098546059666176688551786355674266815185546875
-9.1971569090322500272804973064921796321868896484375
-7.92506634285799993477894531679339706897735595703125
-22.54354187810816512183009763248264789581298828125
16.57736634177316403793156496249139308929443359375
-7.84628834048106416076961977523751556873321533203125
-16.901707197459725051658097072504460811614990234375
-20.840047854438271457411246956326067447662353515625
22.59513037684454417330925934948027133941650390625
6.43037598752894012932301848195493221282958984375
-7.26714851706894204852460461552254855632781982421875
15.2346234468244716708795749582350254058837890625
14.7148935380672991612982514197938144207000732421875
7.2105795074939234012845190591178834438323974609375
15.1280339524451914456903978134505450725555419921875
18.310250905726288550567915081046521663665771484375
-26.569520895849368713470539660193026065826416015625
-1.6505973667313700303793666535057127475738525390625
-0.03988742786723604993870395674093742854893207550048828125
9.7506243603877482684083588537760078907012939453125
23.707544506848279297628323547542095184326171875
21.33902452469752830666038789786398410797119140625
-17.8612277553071407965035177767276763916015625
-5.45089254675885825918157934211194515228271484375
16.896212028172318042607003008015453815460205078125
-24.454035820926495858884663903154432773590087890625
-7.42058911044319824412696107174269855022430419921875
-19.5541032152788005760157830081880092620849609375
3.558972702827216227916551360976882278919219970703125
31.16150236165079689953927299939095973968505859375
23.418961774815908682967346976511180400848388671875
-1.12991323576096558412018566741608083248138427734375
-17.099309711712606940636760555207729339599609375
-20.08157625526762757317555951885879039764404296875
-22.008005979520991246545236208476126194000244140625
0.87973760448432114511518875588080845773220062255859375
-28.258504662703881393781557562761008739471435546875
27.890373654637283351576115819625556468963623046875
24.721136480531708201624496723525226116180419921875
-13.304459743472694555066482280381023883819580078125
2.502269850873386047851454350166022777557373046875
0.901635985412172491493265624740161001682281494140625
-29.9092767765950924285789369605481624603271484375
-8.256755975601894448345774435438215732574462890625
6.14006894742081410498713012202642858028411865234375
-14.9348758854544332308478260529227554798126220703125
19.156506945430582078415682190097868442535400390625
-24.98626256011531410194947966374456882476806640625
-2.833934496188331930710546657792292535305023193359375
15.51531253570211532633038586936891078948974609375
18.588760243740377831045407219789922237396240234375
-26.841149043674182195218236302025616168975830078125
0.61778941926581698584897139880922622978687286376953125
-10.4566440985477004943504653056152164936065673828125
24.250473779396969575827824883162975311279296875
12.44070169347395449221949093043804168701171875
-12.6838803351910538452784749097190797328948974609375
10.193347168712382000421712291426956653594970703125
1.36823154620675868642365458072163164615631103515625
-12.430182325973785140149630024097859859466552734375
13.0776220525115380866054692887701094150543212890625
5.2644131134876612776452020625583827495574951171875
8.8811222248824446268145038629882037639617919921875
-17.05181972436522386260548955760896205902099609375
19.66174737740750089187713456340134143829345703125
10.62452202626095498771974234841763973236083984375
-18.6111237825770814424686250276863574981689453125
-9.9088976553548864245613003731705248355865478515625
-26.93013617798397518754427437670528888702392578125
11.901770348287254108754495973698794841766357421875
-12.4082431301682891700011168722994625568389892578125
-1.272579246047525369789354954264126718044281005859375
-16.760552712083605086945681250654160976409912109375
7.01976352795604174872323710587806999683380126953125
-1.0345915453170257958248612339957617223262786865234375
-15.811384129306180312823926215060055255889892578125
-30.7387579350820629997542710043489933013916015625
-0.64262423914054822571273462017416022717952728271484375
-0.95953552558783672399300712640979327261447906494140625
-17.306060586962445313474745489656925201416015625
-16.962195599606861406982716289348900318145751953125
20.903390176784483855954022146761417388916015625
-7.37127901153922504562387985060922801494598388671875
-4.0494694315660471062301439815200865268707275390625
12.447837154197248565878908266313374042510986328125
16.933027031759760205886777839623391628265380859375
4.5480452944998592812453352962620556354522705078125
23.66198833834960169042460620403289794921875
16.78929595185261547385380254127085208892822265625
17.988558098656579176122249918989837169647216796875
-23.230492872217485711416884441860020160675048828125
-19.610258212369586772183538414537906646728515625
-30.3160737873894277072395198047161102294921875
-15.5990789215286849156427706475369632244110107421875
-28.0528705100580424414147273637354373931884765625
-3.574766869581348149864652441465295851230621337890625
-24.3736629978658498885124572552740573883056640625
-1.6650138528041724672590362388291396200656890869140625
-6.24531184661134464164433666155673563480377197265625
28.154906908079677663181428215466439723968505859375
-25.45185671784820868879251065663993358612060546875
16.692114934739205267533179721795022487640380859375
13.897803682895311538914029370062053203582763671875
10.0905764504918948887279839254915714263916015625
-24.066913404274398402549195452593266963958740234375
23.544720817166535198339261114597320556640625
-16.01271748587561205567908473312854766845703125
-17.7159539609882159538756241090595722198486328125
-17.435775381878880097019646200351417064666748046875
-9.19568554472434840363348484970629215240478515625
14.0865723032676459780532240984030067920684814453125
-13.57706311778343888363451696932315826416015625
-24.04530208867415552731472416780889034271240234375
-29.3008682868659207088057883083820343017578125
13.4582559966557315789259519078768789768218994140625
-13.485140512523376088438453734852373600006103515625
-7.25292638014735047136127832345664501190185546875
5.04550045148480652557054781937040388584136962890625
-8.4265532346463718482709737145341932773590087890625
-23.512556673791554118224667035974562168121337890625
22.320673537147410314673834363929927349090576171875
3.534678316556625787825396400876343250274658203125
20.5632003028007517286823713220655918121337890625
-4.55185622271746570532968689803965389728546142578125
7.32498766845384086110470889252610504627227783203125
-5.896686659068617331058703712187707424163818359375
-0.397093626532895982439441695532877929508686065673828125
12.9003777780968551525120346923358738422393798828125
18.887239317431038898575934581458568572998046875
7.5080957927807165930289556854404509067535400390625
-1.23306348672578369729535552323795855045318603515625
9.37006510369335643417798564769327640533447265625
-13.228012957096520807453998713754117488861083984375
11.92560121333298184254090301692485809326171875
-0.0299961420876020783132798186443324084393680095672607421875
8.27611540243378129844131763093173503875732421875
11.3247363515750034679285818128846585750579833984375
12.428868996811413438763338490389287471771240234375
-1.4240295398563793671797839124337770044803619384765625
27.907770761481430099593126215040683746337890625
-18.37252345535137720844431896694004535675048828125
12.8846147962221291294326874776743352413177490234375
-21.010213188101683812192277400754392147064208984375
11.21103577926439953671433613635599613189697265625
6.8127649626898669765751037630252540111541748046875
14.8660088624758035535933231585659086704254150390625
3.835644019035317153765163311618380248546600341796875
24.131608767092561862455113441683351993560791015625
10.0030041279114403351968576316721737384796142578125
0.74272968000814987288293878009426407516002655029296875
-23.86742612978516575594767346046864986419677734375
20.905502236837794072243923437781631946563720703125
-8.5858728090370686203414152259938418865203857421875
-12.74086016632846707352655357681214809417724609375
-21.88383615449162533650451223365962505340576171875
12.8290620084788660193453324609436094760894775390625
-18.591442428311655277184399892576038837432861328125
-31.88672641359863035859234514646232128143310546875
25.89369777358071900152935995720326900482177734375
3.55987617343151896420749835669994354248046875
12.25165219015249107314957655034959316253662109375
-2.657161667566344309676651391782797873020172119140625
16.999295370035572005917856586165726184844970703125
-1.4146493608516801376850935412221588194370269775390625
5.7924137971759392939929966814815998077392578125
18.832367666167886710582024534232914447784423828125
11.609498628360622518584932549856603145599365234375
14.4938006622960973146518881549127399921417236328125
31.83106012935019890619514626450836658477783203125
-2.9901452443983682627504094853065907955169677734375
0.5848487981679817426794443235849030315876007080078125
-6.0642979027028918181940753129310905933380126953125
4.89842329972167522811332673882134258747100830078125
-26.413787433788289860103759565390646457672119140625
-17.21810485942712176665736478753387928009033203125
-3.323152902317305201762565047829411923885345458984375
20.34070149070792155043818638660013675689697265625
-22.265336601599383214988847612403333187103271484375
-31.688860414419519173634398612193763256072998046875
-16.180080086673068961999888415448367595672607421875
-15.4960042759956646563068716204725205898284912109375
-10.5038519021347749315964392735622823238372802734375
-25.687412231513274463168272632174193859100341796875
-16.522031881919730267327395267784595489501953125
6.33122206125089093120550387538969516754150390625
17.96709590351424168375160661526024341583251953125
5.09892321545893256740100696333684027194976806640625
-18.07504266679342208590242080390453338623046875
30.293753310468929385024239309132099151611328125
-6.04172392818390591173738357611000537872314453125
-15.285251297269024206570975366048514842987060546875
20.261719891014532635153955197893083095550537109375
-13.0838412945323394609431488788686692714691162109375
18.246346831006956534793062019161880016326904296875
23.328739529437125810318320873193442821502685546875
2.15616936966584571422345106839202344417572021484375
12.2369802838139225542590793338604271411895751953125
13.0558413106260413627524030744098126888275146484375
15.3056257292333750541502013220451772212982177734375
8.4069300062657443817215607850812375545501708984375
21.16747691792905783358946791850030422210693359375
-23.761830705052492618278847658075392246246337890625
-10.3693280667395466565494643873535096645355224609375
-29.123475168314609362596456776373088359832763671875
-6.3709819536581253629492493928410112857818603515625
-24.203134157082214272804776555858552455902099609375
2.068899525852710308271298345061950385570526123046875
-15.215214833155183526969267404638230800628662109375
2.7831363975313561098801073967479169368743896484375
-16.249313714285332110875970101915299892425537109375
13.537776060447495041216825484298169612884521484375
-7.47649523837365581613312315312214195728302001953125
-1.6640926536261082535617106259451247751712799072265625
-3.091824218133733648272709615412168204784393310546875
16.976694981725071187383946380577981472015380859375
13.3026193016739195940090212388895452022552490234375
18.6725200981232291042033466510474681854248046875
8.8329452940555146511769635253585875034332275390625
-27.2229400170009654402747401036322116851806640625
-7.0743625207398803667047104681842029094696044921875
6.3173589545441135584269432001747190952301025390625
-30.0897692763854678332791081629693508148193359375
-0.84058892324063361201069710659794509410858154296875
-9.34586427910807771013423916883766651153564453125
18.7499640551389035181273357011377811431884765625
-25.982331139809790698791402974165976047515869140625
28.348400328815575477392485481686890125274658203125
-18.98472805458544598877779208123683929443359375
-23.48834715524136385056408471427857875823974609375
-13.0317719663495221738003237987868487834930419921875
-19.3008333119562536239754990674555301666259765625
-14.79469458966472217298360192216932773590087890625
-10.693991438979310260037891566753387451171875
1.84830306988473846985243653762154281139373779296875
26.908663276773751249493216164410114288330078125
-15.727046348579147405644107493571937084197998046875
30.576946358347580456893410882912576198577880859375
13.4059343942250404069227442960254848003387451171875
7.6418423497389493803666482563130557537078857421875
27.815995110572050208475047838874161243438720703125
8.643077562161966653775380109436810016632080078125
0.466519109492482930701129362205392681062221527099609375
19.75166235282200233314142678864300251007080078125
-7.9222326075659115218741135322488844394683837890625
-13.5875796207797776560255442745983600616455078125
10.7871281196005863733944352134130895137786865234375
18.52099386436216121865072636865079402923583984375
-7.83799262446681321847563594928942620754241943359375
13.0656207982010226231750493752770125865936279296875
8.2061584089433328159657321521081030368804931640625
-12.1258756362650554905258104554377496242523193359375
-0.878265600765014031736654942505992949008941650390625
14.6226531042272522853409100207500159740447998046875
-18.935836640930151730799479992128908634185791015625
17.42886956501121176188462413847446441650390625
-10.074468142655515379146891064010560512542724609375
14.6242040793111254259883935446850955486297607421875
-27.3467974941614642148124403320252895355224609375
-8.118715181222295740326444501988589763641357421875
-30.679373065278543464273752761073410511016845703125
-11.0944987299510717804196247016079723834991455078125
19.063696348201457198001662618480622768402099609375
-24.38289586785662521606354857794940471649169921875
-17.285928945500540265811650897376239299774169921875
13.1550251335532397689576100674457848072052001953125
-3.048515867868728523859545020968653261661529541015625
-26.828202525287128565878447261638939380645751953125
7.05062255560820982935865686158649623394012451171875
27.06033261693888647414496517740190029144287109375
-8.74991087035218839673689217306673526763916015625
-10.6642420246686224771792694809846580028533935546875
18.56329549986632088121041306294500827789306640625
15.4217297247651661251666155294515192508697509765625
3.455341336745501479299491620622575283050537109375
10.754180311715799689409323036670684814453125
9.665198059458870005755670717917382717132568359375
-18.71120835238500745845158235169947147369384765625
-0.56110376744624235190173067167052067816257476806640625
15.7201898926120531285732795367948710918426513671875
-23.622329418362991049207266769371926784515380859375
13.6114408449660313493723151623271405696868896484375
-1.424163739006071960346844207379035651683807373046875
-12.4734275911348309051618343801237642765045166015625
18.94194498498330148095192271284759044647216796875
-22.218963847579658477116026915609836578369140625
-14.815089122996567994050565175712108612060546875
-0.5811189717790206099579108922625891864299774169921875
0.68374378098150490057349770722794346511363983154296875
31.145302056623254571832148940302431583404541015625
-31.270874555592268251302812132053077220916748046875
-18.72144478372448617164991446770727634429931640625
-17.614343043706920610702582052908837795257568359375
-1.9745411550823102064811109812580980360507965087890625
-4.7842460631648275892757737892679870128631591796875
7.056024360110743742779959575273096561431884765625
5.042903383812838313815518631599843502044677734375
-3.924125441218831777945297289988957345485687255859375
-6.254543512342831235173434833995997905731201171875
30.3403870586456179125889320857822895050048828125
-30.956948398169902958443344687111675739288330078125
-11.3267554640671850307853674166835844516754150390625
-15.19018118795680294397243415005505084991455078125
-15.995392760584337565887835808098316192626953125
-12.7854341699438815993516982416622340679168701171875
2.998300621237888652359515617717988789081573486328125
-29.159947751637361079701804555952548980712890625
22.14143565962799442559116869233548641204833984375
10.999145890740411601882442482747137546539306640625
9.98276496536531254832880222238600254058837890625
-17.172357471254503735735852387733757495880126953125
-8.15724710233651961743817082606256008148193359375
-1.5028898539139012857646093834773637354373931884765625
16.3679592518059138228636584244668483734130859375
8.721008397012557367133922525681555271148681640625
5.74538707882569799068050997448153793811798095703125
-13.0447616597810149841052407282404601573944091796875
-10.252070794628782124391364050097763538360595703125
-15.698309973403983264006456010974943637847900390625
-3.9191619341011776356253903941251337528228759765625
0.0254658587373918256224758493999615893699228763580322265625
19.30291956421677923572133295238018035888671875
-1.220144733403025316675893918727524578571319580078125
-10.03215038859689656192131224088370800018310546875
