56.81532864067735744129095110110938549041748046875
77.6415951231039827007407438941299915313720703125
-63.6235967599844798314734362065792083740234375
-14.983196301124994676001733751036226749420166015625
90.534104111220841559770633466541767120361328125
28.0113032983547753929087775759398937225341796875
-88.0784628505411859578089206479489803314208984375
36.56865852958984675069586955942213535308837890625
25.594680105351844900951618910767138004302978515625
64.69198864020614792025298811495304107666015625
-15.0750896356962780231469878344796597957611083984375
-53.244627463638693143366253934800624847412109375
36.45033511278258941956664784811437129974365234375
-29.38342951041323658500914461910724639892578125
87.574452272503521044200169853866100311279296875
-58.5696076993607590566170983947813510894775390625
-83.09495610129528131437837146222591400146484375
-47.2278882301123275055942940525710582733154296875
-30.6033857140084961656611994840204715728759765625
55.8900272309980010732033406384289264678955078125
56.478749766155914358023437671363353729248046875
-6.95239482038512957018383531249128282070159912109375
-6.25632788244436799374170732335187494754791259765625
22.493879636340334826627440634183585643768310546875
-12.1190684533134831468714764923788607120513916015625
26.75159693175374542306599323637783527374267578125
-90.878229013022661320064798928797245025634765625
-78.491715896235263016933458857238292694091796875
-37.25620895414365207898299559019505977630615234375
34.64329250819908878611386171542108058929443359375
-34.28170606889836591335551929660141468048095703125
93.008385391913833473154227249324321746826171875
-49.7392849321944794382943655364215373992919921875
68.216497984050107561415643431246280670166015625
-91.7046417071193928904904169030487537384033203125
-40.4690371619280000459184520877897739410400390625
0.295154406831560578439166420139372348785400390625
-0.204946074380454812402518882663571275770664215087890625
11.365055403428900859807981760241091251373291015625
23.76582697990071579852155991829931735992431640625
79.022361750436601823821547441184520721435546875
14.1952128192115001326101264567114412784576416015625
8.0965740845795455271627361071296036243438720703125
21.480027118533431718105930485762655735015869140625
57.047846077253353769265231676399707794189453125
-43.618207148909021952931652776896953582763671875
-55.570427358173020593312685377895832061767578125
67.29938416136252499200054444372653961181640625
83.29346713287810644033015705645084381103515625
62.41722492102078234665896161459386348724365234375
11.6790870270246553985771242878399789333343505859375
-18.75747697633659782923132297582924365997314453125
87.89324834977418277048855088651180267333984375
34.4278133248914315345245995558798313140869140625
91.7357730932998407524792128242552280426025390625
74.2800161943403480790948378853499889373779296875
-17.969366475715712994087880360893905162811279296875
19.479193743882671441269849310629069805145263671875
-49.09391305461708299162637558765709400177001953125
1.2317950982879557475513365716324187815189361572265625
48.8513561447860951147958985529839992523193359375
38.0856471703612697865537484176456928253173828125
13.5107974976091451679849342326633632183074951171875
20.371525881001137037173975841142237186431884765625
-73.6699854149870816399925388395786285400390625
-0.8748872179343789579064605277380906045436859130859375
24.169882599716469684381081606261432170867919921875
-60.683413639806758510530926287174224853515625
-68.9540158185136391466585337184369564056396484375
1.4824449112912041481848746116156689822673797607421875
76.1158713425650006456635310314595699310302734375
92.6710018420114209902749280445277690887451171875
-28.68394525827756780245181289501488208770751953125
34.14211726869097418557430501095950603485107421875
-74.5407396977429215212396229617297649383544921875
-36.2954526750285140224150381982326507568359375
24.499148601526709256859248853288590908050537109375
53.36108495784839789166653645224869251251220703125
-26.168024198394927992694647400639951229095458984375
36.32319350649304823264174046926200389862060546875
33.21243636228479800820423406548798084259033203125
30.113572663086326741677112295292317867279052734375
61.4322660104802622527131461538374423980712890625
-66.3260139562670900659213657490909099578857421875
-11.8512011064050870601249698665924370288848876953125
-89.053735731592809088397189043462276458740234375
29.412425684736160036436558584682643413543701171875
-22.295072149097887148627705755643546581268310546875
39.82845686811781860114933806471526622772216796875
-57.3063098795082481728968559764325618743896484375
-6.406187429075853145832297741435468196868896484375
13.9430675239250572161608943133614957332611083984375
58.16178860848774689884521649219095706939697265625
7.2240094555019727096123460796661674976348876953125
-95.0658857679492399483933695591986179351806640625
-24.96754561815620121478787041269242763519287109375
-10.5554382835750377722661141888238489627838134765625
-18.938075819102873964538957807235419750213623046875
12.57716087730064913330352283082902431488037109375
33.16450436045330008028031443245708942413330078125
-63.90591518438242957245165598578751087188720703125
74.360921721533259187708608806133270263671875
-54.70660033297786384309802087955176830291748046875
28.078594332467208261050473083741962909698486328125
38.869907457254129212742554955184459686279296875
51.90530093177010684257766115479171276092529296875
93.738994692013903886618209071457386016845703125
-93.0739692944473375746383680962026119232177734375
-40.22739064693245580883740331046283245086669921875
-5.68735183072609462584523498662747442722320556640625
-90.8170155586323204488508054055273532867431640625
-0.46748811848997162687879836084903217852115631103515625
61.62240345642347705279462388716638088226318359375
-62.57969798568804975502644083462655544281005859375
-89.0855028911688151538328384049236774444580078125
74.5267842251981846857233904302120208740234375
7.6147859234610795198250343673862516880035400390625
-85.2962034721209647614159621298313140869140625
76.876742174501231374961207620799541473388671875
-17.411678433760517492601138656027615070343017578125
88.5635634371100053385816863738000392913818359375
-51.95831552984871137823574827052652835845947265625
0.49166313254801086163325862798956222832202911376953125
9.2170961129912516440754188806749880313873291015625
-78.710879517410745620509260334074497222900390625
-17.115963172382610224531163112260401248931884765625
-40.22254459753795430287937051616609096527099609375
-25.489271259688639048590630409307777881622314453125
49.8225093186934060440762550570070743560791015625
-48.896440686620877613677293993532657623291015625
-85.0119531611589849262600182555615901947021484375
-8.39107834324608603537853923626244068145751953125
47.47595985586544742318437783978879451751708984375
30.21270191197688603779170080088078975677490234375
-55.61293217125560062186195864342153072357177734375
-31.797815918542749358266519266180694103240966796875
11.3668302844738757784170957165770232677459716796875
90.6268055910150991394402808509767055511474609375
-39.6631703554871108963197912089526653289794921875
26.771508551651916008040643646381795406341552734375
67.2625978425787565129212453030049800872802734375
-3.111925784854924881273063874687068164348602294921875
-45.013906557018771081857266835868358612060546875
-97.3015416758122881901726941578090190887451171875
-80.1114361006542452514622709713876247406005859375
70.0631698754872331846854649484157562255859375
-14.77091084573572743465774692595005035400390625
-76.596607731627813109298585914075374603271484375
-29.7673583438594420158551656641066074371337890625
55.89067273038563854470339720137417316436767578125
-69.2525193005347006192096159793436527252197265625
83.45684545812895294147892855107784271240234375
54.6307544415339947363463579677045345306396484375
-11.8720573663687520848952772212214767932891845703125
49.082559661724388888615067116916179656982421875
49.05647201714094762792228721082210540771484375
-99.164414203844472694981959648430347442626953125
24.196172174857832004590818542055785655975341796875
-6.29344161765062093394362818798981606960296630859375
-13.1809888885413517556344231707043945789337158203125
2.456433810274316176247566545498557388782501220703125
37.463050610123360684156068600714206695556640625
-76.471032134704074678666074760258197784423828125
65.777919724699160042291623540222644805908203125
-11.2946421755679917708903303719125688076019287109375
73.47815440286876764730550348758697509765625
-17.273944833979957280689632170833647251129150390625
-40.83408682893058738727631862275302410125732421875
55.1155066588068365263097803108394145965576171875
35.9540279583781199335135170258581638336181640625
83.0948722164051645222571096383035182952880859375
64.4134067126007465731163392774760723114013671875
-77.926612735140992072047083638608455657958984375
-65.4542572011567926892894320189952850341796875
40.24645487748193062316204304806888103485107421875
-50.33972466559783498496472020633518695831298828125
36.72442674768641523996848263777792453765869140625
-81.4022332697575876636619796045124530792236328125
33.62570317942182640535975224338471889495849609375
-24.431169638919609354843487381003797054290771484375
-55.69878821964285720014231628738343715667724609375
-39.1150694486389767234868486411869525909423828125
-55.7238272919440902342103072442114353179931640625
-62.38516900273051390968248597346246242523193359375
52.653114857880694898994988761842250823974609375
53.0380443707824866805822239257395267486572265625
-24.747873797166494824750770931132137775421142578125
94.380737926082673538985545746982097625732421875
7.31951175629899619679008537787012755870819091796875
-12.0726210216937754893251621979288756847381591796875
-14.7807715052007271339107319363392889499664306640625
52.54105230385746239107902511022984981536865234375
-50.50455942001604370261702570132911205291748046875
77.77639060102836765508982352912425994873046875
-27.0856634331925221204073750413954257965087890625
-1.279886483222497428613451120327226817607879638671875
32.24993116639345913654324249364435672760009765625
-88.5308337798764313220090116374194622039794921875
-51.202795043512793426998541690409183502197265625
33.3527420439667281470974558033049106597900390625
-41.64036975864933509683396550826728343963623046875
65.3064079228862652826137491501867771148681640625
35.91933028083627732485183514654636383056640625
35.42846127347174700616960762999951839447021484375
-96.0541986896549815355683676898479461669921875
56.907013223732718643077532760798931121826171875
-21.296022475517549565893204999156296253204345703125
-14.9781729410021142712139408104121685028076171875
15.2083709908582722647452101227827370166778564453125
93.9892344454492985050819697789847850799560546875
58.9084095265368858918009209446609020233154296875
42.20282979076864648959599435329437255859375
-64.5734338400776692878935136832296848297119140625
-68.7369005565986554984192480333149433135986328125
44.80096047319756991100803134031593799591064453125
-46.0522916965852431303574121557176113128662109375
-62.24458614376035114901242195628583431243896484375
17.089982066637812607723390101455152034759521484375
51.6884417228958454870735295116901397705078125
33.73865851956490047314218827523291110992431640625
38.2940044520907036940116086043417453765869140625
88.4984261357608801290552946738898754119873046875
63.59321387552364512885105796158313751220703125
-24.3320129293539793025047401897609233856201171875
-89.36649849529584344054455868899822235107421875
74.751252779608904575070482678711414337158203125
-22.495798371132334381172768189571797847747802734375
46.70469783908882988043842487968504428863525390625
-82.008666547836611471211654134094715118408203125
-24.914060950978655029075525817461311817169189453125
-25.79400289239827515075376140885055065155029296875
-20.312791316916221973087885999120771884918212890625
-50.992685780936909623051178641617298126220703125
-5.76902369603381881546511067426763474941253662109375
79.9141167064885991067058057524263858795166015625
3.89638656569891139724859385751187801361083984375
65.175568733364826812248793430626392364501953125
6.35073017737832135054532045614905655384063720703125
31.95459174468896179632793064229190349578857421875
-93.2941359494038948696470470167696475982666015625
55.362658105561195043264888226985931396484375
25.9489655026750511979116708971560001373291015625
-44.080925375475459304652758873999118804931640625
23.41859579122002088524823193438351154327392578125
55.72969344378825695685009122826159000396728515625
52.39938956867673169881527428515255451202392578125
11.49857363740995452872084570117294788360595703125
35.5957031948739057725106249563395977020263671875
-32.78517702302730896235516411252319812774658203125
-45.3753350144841220981106744147837162017822265625
-61.05308889705838026884521241299808025360107421875
65.9393611309788667540487949736416339874267578125
-32.86267327066190802042910945601761341094970703125
75.97637818265076248280820436775684356689453125
97.1575080404424653579553705640137195587158203125
49.595731100361348353544599376618862152099609375
52.44656803913797915583927533589303493499755859375
-86.625717393089217921442468650639057159423828125
-70.429836056670893640330177731812000274658203125
-96.7015122963844220294049591757357120513916015625
-95.181049715623629481342504732310771942138671875
22.596452937343375566570102819241583347320556640625
-99.6387406027102997541078366339206695556640625
54.3214602935767203462091856636106967926025390625
58.1926530410460003395201056264340877532958984375
61.37525493335164128438918851315975189208984375
7.20081208112424331346801409381441771984100341796875
-41.7550120582367441102178418077528476715087890625
-7.86553535902538936142036618548445403575897216796875
60.7554558255238958963673212565481662750244140625
-96.37750660216812548242160119116306304931640625
-29.021547964073672432050443603657186031341552734375
4.23443451427798311925698726554401218891143798828125
13.251619077896744869349276996217668056488037109375
-19.689175415078306485838766093365848064422607421875
7.6103948525226794430409427150152623653411865234375
-23.99426556046680758527145371772348880767822265625
-49.72820682903029165800035116262733936309814453125
14.4198252802911301984067904413677752017974853515625
98.29300086379129197666770778596401214599609375
-59.84492255341655209122109226882457733154296875
25.692902592217524926354599301703274250030517578125
30.394020509596696655307823675684630870819091796875
-26.723186558706093052251162589527666568756103515625
-15.2071676659567511791237848228774964809417724609375
-84.471469565735105788917280733585357666015625
48.562465371499371258323662914335727691650390625
24.3114619932052136164202238433063030242919921875
-4.291270136734478768403278081677854061126708984375
-1.2950066289792576679218427671003155410289764404296875
62.33050430500610872286415542475879192352294921875
-4.6250128195188384694347405456937849521636962890625
-55.3323707962127855353173799812793731689453125
60.01170690477086822056662640534341335296630859375
47.46433103490897309484353172592818737030029296875
58.20555482034711047845121356658637523651123046875
3.63998339143017357599774186383001506328582763671875
-35.38028792692875157399612362496554851531982421875
41.3899612054912040548515506088733673095703125
-9.2509206278475897278212869423441588878631591796875
18.095736037022543740704350057058036327362060546875
65.72229150478921155809075571596622467041015625
-42.2371191648743433688650839030742645263671875
23.623917337996086729390299296937882900238037109375
17.803133921864077393593106535263359546661376953125
62.3847892893486886123355361633002758026123046875
-21.997166205695624086047246237285435199737548828125
53.1242343413519932937560952268540859222412109375
-12.8450923316203660107248651911504566669464111328125
70.3763300982885056100712972693145275115966796875
14.582393573311492218635976314544677734375
-80.8564573010739735536844818852841854095458984375
-78.246171541580366692869574762880802154541015625
-16.77702141091862841904003289528191089630126953125
94.0575897631387789488144335336983203887939453125
23.4995281693229429720304324291646480560302734375
36.4026230279622637908687465824186801910400390625
-50.08197916457347531604682444594800472259521484375
-98.507345768782698769427952356636524200439453125
-57.7867555253977940310505800880491733551025390625
88.451963678713667604824877344071865081787109375
-89.9370174318327855189636466093361377716064453125
2.067046775433523553289205665350891649723052978515625
49.96863948821383161202902556397020816802978515625
27.033724921781729477743283496238291263580322265625
98.8814607810621026828812318854033946990966796875
-95.34203959560016983232344500720500946044921875
7.8463849025338614495694855577312409877777099609375
23.72537725216009363293778733350336551666259765625
-40.06877923768639249146872316487133502960205078125
60.98090944083451603319190326146781444549560546875
40.039991478115354084366117604076862335205078125
23.80016796313149285424515255726873874664306640625
77.7924872450600304318868438713252544403076171875
77.7470840832829281907834229059517383575439453125
-40.182458973419130643378593958914279937744140625
69.8159136918211373767917393706738948822021484375
86.13879859288527995886397548019886016845703125
-13.1713889129646393172379248426295816898345947265625
7.0617486531146536066216867766343057155609130859375
45.84289882353406397896833368577063083648681640625
67.4345451903897554757350008003413677215576171875
-42.28441254894908496453354018740355968475341796875
-6.27398899621618255650901119224727153778076171875
-3.792848780942499775648002469097264111042022705078125
-34.43445042264369959639225271530449390411376953125
-55.835751636513265339090139605104923248291015625
46.61223914015187830273134750314056873321533203125
34.598407947922993344036513008177280426025390625
-88.18702531341028816314064897596836090087890625
61.9490096444557849508782965131103992462158203125
-31.91868379890336626658609020523726940155029296875
-61.32968821395035519117300282232463359832763671875
13.6600988068953288490092745632864534854888916015625
-44.8855595502242294969619251787662506103515625
42.40717213926273387869514408521354198455810546875
-43.338250823992922278193873353302478790283203125
-74.025751615274401729038800112903118133544921875
5.18354725930066795314132832572795450687408447265625
8.7938667531583458725208402029238641262054443359375
-85.5042624693102339961114921607077121734619140625
-89.7379319189135031820114818401634693145751953125
77.3762824248964449225240969099104404449462890625
37.68221341552000325236804201267659664154052734375
84.6441703453653389033206622116267681121826171875
74.8137427287061171909954282455146312713623046875
19.95699415932867992751198471523821353912353515625
70.818741046757310186876566149294376373291015625
70.339583530705482417033636011183261871337890625
-84.2940088909982279119503800757229328155517578125
72.2101968689372455401098704896867275238037109375
98.973437320614976897559245117008686065673828125
95.746276984426032186092925257980823516845703125
93.257978797200934195643640123307704925537109375
80.7390176320899399797781370580196380615234375
-29.515567729237403682418516837060451507568359375
-57.87664730933395418333020643331110477447509765625
27.117323087819283244925827602855861186981201171875
-95.725413445239695420241332612931728363037109375
51.80714111854157266634501866064965724945068359375
-31.786129075413345645984009024687111377716064453125
5.10404876448355349083385590347461402416229248046875
36.65152935912322362810300546698272228240966796875
-93.9893761967339145257938071154057979583740234375
-43.36952152840847674042379367165267467498779296875
91.694792038193412508917390368878841400146484375
87.76733726812295799390994943678379058837890625
9.2585620331986309139438162674196064472198486328125
-23.947326999225648336278027272783219814300537109375
-22.44577234502632023804835625924170017242431640625
-41.9670039167550754655167111195623874664306640625
-22.382873732613642658861863310448825359344482421875
13.8005767230167037951105157844722270965576171875
98.7889622922512131708572269417345523834228515625
-39.41884497371598428117067669518291950225830078125
59.7534915447445627023626002483069896697998046875
-61.11370897532518853267902159132063388824462890625
-47.37702382840632964189353515394032001495361328125
65.113899176569560722782625816762447357177734375
60.456467155255751322329160757362842559814453125
-15.9123557560489405915404859115369617938995361328125
97.67980210072681757083046250045299530029296875
69.919553194251449212970328517258167266845703125
-71.9755275696951599684325628913938999176025390625
-47.87125627701109209510832442902028560638427734375
39.51126842602948130434015183709561824798583984375
79.6040479109243506172788329422473907470703125
-56.08466008840472483143457793630659580230712890625
45.2534755013710849880226305685937404632568359375
9.3642870181064115087110621971078217029571533203125
-50.27934639385869530769923585467040538787841796875
21.06515668424316345408442430198192596435546875
-51.825616149401099619353772141039371490478515625
82.543874471066061460078344680368900299072265625
90.80894828750007263806764967739582061767578125
81.06692123358465096316649578511714935302734375
18.475430473501095463007004582323133945465087890625
2.533475899722222646204272678005509078502655029296875
10.294666993551199851708588539622724056243896484375
-80.0094867745530820002386462874710559844970703125
9.1006912485800821599468690692447125911712646484375
-41.1293320704968863310568849556148052215576171875
58.40942274684342550017390749417245388031005859375
-65.1098101113455101085492060519754886627197265625
-33.5492116147330392550429678522050380706787109375
-90.2378399767845706946900463663041591644287109375
1.2089792638091976240133362807682715356349945068359375
12.850679827422681000825832597911357879638671875
82.867361883542542955183307640254497528076171875
-19.749678763380590140741333016194403171539306640625
-85.575788364085980219897464849054813385009765625
25.7590422289323868199062417261302471160888671875
-32.5159350334861443343470455147325992584228515625
66.04841136730055950465612113475799560546875
72.10114010369403558797785080969333648681640625
20.676501309874499412444492918439209461212158203125
27.752752361183599560945367556996643543243408203125
-50.40043095723313371081530931405723094940185546875
58.027908174843133792819571681320667266845703125
-96.7328695964553162411903031170368194580078125
-14.2678782299764979057954406016506254673004150390625
32.31932439656777233949469518847763538360595703125
-2.768530380316307937249575843452475965023040771484375
23.07626419664094186146030551753938198089599609375
-60.33440570379182332771961227990686893463134765625
-14.785618052214761775076112826354801654815673828125
81.4308132914377580391374067403376102447509765625
-33.89965107982978764766812673769891262054443359375
49.4740956245649528000285499729216098785400390625
-91.9737216182340802106409682892262935638427734375
-0.5363356418832629923798549498314969241619110107421875
63.39531227918050859670984209515154361724853515625
68.80199931728026285782107152044773101806640625
-76.185317956526205307454802095890045166015625
4.47209420902263143915433829533867537975311279296875
36.19637179228875112357854959554970264434814453125
-63.5086803493478555537876673042774200439453125
-81.336541366512363993024337105453014373779296875
36.8527030058569806669765966944396495819091796875
52.96024763280211544724807026796042919158935546875
16.61068679641501688593052676878869533538818359375
50.74078356833205560860733385197818279266357421875
9.9505915329689482717867576866410672664642333984375
19.210307019905936698478399193845689296722412109375
25.18249581266189807138289324939250946044921875
78.7803994229812332150686415843665599822998046875
-54.47583464725163793218598584644496440887451171875
28.64123742598513189250297727994620800018310546875
-52.8598508014819543632256682030856609344482421875
-39.10219146172494930624452535994350910186767578125
45.71577791266256696189884678460657596588134765625
-84.7765191283882444395203492604196071624755859375
-27.84507335482748402455399627797305583953857421875
48.33463883744449418600197532214224338531494140625
43.0642753278320498111497727222740650177001953125
29.86902761043888432368476060219109058380126953125
98.313823266874436512807733379304409027099609375
-82.42804895542468557323445565998554229736328125
6.682108400117240165627663373015820980072021484375
96.5333760294310962990493862889707088470458984375
-18.67466492594149940487113781273365020751953125
-0.060829351022763489265088310276041738688945770263671875
-0.57919091022458768502900738894823007285594940185546875
-56.68155586136509072048283996991813182830810546875
-37.10844605786048333584403735585510730743408203125
-59.1734293972436944386572577059268951416015625
-77.562801940723005600375472567975521087646484375
-63.90171133118595747646395466290414333343505859375
2.767994009447956926806000410579144954681396484375
13.485036579603953299510976648889482021331787109375
-95.3867717512604400553755112923681735992431640625
28.766159880725496122977347113192081451416015625
-49.72402208454537486659319256432354450225830078125
59.487140493081625436389003880321979522705078125
28.83464930292495154162679682485759258270263671875
64.0322206299247369543081731535494327545166015625
-63.1614460198215255104514653794467449188232421875
48.64247448790438710375383379869163036346435546875
-91.9609898200717594818343059159815311431884765625
-24.235187592443278248310889466665685176849365234375
26.3080539013952972027254872955381870269775390625
52.2646983714190440650781965814530849456787109375
-51.06866489609334536226015188731253147125244140625
31.44948812705188601057670894078910350799560546875
-63.55813956974669309829550911672413349151611328125
10.1444257004121514142980231554247438907623291015625
-34.46121680985594792900883476249873638153076171875
11.294379166269809644518318236805498600006103515625
78.1952631941473015331212081946432590484619140625
8.740635791818249344942159950733184814453125
-71.3698813723151062049510073848068714141845703125
10.325499799948172352515030070208013057708740234375
-15.5092489359066458831648560590110719203948974609375
73.3719562480886082767028710804879665374755859375
20.686484883053449124190592556260526180267333984375
-38.99020529210111618567680125124752521514892578125
-17.410704756406428117543327971361577510833740234375
47.13898126855099945942129124887287616729736328125
-31.484906969578606350523841683752834796905517578125
-2.931213021435097321187868146807886660099029541015625
-99.763115263377102337472024373710155487060546875
-62.75670547845856361846017534844577312469482421875
88.9848097149440633302219794131815433502197265625
-1.28208956248412153655635847826488316059112548828125
25.79734794967856004177519935183227062225341796875
38.82882872666834117580947349779307842254638671875
61.77468919248485690332017838954925537109375
-77.877357364243579240792314521968364715576171875
35.9083243961699594137826352380216121673583984375
-87.9574545197505273108617984689772129058837890625
93.04716568998219372588209807872772216796875
-45.3120000850334463393664918839931488037109375
0.7798815209388794134071076769032515585422515869140625
-9.626191274161268296438720426522195339202880859375
-29.653644433230255117450724355876445770263671875
-64.05948472590870323983835987746715545654296875
-94.637782767569660791195929050445556640625
-35.57948840025078851567741367034614086151123046875
20.3957328820175689543248154222965240478515625
13.245251346753395438327061128802597522735595703125
63.21907742839911037435740581713616847991943359375
33.4316647835806435296035488136112689971923828125
-54.26261964011695937415424850769340991973876953125
7.24359843140924564153237952268682420253753662109375
-2.17316275386483059861575384275056421756744384765625
-27.8874607210173763860439066775143146514892578125
-56.50459461926103443829561001621186733245849609375
3.555526094267182912744829081930220127105712890625
40.4337559739325342889060266315937042236328125
46.3424386269007300143130123615264892578125
7.8788130302574312935348643804900348186492919921875
61.81498364206343154592104838229715824127197265625
25.649325871741115889790307846851646900177001953125
-62.0344061029589539657536079175770282745361328125
23.1850387661246912784918094985187053680419921875
-7.866701107403258674821699969470500946044921875
19.76018835069874768350928206928074359893798828125
-46.09506858735909418101073242723941802978515625
-10.328465410324273676678785705007612705230712890625
60.29950188227117990891201770864427089691162109375
84.70740907785051376777119003236293792724609375
14.8596706079153211277343871188350021839141845703125
-11.0429306044620911819720276980660855770111083984375
41.3098851493284797697924659587442874908447265625
75.244351086037937648143270052969455718994140625
78.1611897687343599727682885713875293731689453125
-35.73784787893220737942101550288498401641845703125
1.655036590298525567277465597726404666900634765625
18.586239295544256577841224498115479946136474609375
-1.6605063481077830811472040295484475791454315185546875
-1.7686364401243028776633536836015991866588592529296875
-28.20080948710928936407071887515485286712646484375
91.3190166903781204155166051350533962249755859375
-32.34619444257396025932393968105316162109375
-64.432407304474281772854737937450408935546875
50.08619641196221294876522733829915523529052734375
45.07365260007225771232697297818958759307861328125
-67.0026768562046157740041962824761867523193359375
17.541463239856785349957135622389614582061767578125
-83.6005552830822153964618337340652942657470703125
4.1662918785367235585681555676274001598358154296875
75.7959458420027800684692920185625553131103515625
25.895271059078236675077278050594031810760498046875
51.90212483463363213331831502728164196014404296875
65.97868014211070430974359624087810516357421875
9.365998525589265710777908680029213428497314453125
7.6011294330680438946501453756354749202728271484375
15.928514857333386345317194354720413684844970703125
3.444328482979043482004044562927447259426116943359375
-8.0866747233710096764980335137806832790374755859375
-58.82168069027119372549350373446941375732421875
91.6487903412189552909694612026214599609375
-6.6481198316779899215589466621167957782745361328125
35.0300989937563684861743240617215633392333984375
13.0610599965145439682601136155426502227783203125
44.93718521235553708947918494231998920440673828125
2.298896525420266900852084290818311274051666259765625
6.74303130863658228832946406328119337558746337890625
-14.8027754481348718940125763765536248683929443359375
50.14290797253652698373116436414420604705810546875
48.72905879355513292239265865646302700042724609375
34.70176434787648389601599774323403835296630859375
-97.628228615441031479349476285278797149658203125
24.940217098239589432751017739064991474151611328125
50.26247730203521513203668291680514812469482421875
52.5373199639079899725402356125414371490478515625
37.7415307653734117820931714959442615509033203125
85.117678143270751434101839549839496612548828125
-53.62591250840683443357193027622997760772705078125
20.535477046943288570446384255774319171905517578125
21.077772443647116773490779451094567775726318359375
8.305135352523404179692079196684062480926513671875
-95.2596906457047651883840444497764110565185546875
84.08770572605726556503213942050933837890625
3.98738316978343743102186635951511561870574951171875
83.9490494937927422824941459111869335174560546875
-69.78190824383955259690992534160614013671875
50.9111312524872374751794268377125263214111328125
-24.639388478569376417226521880365908145904541015625
-35.779400551835038868375704623758792877197265625
-50.60406297895165295130937010981142520904541015625
96.6538916515401211881908238865435123443603515625
-17.521829503226154400863379123620688915252685546875
45.09334037269896811039870954118669033050537109375
77.7570782609094948156780446879565715789794921875
-88.632657745424467066186480224132537841796875
-94.5498728930943883597137755714356899261474609375
-51.46100673545999626412594807334244251251220703125
-42.4789152914718357578749419189989566802978515625
2.4421096460163198571535758674144744873046875
-33.05672580914933433859914657659828662872314453125
93.712142868014524310638080351054668426513671875
1.720462639995421039174061661469750106334686279296875
-70.177590731834726511806366033852100372314453125
-88.4968326844910819772849208675324916839599609375
-50.26742225405615727140684612095355987548828125
23.39053330458822443915778421796858310699462890625
-67.2712233088382305368213565088808536529541015625
-38.65950310826698199662132537923753261566162109375
-31.92096915761892006457856041379272937774658203125
68.8851331565578419713347102515399456024169921875
26.8827110488995941750545171089470386505126953125
-51.96142909238907492408543475903570652008056640625
-27.753877283159976485649167443625628948211669921875
-94.4603922063479473081315518356859683990478515625
-71.1475070795046207194900489412248134613037109375
49.01985953324042810663740965537726879119873046875
32.6967295758654330484205274842679500579833984375
-59.3294900050271252212041872553527355194091796875
71.4034522037879213485211948864161968231201171875
83.31664620427500267396681010723114013671875
-82.04239095772408063567127101123332977294921875
-12.9527896474991859321335141430608928203582763671875
17.47240821423442724835695116780698299407958984375
50.40988354359131307091956841759383678436279296875
-57.88782145920833244190362165682017803192138671875
-38.93989476668469507103509386070072650909423828125
57.47811098151475306394786457531154155731201171875
-48.24109537160337168870682944543659687042236328125
90.0665395476538179764247615821659564971923828125
-5.53902369356304813408087284187786281108856201171875
52.82940872428531520199612714350223541259765625
-7.0394197943981708931460161693394184112548828125
35.33995330668727774536819197237491607666015625
95.4935014913540243242096039466559886932373046875
15.489058045399982432854812941513955593109130859375
94.9378239658611988716074847616255283355712890625
4.84813886649896996772213242365978658199310302734375
-24.44112236499386625609986367635428905487060546875
15.561056726643702319279327639378607273101806640625
89.356436732795913258087239228188991546630859375
-82.2687331624243824990116991102695465087890625
69.713867823422077663053642027080059051513671875
86.989829129396042617372586391866207122802734375
-36.45307216868651067898099427111446857452392578125
-76.8992821234004821917551453225314617156982421875
89.723414288171937869265093468129634857177734375
77.8116056761301280175757710821926593780517578125
36.2750089691751753662174451164901256561279296875
23.69637855269794357582213706336915493011474609375
-19.3129543671672081472934223711490631103515625
38.42227315555515332334834965877234935760498046875
61.486715937576349233495420776307582855224609375
8.81090896340945306519643054343760013580322265625
-82.182703394392291329495492391288280487060546875
31.050070117078139020350135979242622852325439453125
89.511140942819253041307092644274234771728515625
9.7385033695025899902475430280901491641998291015625
-80.4506203257291616637303377501666545867919921875
14.9483523047127508931453121476806700229644775390625
-92.9031840769414003489146125502884387969970703125
-12.0975672116692454238773279939778149127960205078125
-3.999447395158081786092907350393943488597869873046875
39.61959751543171392995645874179899692535400390625
49.189063286497372473604627884924411773681640625
2.6459839663085826799715505330823361873626708984375
-50.67767696118617237743819714523851871490478515625
41.32552085663073881960372091270983219146728515625
49.90649979239351097248800215311348438262939453125
70.82564293397280152930761687457561492919921875
-10.9787893867759418498053491930477321147918701171875
-13.664449574886415206265155575238168239593505859375
51.0017242159579069493702263571321964263916015625
-0.31453655408604663801241940745967440307140350341796875
-38.68641440473586357029489590786397457122802734375
-39.1017504430500508760815137065947055816650390625
57.21653433853115444662762456573545932769775390625
77.0510516501934574762344709597527980804443359375
-70.80834911341224824354867450892925262451171875
-10.79303620532954965938188252039253711700439453125
41.971953853869621298144920729100704193115234375
46.90036173374313221984266419894993305206298828125
-37.6131027524492509428455377928912639617919921875
85.8032467745084659327403642237186431884765625
45.8255352850044488377534435130655765533447265625
-18.830410205776619392281645559705793857574462890625
16.4043103050991021518711932003498077392578125
0.23022097790472229039693274899036623537540435791015625
-43.01156203438869596311633358709514141082763671875
72.36314503700742761793662793934345245361328125
-21.9066983433160800132100121118128299713134765625
14.5259568330642263589425056125037372112274169921875
65.4120137972882957910769619047641754150390625
-64.8004929410929975119870505295693874359130859375
-17.441972943512642046925975591875612735748291015625
58.775517750064437905166414566338062286376953125
-86.7985798613925538802504888735711574554443359375
-74.1656748623129118413999094627797603607177734375
76.35414875435259318692260421812534332275390625
-73.2036941793732154337703832425177097320556640625
74.0501865820490507985596195794641971588134765625
-24.280259077984002402672558673657476902008056640625
23.328957812476392774669875507242977619171142578125
16.90577563634428059913261677138507366180419921875
41.9952554631914409810633515007793903350830078125
20.728877822932272323441793560050427913665771484375
33.048627883912416791645227931439876556396484375
-59.44196199207889463878018432296812534332275390625
-78.210773085272734306272468529641628265380859375
18.626256305941840452078395173884928226470947265625
-46.5895156558867569174253731034696102142333984375
11.678775925310102223875219351612031459808349609375
-31.236546851054782791834441013634204864501953125
67.4184033764546057909683440811932086944580078125
48.88079063868355689237432670779526233673095703125
55.8595500174385932723453151993453502655029296875
-63.6044767935564010485904873348772525787353515625
35.24198236145816309772271779365837574005126953125
-32.80743502471035100143126328475773334503173828125
55.6489468174253971710641053505241870880126953125
22.667535038525283397348175640217959880828857421875
-8.800586586237653108355516451410949230194091796875
-42.00865882963243080894244485534727573394775390625
-53.458884979672376402959343977272510528564453125
9.9047599842355769084178973571397364139556884765625
71.807991666350886816871934570372104644775390625
76.2280342561329149475568556226789951324462890625
28.08741260400450556744544883258640766143798828125
17.010048318213389251241096644662320613861083984375
-28.466398564662057424357044510543346405029296875
27.28037084674554790808542747981846332550048828125
46.18291443011839447763122734613716602325439453125
22.889473283151371418853159411810338497161865234375
-41.47248159464812289343171869404613971710205078125
30.03356811480363575128649245016276836395263671875
-27.238416840673639995884514064528048038482666015625
-3.50746365039907370686478316201828420162200927734375
-64.34659671427351668171468190848827362060546875
-43.77241011844650842022019787691533565521240234375
26.11928102330143275366935995407402515411376953125
34.99046668916225399925679084844887256622314453125
10.879519913582331724910545744933187961578369140625
87.700946554084254103145212866365909576416015625
84.0786613925166506078312522731721401214599609375
1.20276709459732433771250725840218365192413330078125
1.550136480724429777211526015889830887317657470703125
60.26564409062562077679103822447359561920166015625
90.5119987453502830021534464322030544281005859375
-63.30352492613734938231573323719203472137451171875
-56.78601872284423990322466124780476093292236328125
20.795524449502611474827062920667231082916259765625
-49.54774296669155120298455585725605487823486328125
42.643042635472539814145420677959918975830078125
47.12725393941307316936217830516397953033447265625
-33.1254989052848856090349727310240268707275390625
-21.784024493112166709352095494978129863739013671875
8.6067029797386993550389888696372509002685546875
-1.649415827404977274994735125801526010036468505859375
-96.151919537374197943790932185947895050048828125
32.26521523390207590864520170725882053375244140625
23.039970804323303354976815171539783477783203125
44.0004638228092375129563151858747005462646484375
-8.03774819631462378310970962047576904296875
-79.9121899811174358774223946966230869293212890625
-53.32715348914598507690243422985076904296875
56.91576710309650621866239816881716251373291015625
72.58712733274251149850897490978240966796875
-24.240322595914140180184404016472399234771728515625
39.6956675065959387893599341623485088348388671875
-74.225778757992344480953761376440525054931640625
46.8943058856379053622731589712202548980712890625
7.941460423210504160351774771697819232940673828125
-38.38455476887903472515972680412232875823974609375
-4.56485277455277493885432704701088368892669677734375
-83.4661006266511122930751298554241657257080078125
6.3169152538697179721793872886337339878082275390625
-74.448080112089229487537522800266742706298828125
-18.469786842248634428642617422156035900115966796875
-58.8243498735508865138399414718151092529296875
-77.993276465045966006073285825550556182861328125
75.6094150974220013949889107607305049896240234375
-28.77276473713714466384772094897925853729248046875
9.1332083180213086137655409402213990688323974609375
8.43853537776982420837157405912876129150390625
-34.9213153686281572163352393545210361480712890625
-97.6344603729816071790992282330989837646484375
-32.0992620500197745059267617762088775634765625
-87.2618079238475417014342383481562137603759765625
-12.1046020745610150015636463649570941925048828125
58.475546189227060267512570135295391082763671875
3.0047769460785804795932563138194382190704345703125
-72.74408013669193451278260909020900726318359375
-88.4005271628620761248384951613843441009521484375
91.6398480974346369976046844385564327239990234375
50.46958172704058398494453285820782184600830078125
-52.245668623805812558202887885272502899169921875
24.1261011621558765227746334858238697052001953125
-99.597859330615477801984525285661220550537109375
-98.0352479896414621407529921270906925201416015625
-76.2751460040798718864607508294284343719482421875
61.7990692219453734423950663767755031585693359375
-88.6687481488212227986878133378922939300537109375
26.335902109257933290109576773829758167266845703125
-24.673299352251120808432460762560367584228515625
-4.83539867815675084017357221455313265323638916015625
-37.4835545210328433540780679322779178619384765625
84.0547025316798652738725650124251842498779296875
20.100878697718943755035070353187620639801025390625
39.449680033956184388443944044411182403564453125
-41.878236561740123988784034736454486846923828125
-7.05334324800587086912173617747612297534942626953125
-7.791691830868078483263161615468561649322509765625
79.683525638906502308600465767085552215576171875
-48.77245670081520501071281614713370800018310546875
83.489537806013004228589124977588653564453125
52.96727700089071078082270105369389057159423828125
61.40216231795765366996420198120176792144775390625
4.354509837102245484175000456161797046661376953125
-55.110173982043676232933648861944675445556640625
-99.232434863259612711772206239402294158935546875
4.7518699630260012867211116827093064785003662109375
-63.8859742387552387299365364015102386474609375
75.64641314880117306529427878558635711669921875
4.4676041541822417713092363555915653705596923828125
2.25763475354291376362425580737181007862091064453125
-31.5754049374680789696867577731609344482421875
47.44884813705875359346464392729103565216064453125
46.95719775454458755348241538740694522857666015625
78.312465034573079947222140617668628692626953125
-5.2893195034166478052384263719432055950164794921875
-86.82465050265392392248031683266162872314453125
-9.1744907956462640186146018095314502716064453125
-88.3322442875452367161415168084204196929931640625
0.59224998614914436956269128131680190563201904296875
81.9347983002790698492390220053493976593017578125
-42.518697829636238338935072533786296844482421875
-52.45702118383949397184551344253122806549072265625
41.3371162092295350021231570281088352203369140625
15.588268499323088889241262222640216350555419921875
-17.849088615207126196082754177041351795196533203125
-6.06728916975843635128740061190910637378692626953125
53.577072292717474510936881415545940399169921875
50.65998210111256838672488811425864696502685546875
53.46630621655710768891367479227483272552490234375
-50.06264538232445460153030580841004848480224609375
50.28569430905850623503283713944256305694580078125
5.07434646233966457629094293224625289440155029296875
2.3758526223617053574344026856124401092529296875
76.289119368192899628411396406590938568115234375
39.4914236589936109567133826203644275665283203125
71.53658293895699671338661573827266693115234375
0.8028399375600392406937544365064240992069244384765625
13.9779776273463571811817018897272646427154541015625
-30.534713849041377642379302415065467357635498046875
-94.9790083435171510473082889802753925323486328125
25.294488662184360094897783710621297359466552734375
-6.72903705718983058403637187439016997814178466796875
30.233772646742661294183562858961522579193115234375
-69.0183736086656409725037519820034503936767578125
5.769767085254667193794375634752213954925537109375
15.04743689646653592717484571039676666259765625
68.7656129310316401870295521803200244903564453125
36.28207121549423419537561130709946155548095703125
-79.935188711416543583254679106175899505615234375
-81.0766301331558452147874049842357635498046875
58.06318678198815774749164120294153690338134765625
-23.344553313367981672854511998593807220458984375
-93.601143096647916763686225749552249908447265625
94.4751963595227692849221057258546352386474609375
-93.7145331310124873880340601317584514617919921875
9.707560044821018863103745388798415660858154296875
19.554778231212257111337748938240110874176025390625
49.83271473221785896612345823086798191070556640625
-45.27335654879669846195611171424388885498046875
39.27660891286219424500814056955277919769287109375
-20.748410839230725599691140814684331417083740234375
6.25367910324454800985449764993973076343536376953125
74.39149783559372508534579537808895111083984375
14.500491009571813805223428062163293361663818359375
-89.6327162286923311285136151127517223358154296875
67.43910454631821949078585021197795867919921875
23.807894597554390969662563293240964412689208984375
89.0276973008234193684984347783029079437255859375
52.18471858959400577759879524819552898406982421875
20.1425292325762939071864821016788482666015625
2.521021012891520474141771046561188995838165283203125
-53.7817178811342699873421224765479564666748046875
10.091650133446453452279456541873514652252197265625
21.03505461585681501901490264572203159332275390625
54.49496147073353569112441618926823139190673828125
65.667216206066001404906273819506168365478515625
-2.049863873639965472506219157367013394832611083984375
29.7999179152383675273085827939212322235107421875
-71.58899214754836748397792689502239227294921875
9.43661908135130289565495331771671772003173828125
-62.3619083096667026211434858851134777069091796875
-22.9729166152488772922879434190690517425537109375
27.92542433834658055502586648799479007720947265625
36.0068018649370600314796320162713527679443359375
32.63250678663968784576354664750397205352783203125
72.0190665669710057272823178209364414215087890625
-94.360398355195599151556962169706821441650390625
-34.536888635405915692899725399911403656005859375
-70.7174621188107295211011660285294055938720703125
-18.0950255834784314856733544729650020599365234375
39.01491853592437308861917699687182903289794921875
36.83338555539381786729791201651096343994140625
-85.3284094314148973126066266559064388275146484375
56.2129970851717786217704997397959232330322265625
-26.4133517469019949430730775929987430572509765625
-72.835921741297767084688530303537845611572265625
53.605783891280225361697375774383544921875
-67.1323140166626899372204206883907318115234375
8.42086504099106747389669180847704410552978515625
-44.67393107968567989018993102945387363433837890625
-21.93738660802996065513070789165794849395751953125
-35.4299299727362040357547812163829803466796875
87.7837956817786420060656382702291011810302734375
-31.59245581088789123214155551977455615997314453125
41.2188777153775021133697009645402431488037109375
-46.42762578864941502843066700734198093414306640625
16.607698950568277496131486259400844573974609375
9.023398642628055910108741954900324344635009765625
59.9465200458327416299653123132884502410888671875
24.82776157575232645058349589817225933074951171875
-77.26217730015144979915930889546871185302734375
-60.7338571067349022314374451525509357452392578125
-30.37544645762599060390130034647881984710693359375
-44.5508869852023536850538221187889575958251953125
-62.29217550762814425979740917682647705078125
56.597071676476815582645940594375133514404296875
-22.67839993250361629861799883656203746795654296875
90.1067886399602713254353147931396961212158203125
14.2823519107304424125004516099579632282257080078125
53.28734767382893977583080413751304149627685546875
-89.9541207930793262903534923680126667022705078125
76.4571025642283217393924132920801639556884765625
-96.3654950468699098564684391021728515625
-25.932956451856941981759518967010080814361572265625
-54.28523897347491100617844494991004467010498046875
58.1902978333881719663622789084911346435546875
-51.42268821772724862739778473041951656341552734375
-24.1461426062201525155614945106208324432373046875
-60.692561625855290685649379156529903411865234375
-98.0955937111651934401379548944532871246337890625
24.903784320351864067788483225740492343902587890625
-99.8259472332141370998215279541909694671630859375
-89.858067968245933343496290035545825958251953125
89.0362429785712237162442761473357677459716796875
86.2431470795580707999761216342449188232421875
-1.9166181851620638365574222916620783507823944091796875
-10.10914718843510939905172563157975673675537109375
52.50861958770908444193992181681096553802490234375
-96.964836082288428542597102932631969451904296875
-66.453753000098373604487278498709201812744140625
-27.70655196092423722120656748302280902862548828125
-49.71022706574479599339611013419926166534423828125
13.482985851156751522239574114792048931121826171875
92.3148545990529072469144011847674846649169921875
-75.568113759239480486940010450780391693115234375
-17.06233429897712738920745323412120342254638671875
-14.9884332169059550921019763336516916751861572265625
3.450572319797850173728193112765438854694366455078125
-73.140305222723583256083657033741474151611328125
-94.40799318919908955649589188396930694580078125
51.500745556300131511306972242891788482666015625
-25.0552384992990795353762223385274410247802734375
20.699785698618708096319096512161195278167724609375
47.156765125574793273699469864368438720703125
42.6152462355687617900912300683557987213134765625
