2.423480151823606210115258363657630980014801025390625
-3.1400051817263516795719624496996402740478515625
2.0398240929053361725209470023401081562042236328125
3.918245131740551556731588789261877536773681640625
0.60534767165512748388067620908259414136409759521484375
-0.7627622247377308095650505492812953889369964599609375
-4.37783537711282999538298099651001393795013427734375
0.57646382833448861493508275088970549404621124267578125
-3.3138035849750817618541987030766904354095458984375
-3.8185335708889045491787328501231968402862548828125
1.597471440095061812058929717750288546085357666015625
3.355372831472014372167222973075695335865020751953125
-0.355933850359387571327118848785175941884517669677734375
-1.454553116452407923731016126112081110477447509765625
-2.9577323004987992050018874579109251499176025390625
-4.6900046839495157513511003344319760799407958984375
-2.76717231323136036991172659327276051044464111328125
-4.38912700879750961036052103736437857151031494140625
3.002318931616190678113298417883925139904022216796875
4.2158958172039664447083850973285734653472900390625
1.8796608639310810051625821870402432978153228759765625
-0.6533810520514642394829252225463278591632843017578125
1.2131059195896545244153230669326148927211761474609375
-4.1340645232322916768907816731370985507965087890625
3.45164583101392263841944441082887351512908935546875
2.242045528230165007954610700835473835468292236328125
-0.56789426405466991720771829932346008718013763427734375
1.74772731234836253833009322988800704479217529296875
0.97031864767564712792591308243572711944580078125
-1.9509735002734707176585970955784432590007781982421875
4.2788172070746970376831086468882858753204345703125
1.7552694172728522392645800209720619022846221923828125
-1.06276993079331294467237967182882130146026611328125
-0.42387243298771914989941933527006767690181732177734375
0.74945200329212380285781591737759299576282501220703125
-2.538636181635969268910457685706205666065216064453125
1.118370433039626465898663809639401733875274658203125
3.1008599928179680915718563483096659183502197265625
3.527946986068263957037061118171550333499908447265625
4.67116158518627511142540242872200906276702880859375
-0.8969982625918249130592130313743837177753448486328125
4.0706377214443758560946662328206002712249755859375
0.031461464901682147099482023122618556953966617584228515625
-2.3035787478773190883885035873390734195709228515625
3.7758797718790759745388641022145748138427734375
0.15074658243859906381345581394270993769168853759765625
0.26098034138832593153978223199374042451381683349609375
0.23980788775229189280224773028749041259288787841796875
-3.786589430377324649867887274012900888919830322265625
1.7656022392867196657562089967541396617889404296875
-2.9059943351392263366506085731089115142822265625
-0.279118814577994978076702636826667003333568572998046875
-2.545088915044569244372496541473083198070526123046875
-3.264893905380006788874425183166749775409698486328125
-3.365630097211536497781025900621898472309112548828125
0.4481948354984524041100257818470709025859832763671875
-1.83088433339618372741597340791486203670501708984375
4.0178983784575823534623850719071924686431884765625
4.9807646139289563080865264055319130420684814453125
2.727004314521796590753410782781429588794708251953125
-3.54846522788342166876418559695594012737274169921875
1.632180967521546843812529914430342614650726318359375
1.46070910297615608186561075854115188121795654296875
-2.7984086030706922798572122701443731784820556640625
-1.760725603676425610188971404568292200565338134765625
0.293152821524344020520658204986830241978168487548828125
-3.39897640949977475344212507479824125766754150390625
-3.10894153763921909927603337564505636692047119140625
-2.155775796178868386476779051008634269237518310546875
-0.9770480239859080651143585782847367227077484130859375
-2.22717703821182855250526699819602072238922119140625
-3.763670865958326228195574003621004521846771240234375
-4.07258623673477160309630562551319599151611328125
3.433280288546294745088971467339433729648590087890625
-2.510032342979285235884390203864313662052154541015625
4.42852646485971579437546097324229776859283447265625
2.837293138058714081495281789102591574192047119140625
2.146434320333629131027919356711208820343017578125
-4.12909731826525838727093287161551415920257568359375
-4.2486303599587103008161648176610469818115234375
1.90748029454956391504083512700162827968597412109375
4.89764132171545885086061389301903545856475830078125
3.528711818345737327717870357446372509002685546875
0.7189871412169359654598110864753834903240203857421875
4.7109116480740471644139688578434288501739501953125
-2.25352659736382321398195927031338214874267578125
-2.81643367444654568743089839699678122997283935546875
-2.046040325542136439906926170806400477886199951171875
0.0978876404126734211974536492562037892639636993408203125
4.54299669710315612292106379754841327667236328125
2.666919065051530424170778132975101470947265625
4.41277737065317143816400857758708298206329345703125
-2.156061838774241845584356269682757556438446044921875
3.627982319594767801618218072690069675445556640625
1.3331863290177949910031429681112058460712432861328125
2.35720958985466477741965718450956046581268310546875
-3.04296007625503595050986405112780630588531494140625
-2.85251798195089367737864449736662209033966064453125
4.2997533624116908157475336338393390178680419921875
3.064553013543172443888806810718961060047149658203125
1.417090780064580002317597973160445690155029296875
-1.3734899867146506124981897301040589809417724609375
3.132934956462552378297914401628077030181884765625
2.73088422433781463638524655834771692752838134765625
2.421793977370996220344068206031806766986846923828125
2.92613511057213937505139256245456635951995849609375
0.349242536819429350014587498662876896560192108154296875
4.84256410413191673569599515758454799652099609375
-2.864404160454677050751115530147217214107513427734375
1.2317550048518597360924786698888055980205535888671875
-3.9847059975811358611963441944681107997894287109375
4.82744635837504887376780970953404903411865234375
2.7809586651339461838006172911264002323150634765625
-0.749894703168974441354066584608517587184906005859375
-3.2504730159035322145655300118960440158843994140625
-1.7450693243279380428845115602598525583744049072265625
-1.15118374171594961552500535617582499980926513671875
4.3768033337457286080507401493377983570098876953125
0.7623086152371225665547171956859529018402099609375
0.861022492795821658972954537603072822093963623046875
2.01570591071711024966361947008408606052398681640625
4.58793963085653455635792852262966334819793701171875
2.094031058067824968560444176546297967433929443359375
4.30253914214954935602008845307864248752593994140625
-3.08498283321069610707354513579048216342926025390625
-1.018566027785495986535124757210724055767059326171875
-1.31705695379134457567715799086727201938629150390625
-1.6039856874947293619015908916480839252471923828125
-4.29246940463807380439220651169307529926300048828125
-3.83005748703610837679889300488866865634918212890625
-0.269994732465528353149153417689376510679721832275390625
1.273818267028457018597009664517827332019805908203125
-1.76681981542716304289797335513867437839508056640625
1.900579846741873524251786875538527965545654296875
-1.246633302008565369334291972336359322071075439453125
-4.541827504591498865238463622517883777618408203125
-0.9529954890580203397121294983662664890289306640625
-0.33502912111579785658932451042346656322479248046875
-3.925733747556978681103601047652773559093475341796875
2.8626445780361340354147614561952650547027587890625
0.95881954251790590948445469621219672262668609619140625
2.71065588755299113898900031927041709423065185546875
-4.44563279570791625161518823006190359592437744140625
3.60779001761246309598618609015829861164093017578125
-3.20500437869919352351644192822277545928955078125
-1.4866989013439970701568881850107572972774505615234375
0.7322964149274528988797783313202671706676483154296875
4.023792157890710541323642246425151824951171875
2.66451099686450110226587639772333204746246337890625
-4.4919307764003999494661911739967763423919677734375
-0.69235466267028200615385458149830810725688934326171875
-1.83885444135874731586000052629970014095306396484375
2.37014486619849318316255448735319077968597412109375
-0.5369476199690306206235845820629037916660308837890625
-2.91915498377360815851488951011560857295989990234375
4.2256568200496875675753472023643553256988525390625
2.185837263683966913418998956331051886081695556640625
-0.8667274775432900479898989942739717662334442138671875
-0.1811704335021510903214192467203247360885143280029296875
1.986719640802258712852790267788805067539215087890625
-3.533196745058475141121334672789089381694793701171875
-3.43424209329493290709933717153035104274749755859375
-0.2256925164704834674278544071057694964110851287841796875
2.818160868744569835797619816730730235576629638671875
3.434394964805476124780625468702055513858795166015625
-3.750052179608264868448941342649050056934356689453125
-3.46812443924271196493691604700870811939239501953125
3.194979355480318528037741998559795320034027099609375
0.217301159482054029314923582205665297806262969970703125
-1.7474019357798253881952632582397200167179107666015625
3.010234783131288782698220529709942638874053955078125
-1.082352795720562088632732411497272551059722900390625
-1.8759636378570923032071959823952056467533111572265625
2.394276458000140106463504707789979875087738037109375
3.336445999015413388377737646806053817272186279296875
-3.52333919360688074817744563915766775608062744140625
-0.02758034235189465999127378381672315299510955810546875
0.64335252155537536733476144945598207414150238037109375
-4.4513030511611777484404228744097054004669189453125
4.85452099702943495884710500831715762615203857421875
3.45657622313356238663573094527237117290496826171875
1.99275727849989703344135705265216529369354248046875
0.60250452788262631731441842930507846176624298095703125
-4.50687159287241367877641096129082143306732177734375
3.99609079955212020962562746717594563961029052734375
1.1250594146008874307796077118837274610996246337890625
-4.6549013539620762713866497506387531757354736328125
1.871084591982111522412424164940603077411651611328125
0.9891208636801025466667169894208200275897979736328125
-0.69132501997759110423658057698048651218414306640625
0.091696727695940671853946923874900676310062408447265625
-0.2098494632963010808612835944586549885571002960205078125
-4.94103963362233056244576800963841378688812255859375
-1.8879054729533575329725181290996260941028594970703125
2.415213079225222880808132686070166528224945068359375
-3.926945312936261256453462920035235583782196044921875
-0.94623420949792824696800153105868957936763763427734375
-0.74338768827180612408511706235003657639026641845703125
-1.15608216141207176264060763060115277767181396484375
4.47575687071681382889209999120794236660003662109375
3.164694720814207329340206342749297618865966796875
-1.8571671992791607408435083925724029541015625
-3.85977168886581534223978451336733996868133544921875
2.838611672887036974088914575986564159393310546875
4.45084274410984281900027781375683844089508056640625
-1.999454973475921715220238183974288403987884521484375
2.716816257466420747590518658398650586605072021484375
-0.7740317801596188207469140252214856445789337158203125
-1.0544599389600133321209796122275292873382568359375
4.30601652827948999657792228390462696552276611328125
2.837445276033329744080901946290396153926849365234375
-1.139414235113494822115853821742348372936248779296875
-1.95455259675177739353557626600377261638641357421875
0.049586051638519791640025147216874756850302219390869140625
-2.9941999510317973687278936267830431461334228515625
0.71478438712469227755974543470074422657489776611328125
3.1120688765579966883478846284560859203338623046875
1.685356264347666499503475279198028147220611572265625
-3.374896128479607515515681370743550360202789306640625
2.4800955715794348321878715069033205509185791015625
-1.724427261810756561999369296245276927947998046875
-1.69485672747928983739029717980884015560150146484375
-1.9575878928594894201609122319496236741542816162109375
-0.1991765185656646508505218662321567535400390625
-3.0197708967174765604113417793996632099151611328125
4.273221948261141989178213407285511493682861328125
-0.78394191726294015776232981806970201432704925537109375
-0.810586444167704645025196441565640270709991455078125
-1.1810072534257383125577689497731626033782958984375
-1.031955644429533247574681809055618941783905029296875
-2.67274122290174442895249740104191005229949951171875
-1.00446759664215701235434607951901853084564208984375
-2.94189411344353590749278737348504364490509033203125
-2.804955433211806958837541969842277467250823974609375
-4.44216378605337336438196871313266456127166748046875
3.20480145288235629408291060826741158962249755859375
-1.3634362752050266376357967601506970822811126708984375
-0.344675400436843026863442673857207410037517547607421875
-4.89375833942574356427712700678966939449310302734375
-2.65550658852182497327021337696351110935211181640625
-2.06397593130565315533431203220970928668975830078125
2.56661229624155140527363982982933521270751953125
3.68856820707631438693852032884024083614349365234375
0.85466926043037094729015734628774225711822509765625
-3.0741682430259533731486953911371529102325439453125
-1.088231575791088090454650227911770343780517578125
-1.1329449016049182308307763378252275288105010986328125
-3.49641303266385516934633415075950324535369873046875
0.9712365591386966645615075321984477341175079345703125
1.960397609620049497181071274098940193653106689453125
2.736016353139854029308253302588127553462982177734375
2.824444825523495961050457481178455054759979248046875
1.1393143476150486836928621414699591696262359619140625
2.3356977078402021419378797872923314571380615234375
1.426951488364106790385221756878308951854705810546875
0.269223893656865220780360914432094432413578033447265625
0.87917347242941179530362205696292221546173095703125
-1.564171215160760741724743638769723474979400634765625
4.46069768580783598821426494396291673183441162109375
-3.429202647934790348926981096155941486358642578125
4.55415275205688185877761497977189719676971435546875
2.720660754476167841886535825324244797229766845703125
-3.14300238377736018691166464122943580150604248046875
-4.95264771227087319260817821486853063106536865234375
2.918562658633634843141635428764857351779937744140625
-1.41298792948624463150508745457045733928680419921875
3.7134061192423946096141662565059959888458251953125
-1.85577356121407088807018226361833512783050537109375
0.302215600281965646178861106818658299744129180908203125
-1.987817821640624149637233131215907633304595947265625
4.367880226315204339471165440045297145843505859375
0.475060126311506680796270529754110611975193023681640625
-2.259759439236917355486866654246114194393157958984375
1.91718681986651784399100506561808288097381591796875
-0.719092634742040548445629610796459019184112548828125
-2.094965338466159732178084595943801105022430419921875
3.30068581722861864591322955675423145294189453125
-1.4177141642978050573020709634874947369098663330078125
-0.6741514957869954027813719221740029752254486083984375
-0.770617223907497983503844807273708283901214599609375
-4.2232428653915778937744107679463922977447509765625
-2.73902907424745389874942702590487897396087646484375
-1.3405543804957245068720794733962975442409515380859375
1.6202213892841144105005923847784288227558135986328125
2.136898478376970000880419320310465991497039794921875
-3.39907043168229971996652238885872066020965576171875
-3.201604603078233690638398911687545478343963623046875
-1.3817372550425124355655270846909843385219573974609375
3.57284522204246623999779330915771424770355224609375
-1.8192899425496789067580039045424200594425201416015625
0.56810216556332682191765570678398944437503814697265625
-3.0291976220831831057012095698155462741851806640625
4.63692566737460598602638128795661032199859619140625
2.428304673944455149836585405864752829074859619140625
0.9184162084885769683495482240687124431133270263671875
4.0485913426778328272348517202772200107574462890625
0.5860693460330084203491196603863500058650970458984375
1.248512489070207731600703482399694621562957763671875
2.233748286317418063617878942750394344329833984375
2.929643444097056015351654423284344375133514404296875
1.2853386581619041795221392021630890667438507080078125
-2.828291316431406077214205652126111090183258056640625
3.255658705434820721080768635147251188755035400390625
3.277411172318558829630319451098330318927764892578125
-1.9794262938762139381054794284864328801631927490234375
-0.7672756048767315206760031287558376789093017578125
1.2829201516178112552069023877265863120555877685546875
-2.287989774071242710107298989896662533283233642578125
-4.97744609051922992648542276583611965179443359375
0.436771881822163809960812841381994076073169708251953125
3.6094472617989747931233068811707198619842529296875
4.5212189490920362544557065120898187160491943359375
2.70633945651507890062248407048173248767852783203125
-3.8966415670707004181849697488360106945037841796875
0.38143772116945362515849637929932214319705963134765625
-2.8284347841916446242294114199467003345489501953125
0.1810720125484983622499157718266360461711883544921875
3.24293228227078866865440431865863502025604248046875
0.49262239104163441094641484596650116145610809326171875
1.605226516753465393350097656366415321826934814453125
-3.141393144275185900227143065421842038631439208984375
2.669453461218849188441026853979565203189849853515625
-0.21094670342724575196058367509976960718631744384765625
1.482393406505231769898500715498812496662139892578125
1.054292632338828195059932113508693873882293701171875
3.783500862424090005475818543345667421817779541015625
3.4529406420340507111177430488169193267822265625
3.36943228846809628151959259412251412868499755859375
-1.290237051742774809781622025184333324432373046875
-1.5976209593545067644271284734713844954967498779296875
4.185921057179907478484892635606229305267333984375
-3.694635330651338644969428059994243085384368896484375
-4.521714219272357837553499848581850528717041015625
-1.4634655315288203070167583064176142215728759765625
-4.838601101816980332159801037050783634185791015625
1.8208687813533799282339487035642378032207489013671875
-4.13485616014195311862522430601529777050018310546875
-0.57215094217266215803618933932739309966564178466796875
3.536779325874487955871927624684758484363555908203125
-0.47593800503395911061232936845044605433940887451171875
-4.7468058327886968328357397695071995258331298828125
0.649723056044351654492174930055625736713409423828125
-0.60136349976681147122548054539947770535945892333984375
-0.2189802702049849225662825347171747125685214996337890625
3.554968633289046664458510349504649639129638671875
-2.6688539065238661152079657767899334430694580078125
3.947756915580075798288817168213427066802978515625
-2.4367056123803028100383016862906515598297119140625
-3.475350332629847827092817169614136219024658203125
1.997129252362759732619679198251105844974517822265625
-4.08137712502020644222966438974253833293914794921875
-3.47026402298827196801767058786936104297637939453125
-4.88730680123679572801620452082715928554534912109375
0.41621219004735021673724304491770453751087188720703125
1.8326133503485697584522995384759269654750823974609375
3.59898562199771365754941143677569925785064697265625
-0.5436142397061762832066733608371578156948089599609375
-0.7741338571644262867010866102646104991436004638671875
-1.28699007088106132101756884367205202579498291015625
0.40824792576259338883204463854781351983547210693359375
-4.6892259780836855753705094684846699237823486328125
-1.709245288663562956088526334497146308422088623046875
-2.563555087466871551526992334402166306972503662109375
-2.75006275510414166518557976814918220043182373046875
-1.0423785564706056216977003714418970048427581787109375
3.07670011311174196322326679364778101444244384765625
0.148069461013340120114634146375465206801891326904296875
-0.405122170672286785464422109726001508533954620361328125
-0.080936956481521160622349952973308973014354705810546875
1.5854308181051681714279766310937702655792236328125
2.746914324670797658001220042933709919452667236328125
-0.932580403492429876877167771453969180583953857421875
4.0019357930586298977004844346083700656890869140625
2.2160372806085089081307160085998475551605224609375
-4.707195923969674566933463211171329021453857421875
0.66255537612206916175949800162925384938716888427734375
3.827386656246982266083023205283097922801971435546875
-2.6775054976202543599583805189467966556549072265625
-4.1101180040944367277688797912560403347015380859375
-1.6352002848491640207839736831374466419219970703125
-1.438739224450246378950168946175836026668548583984375
3.770226269871186364213144770474173128604888916015625
-1.5489908921061046331857369295903481543064117431640625
0.130346838435960010738057235357700847089290618896484375
-1.96560601097760212496723397634923458099365234375
-0.5191959929913403382073511238559149205684661865234375
-2.916391194319232216258797052432782948017120361328125
4.683788271452602458566616405732929706573486328125
3.88784098663039312526734647690318524837493896484375
0.39627615578251018657596205230220220983028411865234375
-1.439261770647258575905880206846632063388824462890625
3.064623247127133520706365743535570800304412841796875
0.3340989647895735714655529591254889965057373046875
-3.2628704249144764304446653113700449466705322265625
1.7561809134346828553674413342378102242946624755859375
-0.79154664080058878550261169948498718440532684326171875
-4.71428051517107338241885372553952038288116455078125
-1.85678109027616944359806439024396240711212158203125
-4.63866046777892648833585553802549839019775390625
4.3331671306436394530692268745042383670806884765625
-3.102884818116061094173119272454641759395599365234375
3.49833648239337069441035055206157267093658447265625
-1.32269419779851205021259374916553497314453125
-4.663578063565868347950527095235884189605712890625
-0.814403272230477259796543876291252672672271728515625
-4.29427520325111711230192668153904378414154052734375
-0.72441469546129011458646118626347742974758148193359375
-0.11411097994053363835487147071034996770322322845458984375
-0.5842159140415663642897925456054508686065673828125
0.29437302471326753927627351004048250615596771240234375
1.0831969118081465897063253578380681574344635009765625
-2.686353027256371372999410596094094216823577880859375
-3.835584830935449218713984009809792041778564453125
-3.027130513795472932514485364663414657115936279296875
-3.729838300210113199995021204813383519649505615234375
1.79871516682751586557742484728805720806121826171875
0.37621117485726951468194556582602672278881072998046875
1.924479578717078975813592478516511619091033935546875
-0.9293430905062558533558103590621612966060638427734375
3.220604190442721392884095621411688625812530517578125
1.3495125192443444550605136100784875452518463134765625
0.969512876544901036623969048378057777881622314453125
-0.9814853336923945459346896313945762813091278076171875
1.48907576811874253763789965887553989887237548828125
-3.56958364768203839645366315380670130252838134765625
0.387850787457735879382170196549850516021251678466796875
3.265787257424765943625288855400867760181427001953125
0.3736492575774981172997968315030448138713836669921875
2.179561019536566224275020431377924978733062744140625
-4.5703545497336648395503289066255092620849609375
0.50918759875997154917826037490158341825008392333984375
-4.95428769298161597589569282718002796173095703125
-0.9639574482674662103676155311404727399349212646484375
0.24863150419245350075669875877792946994304656982421875
-1.422063948829917823246660191216506063938140869140625
2.82743451931344846883575883111916482448577880859375
3.80191574292428580150726702413521707057952880859375
2.097355679890360757866574203944765031337738037109375
3.12761695849378273948104833834804594516754150390625
1.144982191958964445888113914406858384609222412109375
-0.5271094983341637618678987564635463058948516845703125
-0.8309201001430874811148896696977317333221435546875
0.0873405693672634486635075745653011836111545562744140625
0.55257629165802535364804271011962555348873138427734375
-2.15199628343929472151785375899635255336761474609375
4.1129582743202934835835549165494740009307861328125
-4.0836236608548635018678396590985357761383056640625
1.4399247154688656902266075121588073670864105224609375
1.073619639492757737997408185037784278392791748046875
-0.297659082236712169144965400846558623015880584716796875
-0.4620004432318161047277271791244857013225555419921875
-2.48153627102086460354257724247872829437255859375
-4.66770922254254561067909889970906078815460205078125
3.8926432345751660335508859134279191493988037109375
0.541801153781302335943337311618961393833160400390625
-4.7095704657561814343580408603884279727935791015625
-1.4040921924128679787457940619788132607936859130859375
4.1742773834096578156049872632138431072235107421875
4.6600468088898736596092930994927883148193359375
1.5543061457296338812028579923207871615886688232421875
-1.3772121218547626053663179845898412168025970458984375
2.8178698072554428932789960526861250400543212890625
-0.13781258312309507818582687832531519234180450439453125
-1.40529269747186180694598078844137489795684814453125
-4.495032012451400049712901818566024303436279296875
-0.5774302356558909110617605620063841342926025390625
-1.63377315091084174270008588791824877262115478515625
2.527797831765248748325802807812578976154327392578125
4.461151462806814294026480638422071933746337890625
-4.52945055763888415611972959595732390880584716796875
-0.36549950813822695838695153724984265863895416259765625
3.618712944979087797747752119903452694416046142578125
0.128572444366530813653071163571439683437347412109375
3.707383327124753602532791774137876927852630615234375
3.11993281339708072863459165091626346111297607421875
1.6672282839364427342587759994785301387310028076171875
2.4888020641843606739485039724968373775482177734375
-2.11124402823962231678933676448650658130645751953125
0.448398539961538611375857499297126196324825286865234375
4.11665197936974447401325960527174174785614013671875
2.860881990123491647182163433171808719635009765625
-4.17535002757274043005963903851807117462158203125
2.76752172381268479739446775056421756744384765625
1.23194852460517978443022002466022968292236328125
-2.92194516159535311317085870541632175445556640625
3.2627958252428452823323823395185172557830810546875
1.572369920728835079870577828842215240001678466796875
-2.702472077902623226464129402302205562591552734375
3.969819418672351662991104603861458599567413330078125
0.11224259927724482277522355389010044746100902557373046875
-4.3037784659175581936096932622604072093963623046875
-4.574669654225434811678496771492063999176025390625
0.274626828719617910312678077389136888086795806884765625
2.983246431949293953067581242066808044910430908203125
2.36499788900177509987088342313654720783233642578125
4.76195384973643598414128064177930355072021484375
0.349232947146330185983487126577529124915599822998046875
-2.38326640550527546480452656396664679050445556640625
-1.97201667560457760686176698072813451290130615234375
-1.6830453252272390418653458254993893206119537353515625
1.84936373513262442003224350628443062305450439453125
-1.622803835413340056703646041569299995899200439453125
2.292290812711652137068085721693933010101318359375
4.8118461826742748854712772299535572528839111328125
0.63317707513050225376360913287498988211154937744140625
0.516880200938050649028809857554733753204345703125
3.659065514164118848583484577829949557781219482421875
2.510833548800884162943702904158271849155426025390625
3.23202368551947660790801819530315697193145751953125
-4.54319612366730307684292711201123893260955810546875
-4.8218472585511822359194411546923220157623291015625
2.224499414911289107976699597202241420745849609375
-2.84052626986363687677794587216340005397796630859375
1.3767719584094038065558152084122411906719207763671875
-1.4460471762348472424264400615356862545013427734375
3.3888272631463980388843992841430008411407470703125
-0.365480380228542178766559800351387821137905120849609375
3.490159381688666684340205392800271511077880859375
-2.631415829658541039037800146616064012050628662109375
-2.154202345716097255490240058861672878265380859375
1.58870156865075617957927534007467329502105712890625
-2.001591682474639810607186518609523773193359375
-4.21812054059261054561602577450685203075408935546875
-3.554841647952835526069748084410093724727630615234375
0.80828889128662095853172786519280634820461273193359375
-2.612179278993313147338994895108044147491455078125
-2.378600550537600444300778690376318991184234619140625
-3.930148692626084905299421734525822103023529052734375
-0.5954777219240063867999879221315495669841766357421875
-1.565306895153744104476345455623231828212738037109375
-1.65295857167887394467697959044016897678375244140625
-2.391435420868128769456006921245716512203216552734375
2.839667992566087928452134292456321418285369873046875
3.91903023225526414563546495628543198108673095703125
1.789337681927607892617970719584263861179351806640625
1.07319186737333804870786480023525655269622802734375
3.897367684864148085210899807862006127834320068359375
2.069793858339654235578564112074673175811767578125
0.1444256064638995695759149384684860706329345703125
-2.527515079492823613094287793501280248165130615234375
-0.66071569781297190271374120129621587693691253662109375
-0.9627309281320057809949730653897859156131744384765625
0.81537030002786448079632464214228093624114990234375
4.73595065868412401499654151848517358303070068359375
-1.5724539544017710479550942181958816945552825927734375
2.46913941518556523391225709929130971431732177734375
-4.38599117786627790138709315215237438678741455078125
-0.8994238674671297673057779320515692234039306640625
-0.60079253248102804096930640298523940145969390869140625
-0.297034991011426663387595681342645548284053802490234375
1.040080041693499435240255479584448039531707763671875
-1.8143065354296530333755299579934217035770416259765625
-1.16120756027093108286862843669950962066650390625
4.4825659053191344582955935038626194000244140625
0.13936250065711319745531682201544754207134246826171875
-1.857446728361482168878637821762822568416595458984375
4.2491270746583591488843012484721839427947998046875
0.07548151808822313457714159312672563828527927398681640625
-3.600599690898942828454210030031390488147735595703125
0.809590071941942657218760359683074057102203369140625
3.93952955360806900131365182460285723209381103515625
2.8261036193163135976647026836872100830078125
2.004935411200218453586785471998155117034912109375
2.300670483955301381939761995454318821430206298828125
-1.1515764840573219363051293839816935360431671142578125
2.894121501384512296084494664683006703853607177734375
-3.665416934146645377978757096570916473865509033203125
-1.686117066708217482329246195149607956409454345703125
-2.463514188401457971622221521101891994476318359375
-2.00875295637427608852476623724214732646942138671875
-4.39909579611379886188160526216961443424224853515625
-0.8317538810841629270953490049578249454498291015625
3.70412467825630731255159844295121729373931884765625
2.11640734748296921452492824755609035491943359375
2.62366886903918672402369338669814169406890869140625
1.3651202947766181150512920794426463544368743896484375
-4.0632562668586533760617385269142687320709228515625
4.842798367709310269901834544725716114044189453125
-2.634941029495097009061055359779857099056243896484375
-2.76803426252143847108300178661011159420013427734375
-0.474279370791500287651842882041819393634796142578125
1.72323609260961330136296965065412223339080810546875
0.15836421317340987346966585391783155500888824462890625
-3.043494801747785860612793840118683874607086181640625
3.484567586812068906709782822872512042522430419921875
2.0281355882887002195502645918168127536773681640625
3.91218539735322234918157846550457179546356201171875
-3.262088538052700936731298497761599719524383544921875
-1.4137476755592377486436816980130970478057861328125
-2.3124796955601727432849656906910240650177001953125
1.632395245913701220530356295057572424411773681640625
0.8995748111733348206797700186143629252910614013671875
-2.19136676571225574861045970465056598186492919921875
1.7520460122233625366305886927875690162181854248046875
-3.9523101770289912337830173783004283905029296875
-2.38742703858362137481208264944143593311309814453125
-1.6005500903808533852412665510200895369052886962890625
-1.57325638245304499918120200163684785366058349609375
4.77355182228583085901618687785230576992034912109375
2.188757930608101531788634019903838634490966796875
2.3472685574310236944484131527133285999298095703125
1.113151797548727728326412034220993518829345703125
4.78834077220664422469553755945526063442230224609375
2.47525747807967633207226754166185855865478515625
2.06292653746448362284127142629586160182952880859375
4.7210068185258506900936481542885303497314453125
-3.909168026336819590227378284907899796962738037109375
0.87339535030517712055342371968436054885387420654296875
-3.51163199147145110856627070461399853229522705078125
-1.79802459495314170823121457942761480808258056640625
3.439068198937316633845284741255454719066619873046875
2.896327116386347544363388806232251226902008056640625
2.8872920528828540653876189026050269603729248046875
-3.9071593106874491496682821889407932758331298828125
3.241523579759617579298947021015919744968414306640625
4.82802449491915464108160449541173875331878662109375
-4.27047973719964080174804621492512524127960205078125
-2.28263690127339824442742610699497163295745849609375
-3.549264466986237653856051110778935253620147705078125
-0.247997527839914078118255247318302281200885772705078125
-4.7232332816788495932769365026615560054779052734375
1.855078267823175419692915966152213513851165771484375
2.159729987469493739382642161217518150806427001953125
0.32111145273443053582695938530378043651580810546875
2.52904292222345628005086837220005691051483154296875
-3.245223581983115224147695698775351047515869140625
3.028486182773884483054871452623046934604644775390625
4.32139104393659412295392030500806868076324462890625
2.9313386312270228728493748349137604236602783203125
0.249425520906128073139740308761247433722019195556640625
-3.936322270855811211731634102761745452880859375
-1.3187720260535353844488781760446727275848388671875
-3.6816683207613056794116346281953155994415283203125
3.170359729966268247380867251195013523101806640625
2.775561055632743023835473650251515209674835205078125
1.726369371862988000287941758870147168636322021484375
4.8094316223736992554904645658098161220550537109375
-2.227445324518424030202368157915771007537841796875
-3.160900663215925998628108573029749095439910888671875
-2.02421406237640777447950313217006623744964599609375
-2.69381543450685168039626660174690186977386474609375
1.017381885048141310079472532379440963268280029296875
3.935990063942522709794502588920295238494873046875
-1.5837464432767518474065582267940044403076171875
4.0763250809459776746734860353171825408935546875
-2.901376027244379596226053763530217111110687255859375
-3.92203103444399747701254455023445188999176025390625
-0.887855141979321249579015784547664225101470947265625
4.2466216217500605267787250340916216373443603515625
-3.309548615145623262634444472496397793292999267578125
4.009308147823720247515666414983570575714111328125
-0.372632255611443363729762268121703527867794036865234375
0.72495184087055886124062453745864331722259521484375
-4.19965464794736220710547058843076229095458984375
-0.137934782858735005550698815568466670811176300048828125
-4.1923666915220483275561491609551012516021728515625
-0.496283521797317661583548442649771459400653839111328125
1.1769779650869536258284142604679800570011138916015625
4.5105224068419733640666891005821526050567626953125
2.51683824756037477499148735660128295421600341796875
3.948876054103474420031716363155283033847808837890625
1.3771154997629917460244541871361434459686279296875
4.2248623235078639481798745691776275634765625
4.22125149819891731794996303506195545196533203125
-1.53152508155254896138330877874977886676788330078125
-3.645453551534219460705799065181054174900054931640625
-2.20484513117266178738873350084759294986724853515625
-2.91801699580065587724675424396991729736328125
1.225915851885521323794137060758657753467559814453125
-0.2720752296971011841009158160886727273464202880859375
-0.940301777527481785767804467468522489070892333984375
-4.16703003667505100793277961201965808868408203125
0.61537207620884559755580767159699462354183197021484375
-1.2352367610199197489606603994616307318210601806640625
0.42146198736887019453689617876079864799976348876953125
1.27591788202324973866552682011388242244720458984375
2.07331909413616788384615574614144861698150634765625
1.8574730778237178441258947714231908321380615234375
3.6612283896569888241856460808776319026947021484375
-0.35315288656116117227412587453727610409259796142578125
-4.4528662169718433716525396448560059070587158203125
2.4312156929735184718310847529210150241851806640625
0.97757991144368094893479792517609894275665283203125
0.569888358998472011052172092604450881481170654296875
4.9639922956035089640636215335689485073089599609375
0.0192438349903868884116509008208595332689583301544189453125
-0.227308315448417286308568918684613890945911407470703125
4.4036888831068541350077794049866497516632080078125
-3.11605696280327482128313931752927601337432861328125
-3.5869514181704307276277177152223885059356689453125
3.83845129816059671412631359999068081378936767578125
-1.710497070908934436062054373905993998050689697265625
-4.374782887356818861235296935774385929107666015625
3.134193743705794954479415537207387387752532958984375
1.0175004121375665899762452681898139417171478271484375
-4.60703742762287760115214041434228420257568359375
1.199051443268726035995541678857989609241485595703125
-2.502855117353245617550783208571374416351318359375
1.742130197753996245779717355617322027683258056640625
-3.16566730755502678817947526113130152225494384765625
-0.5658025361744634107452611715416423976421356201171875
4.60649795560544372818867486785165965557098388671875
-4.70655370239460335568537630024366080760955810546875
4.07019093773881213138565726694650948047637939453125
-0.50433170117383319119852558287675492465496063232421875
-0.27044261973443273205930381664074957370758056640625
-4.3599314518503060611465116380713880062103271484375
1.6798720874872896668961175237200222909450531005859375
1.7217100442981145835830147916567511856555938720703125
4.121639344364695034528267569839954376220703125
4.06237324908541896917313351877965033054351806640625
-2.605666552888755038708268330083228647708892822265625
-3.877226862006808882910036118119023740291595458984375
1.026826924991124823094423845759592950344085693359375
3.108987826947763988272299684467725455760955810546875
-1.9960000196534355421107420625048689544200897216796875
4.7911811617507620297828907496295869350433349609375
2.717703881847550295702831135713495314121246337890625
1.7620074977334068133671962641528807580471038818359375
2.418684096975017183694944833405315876007080078125
0.998297435861089876851792723755352199077606201171875
1.5460129765650310051938731703558005392551422119140625
-2.411371233043886785907261582906357944011688232421875
0.25353395590985117191706876837997697293758392333984375
-0.61894196482899188627158082454116083681583404541015625
-4.90457273419645733980587465339340269565582275390625
-3.239196978943923443949870488722808659076690673828125
0.015255760927138990734608370303249103017151355743408203125
-2.86508581391054040210519815445877611637115478515625
-1.92660820319938519418201394728384912014007568359375
-1.0872977924289621842746100810472853481769561767578125
0.3045925105272144772783349253586493432521820068359375
-1.3327904232579792509483240792178548872470855712890625
0.056038132191201572851468881708569824695587158203125
-0.7873134895097535501662378010223619639873504638671875
2.381909167384437697734256289550103247165679931640625
-2.09897716150232138687670158105902373790740966796875
1.144938488778251439725863747298717498779296875
4.69140756977563544438680764869786798954010009765625
2.648676919531405271612811702652834355831146240234375
-4.3699189580856785397600106080062687397003173828125
-1.821690855924205987292907593655399978160858154296875
-4.518276199674733817346350406296551227569580078125
-2.6339584655781340671865109470672905445098876953125
-1.4023539155120989807556952655431814491748809814453125
-0.7953422193663512995698283702949993312358856201171875
-2.340856129722637124501716243685223162174224853515625
1.2956000186619054392878069847938604652881622314453125
1.411002509263265647376783817890100181102752685546875
2.3888075470333678396173127111978828907012939453125
-3.305146920877892302570444371667690575122833251953125
-0.9999450164371486149406109689152799546718597412109375
-0.6690392891234238081921148477704264223575592041015625
1.7329069337282734242222659304388798773288726806640625
0.75855670030862398789395228959619998931884765625
0.68218060288612047958878292774898000061511993408203125
4.08576606463422109527527936734259128570556640625
-2.770612200195649688083676664973609149456024169921875
-2.664891983169919154050830911728553473949432373046875
1.930173859813102854587896217708475887775421142578125
-3.706008983999533601405573790543712675571441650390625
-1.5302696291178976562008529072045348584651947021484375
2.3112172879720400686665016110055148601531982421875
3.202596118181065154573161635198630392551422119140625
3.953356106103597777945424240897409617900848388671875
2.38656146630523036122895064181648194789886474609375
-0.205744743379591532583816615442628972232341766357421875
-1.2969779346409975318010765477083623409271240234375
-3.45029389871877345541406612028367817401885986328125
-2.123529797247232675516670497017912566661834716796875
-0.41379044833210476550533485351479612290859222412109375
2.517845454642060776251355491694994270801544189453125
-1.4381688155133545148345319830696098506450653076171875
-0.432806792865048028939867208464420400559902191162109375
2.25721208289978303440648232935927808284759521484375
0.79485599942970119879959156605764292180538177490234375
-1.03761526618827826240476497332565486431121826171875
-0.6663364887575109474227019745740108191967010498046875
3.04251394497639271463640397996641695499420166015625
-1.583094661472023378934181891963817179203033447265625
2.6122361952953436770030748448334634304046630859375
2.57784858920282733407702835393138229846954345703125
-3.545182178253202920359399286098778247833251953125
1.5639081295408041594185988287790678441524505615234375
-0.42322349611738563357477005411055870354175567626953125
0.26412247508631747638929709864896722137928009033203125
2.650134543623385408039894173271022737026214599609375
-3.750462556766235966421163539052940905094146728515625
0.484667844830757921226194184782798402011394500732421875
3.171706649983179193696969377924688160419464111328125
1.930927175629474135121199651621282100677490234375
2.04369011797016586484687650226987898349761962890625
2.00306094907719955955371915479190647602081298828125
1.069184074884762747359445711481384932994842529296875
3.181089999063810846990918435039930045604705810546875
-2.23141642068103518425914444378577172756195068359375
2.50551008220764526157608997891657054424285888671875
-0.397088119877287926140496665539103560149669647216796875
1.3493259157024548589021151201450265944004058837890625
2.9238953307840400697159566334448754787445068359375
-2.20092422280129174083640464232303202152252197265625
3.4503541510902895339540918939746916294097900390625
-0.3675177823765254370158572783111594617366790771484375
0.6411600321654302714335926793864928185939788818359375
0.92265371753272040766802319922135211527347564697265625
-0.19050228429562554577358923779684118926525115966796875
1.8663494697685869549985682169790379703044891357421875
0.1592899332235998832718593121171579696238040924072265625
-0.6737108013257842031862310250289738178253173828125
-4.6052881577121667078245081938803195953369140625
1.165400282064609882581862621009349822998046875
0.90457283363267404485696943083894439041614532470703125
1.939087483579303494707346544601023197174072265625
-2.310108162071202286824700422585010528564453125
4.34658901006706077652097519603557884693145751953125
4.01296578262265146719300901168026030063629150390625
-0.75284099212455168892432766369893215596675872802734375
-3.838508857018172459873994739609770476818084716796875
3.79396619316626537710135380621068179607391357421875
3.73123363883198777557481662370264530181884765625
-2.2553863247983034767685239785350859165191650390625
4.7585722823543203929830269771628081798553466796875
-0.87969417213603406935362727381289005279541015625
-2.515064964657029999983706147759221494197845458984375
-0.96793942533033294761679599105264060199260711669921875
2.569839420500672044767043189494870603084564208984375
-2.494052696602734098263454143307171761989593505859375
-2.67245310145402736878850191715173423290252685546875
2.62142350364859044731247195159085094928741455078125
2.237448241738679843848558448371477425098419189453125
1.101884466855601818480181464110501110553741455078125
-2.935101784775022704110369886620901525020599365234375
0.20965313115215378214628572095534764230251312255859375
0.79145178741467747673965504873194731771945953369140625
-2.34671451162607080931365999276749789714813232421875
0.3252781902063717200945802687783725559711456298828125
1.39308219209408701289021337288431823253631591796875
0.400082648037262400553260022206814028322696685791015625
-1.554745127589198805395653835148550570011138916015625
-3.209483579609501813223459976143203675746917724609375
2.0239259532323057300118307466618716716766357421875
-2.60962712809000496605449370690621435642242431640625
-4.4875572418672593499877621070481836795806884765625
-3.498733406775811349831428742618300020694732666015625
-0.611350400932032744805155743961222469806671142578125
1.0691103353535511555350012713461183011531829833984375
-0.61955104014953177316016308395774103701114654541015625
-4.6219475895807686782745804521255195140838623046875
-2.492749688600088386891684422153048217296600341796875
-4.3097162715308616753873138804920017719268798828125
-2.540772857921331340236292817280627787113189697265625
3.34135057731322060448064803495071828365325927734375
3.076549408161096010871915495954453945159912109375
-0.9954470906981620625941786784096620976924896240234375
-0.383255687914971165941580011349287815392017364501953125
-2.9611301937373912807061060448177158832550048828125
0.477170845759877282343808246878325007855892181396484375
-0.86276006325791343432030089388717897236347198486328125
0.32285668972834324907950076521956361830234527587890625
-0.7700191561876457146951224785880185663700103759765625
4.44743794387243962518141415785066783428192138671875
-2.9237795071163485971510453964583575725555419921875
0.8937647156099239875715056768967770040035247802734375
-3.81112053751034185467005954706110060214996337890625
-2.422772454852692991522644661017693579196929931640625
-2.10019660193358692623633032781071960926055908203125
-2.37511668613954984863312347442843019962310791015625
-1.96760898598722011598738390603102743625640869140625
-3.21199019714628519750476698391139507293701171875
-2.64638874567918502833663296769373118877410888671875
1.42726238111766168259464393486268818378448486328125
-0.9249611191340292304374770537833683192729949951171875
0.82731507860414488231270979667897336184978485107421875
-1.582668254283358777456669486127793788909912109375
-4.7904283270019138996076435432769358158111572265625
1.6750845637638358542886862778686918318271636962890625
-0.62295389999350003762401684070937335491180419921875
0.783710756383563467153408055310137569904327392578125
-4.30090439335339436155436487752012908458709716796875
0.5781911266667962845389183712541125714778900146484375
-3.285193819092515621349548382568173110485076904296875
-2.568974169841200083652665853151120245456695556640625
-4.19100797473021291494887918815948069095611572265625
1.1258134924818421485070984999765641987323760986328125
-2.19411473037577042788370818016119301319122314453125
0.3983593825542370847614392914692871272563934326171875
4.66030456034347206895063209231011569499969482421875
-3.954171163198468175181687911390326917171478271484375
0.1049377438866124501171128713394864462316036224365234375
2.188792622952765665189645005739293992519378662109375
-0.69012562907366359343797057590563781559467315673828125
1.94209398417437650863348608254455029964447021484375
-2.70466305166542486659864152898080646991729736328125
4.35247512241976242108876249403692781925201416015625
3.8955125763325870735798162058927118778228759765625
-1.760803793601941169555402666446752846240997314453125
2.48178727451052072439097173628397285938262939453125
-1.9176229936228761374650275683961808681488037109375
-2.340184188534863540809283222188241779804229736328125
3.89469825366164723590145513298921287059783935546875
1.5502617247201879724372020064038224518299102783203125
0.8788726004111573342214569493080489337444305419921875
-4.041508599202995100085900048725306987762451171875
1.4707236543721589061561871858430095016956329345703125
4.12222749501931051696601571165956556797027587890625
0.13150860867935498799141669223899953067302703857421875
2.719400960541164646855349928955547511577606201171875
-3.339944505100272298392383163445629179477691650390625
3.960794620034311375178504022187553346157073974609375
2.26152911693855163122179874335415661334991455078125
-2.056557567695304289401292408001609146595001220703125
-1.7413850653243831967387222903198562562465667724609375
2.245144694970755860907729584141634404659271240234375
1.1073295814571368911316540106781758368015289306640625
4.2854610335670759724280287628062069416046142578125
-1.9803972291394644766882038311450742185115814208984375
-1.33884139413175518029675004072487354278564453125
-2.36712348255573790112293863785453140735626220703125
0.740797529866719539626274126931093633174896240234375
-1.480901337222154889872172134346328675746917724609375
-1.938096461667581760224265963188372552394866943359375
3.648646432893460467283830439555458724498748779296875
1.5921459665672461625263167661614716053009033203125
3.13574712419340340119333632173947989940643310546875
-1.2251608707751475701996923817205242812633514404296875
0.84743388437391387046915269820601679384708404541015625
4.22842332594003256218684327905066311359405517578125
0.6545095220776582234378793145879171788692474365234375
2.505850672577591975453970007947646081447601318359375
1.5824028902289464237895799669786356389522552490234375
-0.9965780390519658471504271801677532494068145751953125
3.3644897809213123451854698942042887210845947265625
0.63955504133310370207254891283810138702392578125
-4.776855272182832123917251010425388813018798828125
1.2309565137341724749830973451025784015655517578125
-1.81505467438557932524645366356708109378814697265625
-0.09987611799295524617203767547835013829171657562255859375
3.44223092937723418316409151884727180004119873046875
-1.1037559395639100490171813362394459545612335205078125
1.5531976512722487360207423989777453243732452392578125
-4.1383867830021348055424823542125523090362548828125
-3.96437832272009860190564722870476543903350830078125
-1.07738347555198998861669679172337055206298828125
0.054401356646573965913926684834223124198615550994873046875
-2.37014111654866699296917431638576090335845947265625
-0.31296518270927797811253867621417157351970672607421875
-4.52621923897917799450851816800422966480255126953125
-2.23119523603435521152960063773207366466522216796875
-0.132341493341758431601107304231845773756504058837890625
0.69398690783808714144242912880145013332366943359375
-1.5628472474781751611061508810962550342082977294921875
-4.2330267191335249066241885884664952754974365234375
-1.247045052937019615768576841219328343868255615234375
0.7867508045452193954361064243130385875701904296875
-0.79327209697915190833583665153128094971179962158203125
0.322135036322700740729629842462600208818912506103515625
1.02964970545203104990150677622295916080474853515625
0.58847614663078073871105289072147570550441741943359375
-2.3138906616211887268264035810716450214385986328125
-0.64616890992641629054560326039791107177734375
-3.15329491406684070398114272393286228179931640625
4.786316709471446273482797550968825817108154296875
4.2434723193723602463478528079576790332794189453125
1.1798146325753950947046178043819963932037353515625
-3.3129653711598461285348093952052295207977294921875
-4.1928987185278305815927524236030876636505126953125
1.449543559934876935102465722593478858470916748046875
-3.276482220853926374815046074218116700649261474609375
-0.27740551554634063080584382987581193447113037109375
1.792172101489766244952761553577147424221038818359375
1.85957281661651308013460948131978511810302734375
2.04222973910225658045192176359705626964569091796875
1.02371418599867780585555010475218296051025390625
0.8129687046696900676323593870620243251323699951171875
-2.639458273973169344372990963165648281574249267578125
-3.84755205982940839959383083623833954334259033203125
0.817096430658729833140796472434885799884796142578125
1.03172371052554634474063277593813836574554443359375
3.863864025861926787541733574471436440944671630859375
-1.08620563176463758026102368603460490703582763671875
1.0069437115113142322542216788860969245433807373046875
-4.952298997569101857152418233454227447509765625
-0.939650750226781905638517855550162494182586669921875
3.087623150769054358733001208747737109661102294921875
3.1969401080021526695418287999927997589111328125
-0.27650662349329924172280925631639547646045684814453125
-4.3841219888263491810675986926071345806121826171875
2.948943566981263142423586032236926257610321044921875
-2.75791267821810937022064535995014011859893798828125
-1.9644216065166639761940814423724077641963958740234375
-0.1848238603527155021755135066996444948017597198486328125
1.035650476547794074377861761604435741901397705078125
-2.00849664981806252939122714451514184474945068359375
-0.56910049837943432748943450860679149627685546875
0.24970096239830719131447267500334419310092926025390625
-0.125550607492213750493448287670616991817951202392578125
1.77285339952483322889520422904752194881439208984375
-1.4443323413071651462047384484321810305118560791015625
4.50760595457014279219265517895109951496124267578125
-4.58418114966349410366319716558791697025299072265625
