-10.1070592978522295624088656040839850902557373046875
-11.297532904768257111527418601326644420623779296875
18.869710254766658863445627503097057342529296875
-20.67882146003119459010122227482497692108154296875
6.349230874418129388914167066104710102081298828125
15.1224240346851335203837152221240103244781494140625
-26.353722137634523647875539609231054782867431640625
-6.591358940284070655479808920063078403472900390625
10.7280388885134474463711740099824965000152587890625
13.7522322266499852361221201135776937007904052734375
-8.4566900936510283059988068998791277408599853515625
15.77856093903901779640364111401140689849853515625
13.538425233542273673492672969587147235870361328125
30.533084061105345341502470546402037143707275390625
-4.833333904150617144068746711127460002899169921875
22.7406801772832096730780904181301593780517578125
-20.35385279542017400444819941185414791107177734375
2.69527236791922586434111508424393832683563232421875
-12.4898644226959572023361033643595874309539794921875
0.3370894449960137873034682343131862580776214599609375
26.912889731548890637213844456709921360015869140625
10.9980992237662764665628856164403259754180908203125
12.78985778169799658599004033021628856658935546875
-14.3389106756433992728716475539840757846832275390625
17.214898512710309574913480901159346103668212890625
-3.935501186574416720986846485175192356109619140625
-23.47877399160083911056062788702547550201416015625
-17.655839822236583103176599252037703990936279296875
28.787792661007944872153530013747513294219970703125
-17.777796152668411622244093450717628002166748046875
5.31916290092494126184874403406865894794464111328125
11.8527102828276813539787326590158045291900634765625
8.752088871808492598347584134899079799652099609375
-12.8787025262466894304225206724368035793304443359375
31.234183925620680355450531351380050182342529296875
-29.8718731500926395483475062064826488494873046875
27.40493931824716611345138517208397388458251953125
-1.6262848422541988924194811261259019374847412109375
-5.52054607360779669988914974965155124664306640625
-21.80244398096598246183930314145982265472412109375
-13.4491232569622685133481354569084942340850830078125
23.792563368915494947941624559462070465087890625
-4.1197743295145112796262765186838805675506591796875
-7.06592248846590731403694007894955575466156005859375
-13.818212813458504939490012475289404392242431640625
25.3181068741503025876227184198796749114990234375
-10.645642570006028648776918998919427394866943359375
14.8551531734946564711208338849246501922607421875
-16.59936501450466295182195608504116535186767578125
25.4057079548905875299169565550982952117919921875
-7.29276430408918496794967722962610423564910888671875
-11.6944690023167385817259855684824287891387939453125
16.1965703805658307601333945058286190032958984375
12.476693761583167230355684296227991580963134765625
28.364008400167325163465648074634373188018798828125
29.5869540953420511186777730472385883331298828125
-6.88316977617160841163013174082152545452117919921875
26.2002687118392714182846248149871826171875
-25.337390637148356375973889953456819057464599609375
-2.178703923456109858847185023478232324123382568359375
-13.6315754947865297452835875446908175945281982421875
-26.5041898743488815171076566912233829498291015625
-30.906529600791873946263876860029995441436767578125
0.486725252561091614733612686904962174594402313232421875
22.070158843970990147909105871804058551788330078125
25.930150508778478268823164398781955242156982421875
-11.222294660427710510930410237051546573638916015625
-20.3568357540297171226484351791441440582275390625
2.878205021079047742915690832887776196002960205078125
-13.8862461491835400551053680828772485256195068359375
-15.9625566327698802382428766577504575252532958984375
-5.82344587886878795046641243970952928066253662109375
-17.45884578941971909671337925828993320465087890625
3.412886903787005987709335386171005666255950927734375
22.89116777225392951322646695189177989959716796875
19.337115237782427357160486280918121337890625
11.4833403916078591322502688854001462459564208984375
-13.8897724927156449581389097147621214389801025390625
-2.334089440322653086212767448159866034984588623046875
-25.26427084529579047966763027943670749664306640625
8.5023273393799314590069116093218326568603515625
-4.69096643791438072668142922339029610157012939453125
11.95515208229054593402906903065741062164306640625
-15.2068520209997313230587678845040500164031982421875
-2.033399379138900453511951127438805997371673583984375
20.33463597100121234007019666023552417755126953125
13.6780368459667958092040862538851797580718994140625
27.676726513464245726936496794223785400390625
-23.80421345196130999966044328175485134124755859375
-7.8083300246481766038186833611689507961273193359375
-28.19126394982841787850702530704438686370849609375
-5.18981672168542029766058476525358855724334716796875
-28.4184734800531231257991748861968517303466796875
25.340919654213731604386339313350617885589599609375
7.022735749963860740763266221620142459869384765625
2.694246574225456658524535669130273163318634033203125
-2.087105169004324967119146094773896038532257080078125
-17.176912124296979555992948007769882678985595703125
17.45078480885863569938010186888277530670166015625
-12.4612699163933751123067850130610167980194091796875
7.4305021545477760724907057010568678379058837890625
19.558842126555855855940535548143088817596435546875
6.23962192055072062402132360148243606090545654296875
14.4961846201939703604466558317653834819793701171875
-26.245365734853944417181992321275174617767333984375
14.9720904089924911062325918464921414852142333984375
28.1829946960772161901331855915486812591552734375
-17.463191592314604605462591280229389667510986328125
-13.3950700041207966251022298820316791534423828125
13.936294386002867184970455127768218517303466796875
2.85718117814957395239616744220256805419921875
-24.859734369116065266780424281023442745208740234375
11.615578687698796755967123317532241344451904296875
17.244660507845129160386932198889553546905517578125
8.4336684275802102916941294097341597080230712890625
11.3024237677574230787058695568703114986419677734375
-8.25855308978992042057143407873809337615966796875
1.0759620802040170683966380238416604697704315185546875
-2.582342834917950025186428320012055337429046630859375
-27.311141223193811100600214558653533458709716796875
9.590280834524694597575944499112665653228759765625
-4.86315232053876034257200444699265062808990478515625
-26.561490449308660544147642212919890880584716796875
23.369020678293122017521454836241900920867919921875
-4.8137528790328456551605995628051459789276123046875
0.058728751992339796317299516204002429731190204620361328125
-9.757085860928956577708959230221807956695556640625
-12.2698091971218108398034019046463072299957275390625
9.1747598272464667701342477812431752681732177734375
26.826907553254411453735883696936070919036865234375
-30.58715815718522890165331773459911346435546875
13.218980644020934533955369261093437671661376953125
1.1506254683790835269263652662630192935466766357421875
12.473923769475245393323348253034055233001708984375
10.284845144133431205091255833394825458526611328125
-19.109308266474574367066452396102249622344970703125
-12.7771738929386611260952122393064200878143310546875
12.7960393892299553186830962658859789371490478515625
-16.33241924607748529751916066743433475494384765625
-16.729730794327377196850648033432662487030029296875
8.5131057488610082373270415700972080230712890625
0.86981558156455218711045063173514790832996368408203125
-4.23261467880608055480706752859987318515777587890625
9.9817116579245190877145432750694453716278076171875
15.844868536650409396315808407962322235107421875
1.5517060136492355493231798391207121312618255615234375
-31.222229822944019161923279170878231525421142578125
0.037650474297811042934114311719895340502262115478515625
14.9070295073013294739894263329915702342987060546875
-23.722974306057974303030277951620519161224365234375
28.554672709760183124672039411962032318115234375
-6.54362790660916626706011811620555818080902099609375
-22.741991204056215991613498772494494915008544921875
-5.5806696574276575262274491251446306705474853515625
10.1419539097735960098134455620311200618743896484375
-10.1010905071015333334116803598590195178985595703125
-5.48882713667697874626583143253810703754425048828125
-24.324156619271089851963552064262330532073974609375
-20.5040467161511088534098234958946704864501953125
-30.322067442546359217203644220717251300811767578125
2.31021836245700029621730209328234195709228515625
-26.73375070742341819141074665822088718414306640625
-29.7499535114145174929944914765655994415283203125
29.02436892057686890211698482744395732879638671875
-17.8566773010546597788561484776437282562255859375
12.1279288741411210850174029474146664142608642578125
16.7770287460665343814980587922036647796630859375
-13.9691000581048303530451448750682175159454345703125
-19.03617255275224096067177015356719493865966796875
-0.26138522813380415943385060018044896423816680908203125
-22.1958226313648054883742588572204113006591796875
11.937875605638762266380581422708928585052490234375
12.58621604079772993145525106228888034820556640625
3.964296040833438450334824665333144366741180419921875
-4.1581238766456323219244950450956821441650390625
-15.953855315023044880717861815355718135833740234375
-21.91590674648551839709398336708545684814453125
5.90804269181733587856797385029494762420654296875
-17.63333401788262477793978177942335605621337890625
-22.18967967463114376869270927272737026214599609375
-10.321567371448953309709395398385822772979736328125
18.690145651525742920284756110049784183502197265625
-1.588420244267341185917530310689471662044525146484375
28.59191541203477981980540789663791656494140625
17.1998373796817674019621335901319980621337890625
9.336615477322748546384900691919028759002685546875
-29.26448187498414199581020511686801910400390625
-30.9645318629633408136214711703360080718994140625
-17.77039156911387607351571205072104930877685546875
9.37047101431455331521647167392075061798095703125
-16.151016851122268036533569102175533771514892578125
-20.69369648603844069612023304216563701629638671875
-10.6974133374065036861111366306431591510772705078125
10.4673217190540395193920630845241248607635498046875
-22.488857029307279589147583465091884136199951171875
-7.2084725016923538731816734070889651775360107421875
-27.573670802941091295679143513552844524383544921875
12.1387319998714193758360124775208532810211181640625
7.29971501259257404825575576978735625743865966796875
22.34125549513827735381710226647555828094482421875
-8.2142934686905402230649997363798320293426513671875
1.221957965173647853163174659130163490772247314453125
-16.9990383252190753182730986736714839935302734375
5.36166176606175692853639702661894261837005615234375
9.4310058780814234324907374684698879718780517578125
-24.564089415555468320917498203925788402557373046875
-10.940724956158870639910674071870744228363037109375
-1.9705399866504771377861970904632471501827239990234375
18.878077270355920092015367117710411548614501953125
30.403338454075463204162588226608932018280029296875
4.751971434294087970329201198183000087738037109375
-12.8663589673345892805400580982677638530731201171875
-12.804111385194122618713663541711866855621337890625
-25.337856331896883688159505254589021205902099609375
-18.6402750229065787834770162589848041534423828125
-5.66594018010418398745287049678154289722442626953125
1.195213051470229270734080273541621863842010498046875
9.3685430224897583428855796228162944316864013671875
-9.180542763247505178014762350358068943023681640625
3.75003738219160265288110167603008449077606201171875
-23.30297995492704643538672826252877712249755859375
-18.194806229023907206965304794721305370330810546875
-13.3491752778060490669531645835377275943756103515625
18.7973238196105825181803083978593349456787109375
20.876016723331982660738503909669816493988037109375
21.064977564624172146068303845822811126708984375
11.0301626871167428589615155942738056182861328125
-1.211807856354812695798273125546984374523162841796875
-7.61555032188857961017447451013140380382537841796875
16.381806524461733687303421902470290660858154296875
28.887007559899007702597373281605541706085205078125
-7.08074641851534014591607046895660459995269775390625
6.09589081058571569116111277253367006778717041015625
27.56758497902139737334437086246907711029052734375
-0.2805513752819823736217585974372923374176025390625
6.97763495466396221900140517391264438629150390625
21.39275919814622994863384519703686237335205078125
-21.673803452801376323577642324380576610565185546875
-1.5248252422631605185188163886778056621551513671875
-12.244956489412412992123790900222957134246826171875
7.86133388595165794043850837624631822109222412109375
24.78959805044717512600982445292174816131591796875
-18.1506423416122544267636840231716632843017578125
25.8714244451618213815891067497432231903076171875
3.312549921962678833864401894970797002315521240234375
-1.704860603492576398565461204270832240581512451171875
-18.1125421064998732845197082497179508209228515625
23.29068910565495542641656356863677501678466796875
0.2114161237562595940797649518572143279016017913818359375
-22.897999565240962027701243641786277294158935546875
-7.01875081119382482341961804195307195186614990234375
22.058607745618505902029937715269625186920166015625
-2.346635086688678928368290144135244190692901611328125
31.710024129504258638689861982129514217376708984375
12.0152111669558276929592466331087052822113037109375
12.8790900607366847196999515290372073650360107421875
-6.9217176601034946514801049488596618175506591796875
-30.9491433142713248116706381551921367645263671875
-10.5160549427676546230259191361255943775177001953125
15.064599014263393428336712531745433807373046875
-28.55740294563423731233342550694942474365234375
8.38630635511679400906359660439193248748779296875
7.49627596135886076211818362935446202754974365234375
-9.6974927671789021843551381607539951801300048828125
29.869570124138448363737552426755428314208984375
-29.20798660566028814855599193833768367767333984375
-31.56416669096218896584105095826089382171630859375
31.327610873405294711346869007684290409088134765625
-17.89703516869898436425501131452620029449462890625
13.49621632589212794073318946175277233123779296875
1.2382367899634534325059576076455414295196533203125
23.96589050722612768140606931410729885101318359375
-10.2163533769538883433369846898131072521209716796875
-20.8101957947819329319827375002205371856689453125
-15.69642827587771449771025800146162509918212890625
-10.2492569633820505003996004234068095684051513671875
-9.44206229241035543964244425296783447265625
-31.76878927589012135968005168251693248748779296875
2.304138810615918853130779098137281835079193115234375
-2.48862928066016220185474594472907483577728271484375
25.86060606667614791831510956399142742156982421875
12.655784767693919690145776257850229740142822265625
-9.436794893329334854570333845913410186767578125
18.921793214250680392751746694557368755340576171875
5.01903037372177163177866532350890338420867919921875
29.524340788231075549674642388708889484405517578125
18.470120561064259590011715772561728954315185546875
-11.3757837154939611679083100170828402042388916015625
29.064564889406089065460037090815603733062744140625
-5.16854371270663026649572202586568892002105712890625
8.6943285896483377683807702851481735706329345703125
-16.34881898113155074270252953283488750457763671875
-3.34361358080310200335816261940635740756988525390625
-31.1548936431132830193746485747396945953369140625
-23.08883222877177132659198832698166370391845703125
-14.796608416578539646479839575476944446563720703125
-20.045075183675894692214569658972322940826416015625
-7.0612133961951020211245122482068836688995361328125
26.26747622193084197306234273128211498260498046875
29.853948710214734063583819079212844371795654296875
-11.295693782119400339070125482976436614990234375
5.59878890761332836945030066999606788158416748046875
15.9230473408754225062011755653657019138336181640625
-28.61888847595280793711935984902083873748779296875
18.305729207305557082463565166108310222625732421875
-27.088153268163193132522792438976466655731201171875
-21.767005504135713778168792487122118473052978515625
3.034350760728633300544743178761564195156097412109375
-25.377774250681202516943812952376902103424072265625
-24.200717796343514720547318574972450733184814453125
-15.1485720612822891695259386324323713779449462890625
-23.0931987514166365826895344071090221405029296875
-3.083912805680085522652689178357832133769989013671875
10.11039482200518335730521357618272304534912109375
2.9375007500805505600283140665851533412933349609375
20.4098793100187805293899145908653736114501953125
-14.55550584736056407564319670200347900390625
-19.77996755896044334122052532620728015899658203125
-15.506210940134092624020922812633216381072998046875
21.35863596161915012316967477090656757354736328125
-24.079844433846925966236085514537990093231201171875
1.0449929463666356443951599430874921381473541259765625
-18.251557956170412211349685094319283962249755859375
-30.88884602203918205987065448425710201263427734375
9.07079248852790698265380342490971088409423828125
12.2705914345608579907320745405741035938262939453125
-23.52920102745260777510338812135159969329833984375
0.01021606087421250176616727145528784603811800479888916015625
10.9476483719400423666456845239736139774322509765625
-0.56509639087797636225474207094521261751651763916015625
23.176593012208655864014872349798679351806640625
-29.23777119999240170500343083404004573822021484375
23.542308771861083727117147645913064479827880859375
10.0946321767754358944557679933495819568634033203125
15.776782214129951853465172462165355682373046875
-1.0830771872311368841934609008603729307651519775390625
1.0859213483321195070629983092658221721649169921875
2.8061432788984017605571352760307490825653076171875
4.82330648721277466250967336236499249935150146484375
11.8919757077950674073463233071379363536834716796875
-11.8719876885319255421791240223683416843414306640625
-21.497572521985038207503748708404600620269775390625
20.170539739180515681482575018890202045440673828125
23.011109517813878255765303038060665130615234375
-6.17693347454224106485298761981539428234100341796875
19.757089187982902700468912371434271335601806640625
26.79480407694874344315394409932196140289306640625
-13.03770275413246082507612300105392932891845703125
10.142791950878500273347526672296226024627685546875
-27.31437772313534395607348415069282054901123046875
-1.8761372933644866467517431374290026724338531494140625
-27.683308385638934367989349993877112865447998046875
24.258681842476963907984099932946264743804931640625
2.539384620395242819768100162036716938018798828125
-28.559697275547389239136464311741292476654052734375
-22.1534647108008897475883713923394680023193359375
-12.797520516628896558586347964592278003692626953125
20.564077508976698283049699966795742511749267578125
18.837528971694826651628318359144032001495361328125
10.1673286118526728927236035815440118312835693359375
23.59792971168072739374110824428498744964599609375
30.131318821163358023795808549039065837860107421875
-11.841987735764991640508014825172722339630126953125
-0.83106034770142700462969287400483153760433197021484375
15.06842063597037650879428838379681110382080078125
-22.095723677161462461526753031648695468902587890625
1.6877199572064929267156685455120168626308441162109375
-27.490767529552112335977653856389224529266357421875
-18.455501197004725355554910493083298206329345703125
5.53792615838664747940356392064131796360015869140625
14.5184944268346942664038579096086323261260986328125
-6.94286273994871461212596841505728662014007568359375
8.0639458995884840675216764793731272220611572265625
-7.41022251838481960106719270697794854640960693359375
2.849206581583910047328345171990804374217987060546875
-14.6594270726886275468814346822910010814666748046875
-7.5237855260973187654371940880082547664642333984375
-11.3574085854044088961245506652630865573883056640625
-31.47494014781995019802707247436046600341796875
-22.32264334349514456334873102605342864990234375
2.311307289176542045794349178322590887546539306640625
28.98002058184054163803011761046946048736572265625
-3.811012242466230048876241198740899562835693359375
10.5971968200968884588064611307345330715179443359375
15.8832110640643318077991352765820920467376708984375
-22.432949623574671704773209057748317718505859375
29.957480751354541581576995668001472949981689453125
7.25259439693209539967710952623747289180755615234375
31.34283137168586819143456523306667804718017578125
-5.5291252496787794967758600250817835330963134765625
-15.9952303769533354937948388396762311458587646484375
4.78019863932838706688244201359339058399200439453125
-3.2529190937898864177668656338937580585479736328125
19.985879302237503196693069185130298137664794921875
-21.69488552433856654033661470748484134674072265625
11.9259020875396171135207623592577874660491943359375
6.22987898331344691627009524381719529628753662109375
-1.5144805211002132505626605052384547889232635498046875
-2.3015938482624704874979215674102306365966796875
-24.202549476829563701585357193835079669952392578125
5.5408900426597380572957263211719691753387451171875
-15.312054819824620466306441812776029109954833984375
-25.72681197910419115260083344765007495880126953125
18.701883340240431863321646233089268207550048828125
2.313532231581476583670564650674350559711456298828125
-12.3853756860995698474425807944498956203460693359375
28.03200084258789814839474274776875972747802734375
22.858211598004007925055702798999845981597900390625
15.7450771155420614633158038486726582050323486328125
-12.6913001752786467335454290150664746761322021484375
-7.77270910893207389591452738386578857898712158203125
-19.12198049603168925614227191545069217681884765625
21.9090181592121240328197018243372440338134765625
-29.506825022573384131874263403005897998809814453125
-16.33498421546163825723851914517581462860107421875
-10.2064326113368935011749272234737873077392578125
3.5944707154803499093986829393543303012847900390625
-19.65446059147532054112161858938634395599365234375
-3.808769296945746507532248870120383799076080322265625
31.498723137486859258160620811395347118377685546875
25.519479933900239387867259210906922817230224609375
-12.599796568936337592958807363174855709075927734375
-11.432212942185369541903128265403211116790771484375
-15.091279046236731886665438651107251644134521484375
15.899446818640594614180372445844113826751708984375
7.1546689828039813363602661411277949810028076171875
7.29098678379384779191241250373423099517822265625
8.444559709449311668549853493459522724151611328125
-0.1331914925800226356944477856814046390354633331298828125
-5.56775341406610113637043468770571053028106689453125
9.024641990363296173427443136461079120635986328125
-20.825649892484353387089868192560970783233642578125
-27.179673080743906865563985775224864482879638671875
17.904655323477552286703939898870885372161865234375
-5.7052027328051249099871711223386228084564208984375
11.13519892679459388773466343991458415985107421875
2.624031534701165124801036654389463365077972412109375
-24.750435291744363297539166524074971675872802734375
-21.21687698757174445063355960883200168609619140625
22.4539890427341930490001686848700046539306640625
16.612729732826085893293566186912357807159423828125
-5.7741896042251088516650270321406424045562744140625
20.1318819744911507996221189387142658233642578125
-12.218056283692124708295523305423557758331298828125
0.325174878682300938503857423711451701819896697998046875
-21.285184792854266788708628155291080474853515625
-25.1602436088598579999597859568893909454345703125
-26.1616355722920417292698402889072895050048828125
-22.833463992817531362788940896280109882354736328125
26.400124276406192080912660458125174045562744140625
-11.822345523965122282561424071900546550750732421875
19.849850273412148027318835374899208545684814453125
-5.4970364333493844100075875758193433284759521484375
11.43715789360974355304279015399515628814697265625
13.0067961156696423330458856071345508098602294921875
-10.73018697608470262139235273934900760650634765625
16.9529744469920160554465837776660919189453125
5.36800600943059436076509882695972919464111328125
-15.205428458644721700920854345895349979400634765625
20.095024675809600722686809604056179523468017578125
-10.1522796820145213558816976728849112987518310546875
-2.74132507865403329816444966127164661884307861328125
8.150034065044497566532299970276653766632080078125
-13.4744963503728474307763463002629578113555908203125
-1.31626809933394728346911506378091871738433837890625
-29.39828764407481997977811261080205440521240234375
19.773088010006699022369502927176654338836669921875
-9.0089733425270157596287390333600342273712158203125
21.5867609576034595875171362422406673431396484375
19.09854424332436195754780783317983150482177734375
-0.409125958867221417580850584272411651909351348876953125
-0.366530607732717061963967353221960365772247314453125
20.581708334917511393769018468447029590606689453125
-0.82290199482057657665023953086347319185733795166015625
-7.79922934638427900466695064096711575984954833984375
7.3883372058193419462668316555209457874298095703125
-0.446848681361338984086017944719060324132442474365234375
-14.1314998580597670496672435547225177288055419921875
16.476681605316695566898488323204219341278076171875
-28.85496949774097430463370983488857746124267578125
-28.22070061586681077869798173196613788604736328125
5.02241270498310399261754355393350124359130859375
2.2971314923369039462386353989131748676300048828125
11.6392617134333278272606548853218555450439453125
1.178146828508088272968734599999152123928070068359375
-24.036284320194400976333781727589666843414306640625
-4.005289114186947330153998336754739284515380859375
-17.356063129020977697791749960742890834808349609375
-12.8994025097809466018361490569077432155609130859375
1.5000675229012931932714991489774547517299652099609375
-8.97776852395787727800779975950717926025390625
-19.60122251264357373656821437180042266845703125
-11.45845455387433986516043660230934619903564453125
-15.779262597785059796251516672782599925994873046875
-12.689863375138163092969989520497620105743408203125
-11.596462388787958985858494997955858707427978515625
-24.745714580711332786222556023858487606048583984375
-6.8705452430787605777595672407187521457672119140625
-12.2656307406202085275026547606103122234344482421875
-23.186719917581246619420198840089142322540283203125
11.4988382125225623298092614277265965938568115234375
-2.469627124332506529214015245088376104831695556640625
-17.276979922189664051757063134573400020599365234375
-25.41793296303024618509880383498966693878173828125
-6.197443135242227896242184215225279331207275390625
6.6090374561855877999505537445656955242156982421875
2.2843301647774314488970048842020332813262939453125
-8.4324876467208884633919296902604401111602783203125
8.410469797472472919253050349652767181396484375
-7.4529287611257561962929685250855982303619384765625
0.016300339106346546647063888713091728277504444122314453125
-1.0594074579177255035489224610500968992710113525390625
2.59876411112571314987462756107561290264129638671875
-30.9192310844302795658222748897969722747802734375
11.4760637408371177770050053368322551250457763671875
21.924772342321436013889979221858084201812744140625
-16.72996955654982542682773782871663570404052734375
-0.6392678086194656383867140903021208941936492919921875
-4.77672897570649812593046590336598455905914306640625
-5.62707267264544785945190596976317465305328369140625
-8.1356314779404552695041275001130998134613037109375
-14.178378995842020771078750840388238430023193359375
-23.661891493673113728846146841533482074737548828125
-1.72628908809469816532100594486109912395477294921875
-0.464396654935841535216667352869990281760692596435546875
19.6139969961107709650605102069675922393798828125
-5.9134312836803335500235334620811045169830322265625
-30.805851396386547236261321813799440860748291015625
-22.6414796801244193602542509324848651885986328125
0.8038838514301309690068819691077806055545806884765625
-30.030634405182581758708693087100982666015625
-13.3412726388955586998008584487251937389373779296875
-0.242393250773155710664497064499300904572010040283203125
-10.7200559301919025045890521141700446605682373046875
-20.75441806346780282410691143013536930084228515625
-3.564258895682647310110269245342351496219635009765625
-16.879643436170919557071101735346019268035888671875
29.270280677397092716773840948008000850677490234375
-11.472285539187762282153926207683980464935302734375
3.446603802032579988434690676513127982616424560546875
5.303537376766737310163080110214650630950927734375
3.37884920106055997024441239773295819759368896484375
-29.75237118780687950447827461175620555877685546875
-29.746403126114078219188741059042513370513916015625
-24.19185624974459614122679340653121471405029296875
15.0026123679265435129082106868736445903778076171875
17.731709319301192095963415340520441532135009765625
-11.2603113113789365939965136931277811527252197265625
3.623039050216137813009709134348668158054351806640625
-29.766658151608094584616992506198585033416748046875
20.882491373083080787864673766307532787322998046875
-16.960960318484392672644389676861464977264404296875
26.463620342077586400364452856592833995819091796875
-16.94839643576285226345135015435516834259033203125
-27.94289758544349666635753237642347812652587890625
16.365377783794063049072065041400492191314697265625
-19.138499985879843023894864018075168132781982421875
22.57750848643448904340402805246412754058837890625
-27.96343637000787651913924491964280605316162109375
18.022349828829334228430525399744510650634765625
-4.3818583099608847675199285731650888919830322265625
-19.17449121625950425595874548889696598052978515625
13.230452499234974794717345503158867359161376953125
29.040954628615253341195057146251201629638671875
5.70059854963984236064789001829922199249267578125
18.874369579950073472218718961812555789947509765625
23.048945894566838177297540823929011821746826171875
-25.145341416448676596928635262884199619293212890625
6.5816141730736621440200906363315880298614501953125
5.22371842935044572442393473465926945209503173828125
-15.1455873408280421443805607850663363933563232421875
-9.8137200258742485203811156679876148700714111328125
25.3690895210814915117225609719753265380859375
4.4105194274728827252829432836733758449554443359375
12.3918984843850541466281356406398117542266845703125
25.640436379440924241635002545081079006195068359375
-2.95626329963898104580266590346582233905792236328125
-19.747813278564290584426998975686728954315185546875
17.2005245147310432685117120854556560516357421875
30.673012569209884503607099759392440319061279296875
-31.555765992163674837911457871086895465850830078125
-24.872928650000215355930777150206267833709716796875
3.604260748042501294463590966188348829746246337890625
23.98489969225961004894998040981590747833251953125
19.46924522203917007345808087848126888275146484375
8.6381407876605056372909530182369053363800048828125
17.609260537595588402837165631353855133056640625
-24.468591838580291408788980334065854549407958984375
17.141381133734430619597333134151995182037353515625
-3.612947567139054516616170076304115355014801025390625
5.29979882771396315632728146738372743129730224609375
-20.336205211851979157700043288059532642364501953125
19.263361875832089253890444524586200714111328125
-21.964715920295731166334007866680622100830078125
18.430391172298822510811078245751559734344482421875
-12.617504919370954752366742468439042568206787109375
29.554704795294441055375500582158565521240234375
4.72757860102852678352292059571482241153717041015625
7.0992077074154007476636252249591052532196044921875
16.074915670449083648918531253002583980560302734375
15.671713367118453419379875413142144680023193359375
-11.2848474909813223376886526239104568958282470703125
-10.6061060538851190671039148583076894283294677734375
-11.2654460942702687731298283324576914310455322265625
-3.569931401541951654365902868448756635189056396484375
-12.791918038262050316689055762253701686859130859375
-7.2591942170409620160853592096827924251556396484375
-1.7906596512512347185719363551470451056957244873046875
-8.0408821916472472679515703930519521236419677734375
-23.143544690877408953610938624478876590728759765625
-20.769268626332657134980763657949864864349365234375
-2.22767403822629006526767625473439693450927734375
-3.08145325070463371730511425994336605072021484375
-25.913005098525932368147550732828676700592041015625
17.580519261485381576903819222934544086456298828125
-30.57494275733677824291589786298573017120361328125
14.56923131117429903724769246764481067657470703125
-4.36591374013451893887349797296337783336639404296875
14.49690771784137410804760293103754520416259765625
-5.6385499591730336987893679179251194000244140625
-10.9947686640572701577411862672306597232818603515625
24.51936388072271455484951729886233806610107421875
-23.793048865257400592554404283873736858367919921875
-30.415551433447177487323642708361148834228515625
26.372087881203611914315843023359775543212890625
-21.113006132303514306158831459470093250274658203125
19.454174748324188470860462985001504421234130859375
25.025897541240265553597055259160697460174560546875
-29.57437311505015031798393465578556060791015625
-16.356138893089724462015510653145611286163330078125
23.8666757915292038205734570510685443878173828125
-13.6976712031890404119849335984326899051666259765625
-17.668937707622351496183910057879984378814697265625
23.4498761645278364085243083536624908447265625
-23.61114270463006192812827066518366336822509765625
19.962393036956239456003459054045379161834716796875
10.47790060887682983548074844293296337127685546875
-21.1614999303346706938100396655499935150146484375
10.4254183075155122395472062635235488414764404296875
8.413663321742614442655394668690860271453857421875
20.420351267039553277982122381217777729034423828125
9.5262608552231764491580179310403764247894287109375
2.2745328814694278918295822222717106342315673828125
18.00604005645703864502138458192348480224609375
-29.26134194699142199169727973639965057373046875
20.415426919107769521133377566002309322357177734375
-20.887999966011019381539881578646600246429443359375
-28.69422367366284021272804238833487033843994140625
-14.449630531702840841035140329040586948394775390625
-12.870254498100802464932712609879672527313232421875
5.57893780606438127733781584538519382476806640625
18.91864682308986544967410736717283725738525390625
-28.6626366490483377447162638418376445770263671875
-3.117813498923129866824410783010534942150115966796875
25.883013343799451178028903086669743061065673828125
-3.15606258185066312904609731049276888370513916015625
12.9484689892317561543677584268152713775634765625
-30.1330027567630764906425611115992069244384765625
4.5280604631790737357732723467051982879638671875
-13.836622517642904739432196947745978832244873046875
8.927730126796955545387390884570777416229248046875
18.701097684164157186614829697646200656890869140625
3.22479036549402398037500461214222013950347900390625
-26.5711658680962869993891217745840549468994140625
-6.66751821649670706193546720896847546100616455078125
-17.4367461106365198020284879021346569061279296875
11.0456459234900403743040442350320518016815185546875
-8.126925408081074664323750766925513744354248046875
-28.108266052666341039412145619280636310577392578125
-5.77841039338826600868515015463344752788543701171875
-6.874374044483896994961469317786395549774169921875
3.550176083902604862174712252453900873661041259765625
-7.57842234710317708135107750422321259975433349609375
-23.3971337351130586057479376904666423797607421875
6.1957368204547247358959793928079307079315185546875
-11.4222096643128221415963707841001451015472412109375
-21.61583138451080543518401100300252437591552734375
27.217680735763195798426750116050243377685546875
0.9717562578131602180064874119125306606292724609375
9.6752606056091270403385351528413593769073486328125
13.0437881436055249650962650775909423828125
-22.32473713620458255491030286066234111785888671875
10.615798013979645730842094053514301776885986328125
30.332615270456329881199053488671779632568359375
17.36727812190886055532246246002614498138427734375
-11.82188383644999163379907258786261081695556640625
-22.177017297031223819203660241328179836273193359375
2.274269383177176973021005323971621692180633544921875
27.48382333652644859967040247283875942230224609375
-12.1673829041855743327005257015116512775421142578125
-8.7272836843217387325921663432382047176361083984375
-19.87128943549289061820672941394150257110595703125
18.245148400437255276074210996739566326141357421875
-5.4948604024727369932179499301128089427947998046875
-24.51342544344373663989244960248470306396484375
5.4086843312714467657542627421207726001739501953125
-29.095041782599910362705486477352678775787353515625
20.96340780862698949249534052796661853790283203125
6.22294337420869236865428320015780627727508544921875
-25.197604284163816146246972493827342987060546875
15.8832581811295927565197416697628796100616455078125
15.4072772744265922284512271289713680744171142578125
-27.650991924502857699508240330033004283905029296875
-26.18159116453680468339371145702898502349853515625
1.0595141238161718266752586714574135839939117431640625
20.517562442884116791219639708288013935089111328125
26.96047761050281366124181658960878849029541015625
-4.317457857101754115092262509278953075408935546875
1.6850355850406069091462768483324907720088958740234375
16.56548507831706729120924137532711029052734375
14.3694460766945528717997149215079843997955322265625
-12.32461027902412098455897648818790912628173828125
25.43261762244387824694058508612215518951416015625
-0.6661609090834537116876390427933074533939361572265625
-0.288817978637446237666352999440277926623821258544921875
-5.828423913135356571046941098757088184356689453125
3.91222707933597835250338903279043734073638916015625
25.820764739326715897504982422105967998504638671875
-31.99952469225227247306975186802446842193603515625
-31.791090108268445391104251029901206493377685546875
-3.36933499533230662592586668324656784534454345703125
6.18512923285313842569621556322090327739715576171875
-30.0269427331681555415343609638512134552001953125
21.13573044879316142896641395054757595062255859375
-3.2233690491706283864914439618587493896484375
-12.26079105573082728142253472469747066497802734375
-8.5527740768078341915270357276313006877899169921875
2.627677633636520848625650614849291741847991943359375
-21.124159009204532821968314237892627716064453125
-16.029826443396046897760243155062198638916015625
-15.379630545026980570355590316466987133026123046875
17.92120883454322921579660032875835895538330078125
8.39651061825990296938471146859228610992431640625
-11.5092982051758330186430612229742109775543212890625
13.7290170446953965210923342965543270111083984375
-7.99240264056445059992483948008157312870025634765625
-8.8311373264817394357351076905615627765655517578125
6.82334265182841459562723684939555823802947998046875
-22.352360015571623108598942053504288196563720703125
7.532186250653719383763018413446843624114990234375
-14.4462134873560916759061001357622444629669189453125
-6.5472748500101243251947380485944449901580810546875
-9.0081911832702470377398640266619622707366943359375
-30.923680380430738523500622250139713287353515625
18.40051410275422227869057678617537021636962890625
-2.484578813527196228250204512733034789562225341796875
22.176315423675294624672460486181080341339111328125
-9.16503156227624771190676256082952022552490234375
-16.859346981066909876290083047933876514434814453125
-23.436678520826117022579637705348432064056396484375
16.42835450397544860834386781789362430572509765625
-6.3615289458741273165287566371262073516845703125
-3.204124961046737052328126083011738955974578857421875
17.25016302633408571409745491109788417816162109375
11.9419224205509184599804939352907240390777587890625
-8.9113865383127492947323844418860971927642822265625
4.77140800515014262828117352910339832305908203125
20.71146611978927154495977447368204593658447265625
19.042348948498545979646223713643848896026611328125
1.3901529754053143506098422221839427947998046875
-21.84478551780537003423887654207646846771240234375
-8.1339510954317919555478511028923094272613525390625
-14.03641862376546356472317711450159549713134765625
-2.494981738449169039739672371069900691509246826171875
-12.385597896789303007381022325716912746429443359375
28.1944980583414093189276172779500484466552734375
-13.30790952062850607262589619494974613189697265625
22.66031748517155364197606104426085948944091796875
-9.3328292298003017180008100694976747035980224609375
26.20640662599422654466252424754202365875244140625
-27.434091143037395710280179628171026706695556640625
2.73894839099775833091143795172683894634246826171875
-18.835788521652698790376234683208167552947998046875
-27.02297412935015330504029407165944576263427734375
-3.231652610294192040640837149112485349178314208984375
0.34261451763857098118393196273245848715305328369140625
15.772251379602682419545089942403137683868408203125
-15.389095017711557744632955291308462619781494140625
-30.933874564643847548950361669994890689849853515625
3.511337477949472596350233288831077516078948974609375
13.2538818101388500281245796941220760345458984375
-6.52582386773616551778331995592452585697174072265625
1.342295333690773251333894222625531256198883056640625
-7.1596694458852656595126973115839064121246337890625
5.81585905930120361517765559256076812744140625
-20.282210543174247874276261427439749240875244140625
21.214365332327787427857401780784130096435546875
-16.123531141890122597715162555687129497528076171875
-5.21284609514352670345260776230134069919586181640625
5.94108084139181347183011894230730831623077392578125
9.0054546931270209597641951404511928558349609375
-8.2099212518582334041639114730060100555419921875
-6.42921897049020341086134067154489457607269287109375
-2.70563951123743695603707237751223146915435791015625
-0.9237927467127355907194896644796244800090789794921875
-19.0525510609253387883654795587062835693359375
8.6947046468978168576313692028634250164031982421875
25.478068937044387354262653389014303684234619140625
-7.70956255759860642484682102804072201251983642578125
-21.6005356604533886866192915476858615875244140625
3.42538758548729216357742188847623765468597412109375
3.952947223666312570600211984128691256046295166015625
-3.97215807101471707341033834381960332393646240234375
27.979857765121064261393257766030728816986083984375
8.5737656335671683649479746236465871334075927734375
20.630997738853640299794278689660131931304931640625
6.1251609364509231880902007105760276317596435546875
20.586369391650020332917847554199397563934326171875
-18.975297137427332927472889423370361328125
29.4081250304310657384121441282331943511962890625
-6.87706525949001701292218058370053768157958984375
13.7648952124742010028057848103344440460205078125
-5.54372772460806206851202659890986979007720947265625
-12.36246682097959848078971845097839832305908203125
11.6297832276871559997744043357670307159423828125
-18.85761640620425083625377737917006015777587890625
-28.31455753550971365939403767697513103485107421875
-25.582573294173673872364815906621515750885009765625
6.0283136998778150683619969640858471393585205078125
7.95701608671237448078272791462950408458709716796875
-20.240242374206758313448517583310604095458984375
-7.81633926623595431948388068121857941150665283203125
-5.28037956063287960972729706554673612117767333984375
9.4316056253626499028541729785501956939697265625
25.7832051974979918895769515074789524078369140625
-29.127880486371150681179642560891807079315185546875
5.65853552129630799072401714511215686798095703125
-8.5675034099796949504934673313982784748077392578125
23.686742763310387971387172001414000988006591796875
21.43560267301978683462948538362979888916015625
19.452016530057040455403694068081676959991455078125
6.98473639944755664288322805077768862247467041015625
25.945737251101039788636626326479017734527587890625
9.8187768063100318016722667380236089229583740234375
12.12959903508934900173699134029448032379150390625
1.1751872685732747125797459375462494790554046630859375
-11.7935227551108869903373488341458141803741455078125
20.76656581895785080860150628723204135894775390625
4.7585583181690775944616689230315387248992919921875
-22.160183153809153822066946304403245449066162109375
11.78623359068705411800692672841250896453857421875
29.457009850065883682646017405204474925994873046875
1.128328039240472424609151858021505177021026611328125
-1.891927720722288430721391705446876585483551025390625
2.93743213016013537952630940708331763744354248046875
13.7264167451231404726286200457252562046051025390625
20.77516328087349251063642441295087337493896484375
-25.6517798235929461725390865467488765716552734375
10.3215446493783939985178221832029521465301513671875
9.61159341826938629083088017068803310394287109375
3.3851248178228132701406138949096202850341796875
-0.6822727178204919251669480217969976365566253662109375
16.847561929065125951865411479957401752471923828125
19.8189547719237708633954753167927265167236328125
23.019950044505623765189739060588181018829345703125
-3.72810518506453991705029693548567593097686767578125
-19.4148890290719720042034168727695941925048828125
4.90939388104370255661024202709086239337921142578125
-22.699390986038348927422703127376735210418701171875
12.2970368268401575306825179723091423511505126953125
-3.031732997501812132412624123389832675457000732421875
9.44672641854611327971724676899611949920654296875
-31.792114536575343919366787304170429706573486328125
-31.652327981607246698558810749091207981109619140625
6.67148137844708610799671077984385192394256591796875
-2.058962723771184943899470454198308289051055908203125
5.1943455855392191011787872412241995334625244140625
10.8228738092436032047771732322871685028076171875
26.3876583224307950104048359207808971405029296875
21.223853045926500016093996237032115459442138671875
-25.770569574723367622937075793743133544921875
-14.8613552146611507254192474647425115108489990234375
14.236059578509060230544491787441074848175048828125
31.690732331188915082975654513575136661529541015625
13.00534169277653262497551622800529003143310546875
-13.83576252357233471457220730371773242950439453125
-18.71794384808432454292415059171617031097412109375
19.1812725345094605700069223530590534210205078125
19.202458184864521939516635029576718807220458984375
1.7895548673222452240594293471076525747776031494140625
20.885017362836055809793833759613335132598876953125
17.9258390658507522630316088907420635223388671875
-8.465892055592771470173829584382474422454833984375
-19.189081942738543062887401902116835117340087890625
24.277097848263981205718664568848907947540283203125
-31.313898278039882683287942199967801570892333984375
1.646542134312935612427963860682211816310882568359375
-0.5523029228718361327565844476339407265186309814453125
3.348335419090718634294034927734173834323883056640625
4.2982953571206277132432660437189042568206787109375
-29.90116843195125539978107553906738758087158203125
24.714193936330556056191198877058923244476318359375
-2.857909683224192587402967546950094401836395263671875
7.788967218924529589685334940440952777862548828125
-19.125176776950741697191915591247379779815673828125
18.9058098561061314057951676659286022186279296875
0.89100892940724973900756822331459261476993560791015625
19.367003152697019885408735717646777629852294921875
-25.43902490621326961672821198590099811553955078125
10.356231196668925775838943081907927989959716796875
30.361305014265258961358995293267071247100830078125
25.839770321456061452636276953853666782379150390625
-20.10819262435301624236672068946063518524169921875
-8.4501609518477049931561850826255977153778076171875
-20.701104578239057474320361507125198841094970703125
20.59052505208921246548925410024821758270263671875
31.343516519144881016245562932454049587249755859375
21.164980379103866425793967209756374359130859375
3.514279662414808935722021487890742719173431396484375
12.72261517101822647646258701570332050323486328125
18.422301284300818480232919682748615741729736328125
-27.66425397893265625270942109636962413787841796875
-8.9708171389129258699313140823505818843841552734375
4.51252543423740082317863198113627731800079345703125
-0.92704622493995503251795753385522402822971343994140625
11.3418431568438062839732083375565707683563232421875
-22.231105175575777366248075850307941436767578125
-1.061616421475733762491699962993152439594268798828125
21.60510802921209716487283003516495227813720703125
22.20416021470901313250578823499381542205810546875
2.633059052006144984403590569854713976383209228515625
4.18082067729418671575558619224466383457183837890625
21.454180635670301313666641362942755222320556640625
-11.8012083863007877226891650934703648090362548828125
19.955541920846155079516393016092479228973388671875
-10.8515858102702491549962360295467078685760498046875
-17.8679067511263411915933829732239246368408203125
8.4031893428222357300683142966590821743011474609375
16.323721754193794453158261603675782680511474609375
10.0664758153348881108968271291814744472503662109375
27.722316102564153794673984521068632602691650390625
1.7285754112288025385879564055358059704303741455078125
20.264576421527426219881817814894020557403564453125
9.6718700784176743212583460262976586818695068359375
15.193016631581873099321455811150372028350830078125
-3.045533409286668824478283568168990314006805419921875
27.94421966440111049223560257814824581146240234375
4.40414153459748991537026086007244884967803955078125
22.361456587496807202342097298242151737213134765625
-17.923510010233524525347093003802001476287841796875
-23.461052334562840115950166364200413227081298828125
-22.702973149228707683278116746805608272552490234375
16.4656893708660305719604366458952426910400390625
-22.569348953261624046717770397663116455078125
0.754579264563078222494141300558112561702728271484375
20.823304898299216603163586114533245563507080078125
19.251401097207054391446945373900234699249267578125
26.7017483222165736833630944602191448211669921875
11.884963944286074166711841826327145099639892578125
-1.904605534281004874941345406114123761653900146484375
26.125076913108120635342856985516846179962158203125
-3.90629739864035752106019572238437831401824951171875
-10.7937453855501761523782988660968840122222900390625
5.03156580284714660677991560078226029872894287109375
-2.205392746777744772401774753234349191188812255859375
19.395159831904368985533437808044254779815673828125
12.9168188983113498835564314504154026508331298828125
-11.38925432408858995358968968503177165985107421875
24.27856458918351023612558492459356784820556640625
28.579290550168980900025417213328182697296142578125
2.12265987374770670470525146811269223690032958984375
-11.9236212918961026474562459043227136135101318359375
-4.476440726654313806420759647153317928314208984375
-22.564926075680194372807818581350147724151611328125
-5.86373667024505085265673187677748501300811767578125
26.845989228002704152231672196649014949798583984375
-23.496413280272800960801760083995759487152099609375
-22.73319024721083536633159383200109004974365234375
5.732566354332735869547832407988607883453369140625
12.558777136231189075488146045245230197906494140625
10.82901776906248159093593130819499492645263671875
-15.3442814812115528866343083791434764862060546875
-6.76737605964298172267490372178144752979278564453125
3.33470809461386696881390889757312834262847900390625
-0.0927886731862891112054825271115987561643123626708984375
24.889102358385226665404843515716493129730224609375
6.59081563517565793830499387695454061031341552734375
-25.7269179761777166959291207604110240936279296875
5.9761721161558565285076838335953652858734130859375
17.72234767192076532182909431867301464080810546875
-28.3790223025647492249845527112483978271484375
-9.7683541984056123652635506005026400089263916015625
-3.698473640365560033416159058106131851673126220703125
2.876897609403834987773507236852310597896575927734375
24.379404477185854460685732192359864711761474609375
17.728085762313643414245234453119337558746337890625
-5.2505158170668426720339994062669575214385986328125
0.63777775069316311462586099878535605967044830322265625
-11.32977260577045086620273650623857975006103515625
-2.99977603824934124787660039146430790424346923828125
-31.88577128138856409123036428354680538177490234375
8.9361029871262491752759160590358078479766845703125
-23.869192485546790294392849318683147430419921875
-8.1852610152263576281939094769768416881561279296875
5.28416044233543669150776622700504958629608154296875
28.342709310519040855069761164486408233642578125
8.261149977433806412818739772774279117584228515625
24.90088262732933088727804715745151042938232421875
18.84943392264552386450304766185581684112548828125
10.7454880082289871978673545527271926403045654296875
