14.1671006829252039693756159977056086063385009765625
-80.889499232936799444360076449811458587646484375
-53.0674892655563468224499956704676151275634765625
-62.72798374699350887340187910012900829315185546875
-79.086811741447633039570064283907413482666015625
-51.5894042420739964427411905489861965179443359375
-51.1403151568095921675194404087960720062255859375
14.7606632688045191770243036444298923015594482421875
-50.969824329143051500068395398557186126708984375
-74.0375830201343632097632507793605327606201171875
5.702440975914750964648192166350781917572021484375
-88.8696588976427648276512627489864826202392578125
-55.449596799283170867056469433009624481201171875
22.32327637584075574750386294908821582794189453125
56.9835902781696717056547640822827816009521484375
-86.0905171148597219143994152545928955078125
43.1001069354927182075698510743677616119384765625
-65.7860847043438781156510231085121631622314453125
-12.57311703950723114076026831753551959991455078125
-5.49125407589786984630109145655296742916107177734375
51.776687974428824645656277425587177276611328125
25.98707547312343280054847127757966518402099609375
93.9450649264030488438947941176593303680419921875
-23.726188775657877982894206070341169834136962890625
-44.82657011042956440860507427714765071868896484375
-80.9548933077767145505276857875287532806396484375
-16.185636018811866421174272545613348484039306640625
-58.9229300914636411334868171252310276031494140625
14.4786161443595080555724052828736603260040283203125
-70.700519928234854205584269948303699493408203125
30.428065375664321123849731520749628543853759765625
-5.26420946307859427548692110576666891574859619140625
73.731988449278645703088841401040554046630859375
10.7533986907733645210782924550585448741912841796875
2.249960140512483608432603432447649538516998291015625
22.2266256792472631786949932575225830078125
56.95428274684900316060520708560943603515625
38.1404247115907537590828724205493927001953125
46.33500043743066498791449703276157379150390625
-34.07295955083708349775406531989574432373046875
7.278404303558520638262052671052515506744384765625
90.4849834384493618699707440100610256195068359375
70.744768512523165782113210298120975494384765625
-44.11831212351771824842217029072344303131103515625
70.039097053607491716320510022342205047607421875
-39.59107669993203870717479730956256389617919921875
-31.32146032890866393927353783510625362396240234375
-9.7017974120443621899312347522936761379241943359375
45.71101604471021317976919817738234996795654296875
91.3074568519485154638459789566695690155029296875
62.22368135258539467713490012101829051971435546875
-26.68683502768534054894189466722309589385986328125
26.24313654176564369890911621041595935821533203125
21.149221950831094574141388875432312488555908203125
16.69177609887253055376277188770473003387451171875
57.39973594068163009751515346579253673553466796875
-9.0573884523953864800205337814986705780029296875
7.916356587427859636818539001978933811187744140625
27.884918099618200670875012292526662349700927734375
6.5583859348966058178120874799787998199462890625
77.591675093921224970472394488751888275146484375
46.9443810392036766643286682665348052978515625
79.5741823594135411212846520356833934783935546875
-7.04471136831770383679440783453173935413360595703125
36.5875904813857601993731805123388767242431640625
-65.8421700550737654111799201928079128265380859375
-67.003604909234894648761837743222713470458984375
28.137137551482272357361580361612141132354736328125
10.5836737268089127184111930546350777149200439453125
-23.868185461476382869250301155261695384979248046875
99.894478588622320103240781463682651519775390625
-10.6193471083470694082961927051655948162078857421875
64.5368035958391459416816360317170619964599609375
14.7481137702105780107331156614236533641815185546875
24.505264525157944177635727101005613803863525390625
22.540257250934786270590848289430141448974609375
42.9363154496243879520989139564335346221923828125
-84.4916850493971907098966767080128192901611328125
-43.93714401805571156955920741893351078033447265625
49.52915411459027694718315615318715572357177734375
65.11037020748318582263891585171222686767578125
-4.80012934545930658458701145718805491924285888671875
-0.457738054593767096367429303427343256771564483642578125
-81.4509108354751987235431442968547344207763671875
21.27284746965079875735682435333728790283203125
34.9049986774320046833963715471327304840087890625
56.0156583677691202183268615044653415679931640625
87.803766214207342954978230409324169158935546875
49.1314710500693081485223956406116485595703125
-13.1043448640553013007092886255122721195220947265625
-77.92102205114662183405016548931598663330078125
60.36232055551996467102071619592607021331787109375
3.14923621066078140984245692379772663116455078125
26.037735114008857095768689760006964206695556640625
-27.175532339134374382183523266576230525970458984375
32.5446251840701137325595482252538204193115234375
-36.1690093138576145292972796596586704254150390625
45.63890303786092061955059762112796306610107421875
33.0505872138353566924706683494150638580322265625
-53.74928576472662911100997007451951503753662109375
99.4687286346014616356114856898784637451171875
44.20021080090729270750671275891363620758056640625
-87.1285681493624224458471871912479400634765625
-21.459580809850518079429093631915748119354248046875
-17.926345423002057799521935521624982357025146484375
-24.62676090700332309779696515761315822601318359375
20.2751875997357871028725639916956424713134765625
-50.640885355300071068995748646557331085205078125
-10.05896586903435263593564741313457489013671875
-67.9554321534440788354913820512592792510986328125
-44.76990012662457019132489222101867198944091796875
69.538423355944161130537395365536212921142578125
27.1154827370383060269887209869921207427978515625
17.793507357769296817195936455391347408294677734375
93.307933682833066768580465577542781829833984375
51.90257665193895064703610842116177082061767578125
-21.45442684665506050123440218158066272735595703125
-54.85123173490880077451947727240622043609619140625
-45.633931618324396595198777504265308380126953125
-69.8134619785389674007092253305017948150634765625
35.69310057084887688461094512604176998138427734375
84.7984368810413826622607302851974964141845703125
99.773868541928294462195481173694133758544921875
-27.524987429973624131207543541677296161651611328125
11.644015219824478180044025066308677196502685546875
82.379408727584944927002652548253536224365234375
-15.351186655765683752861150423996150493621826171875
-44.4157396615229345115949399769306182861328125
-86.970767800322988705374882556498050689697265625
17.344747626844071675122904707677662372589111328125
16.688017882319396534285260713659226894378662109375
60.331206831640969312502420507371425628662109375
-48.996697438926958056981675326824188232421875
-44.12970334281933304509948357008397579193115234375
-41.13751184953523676313125179149210453033447265625
-43.86633693725715232858419767580926418304443359375
20.478193215332947119122763979248702526092529296875
24.29317194866069229419736075215041637420654296875
44.7568692598011494965248857624828815460205078125
-74.5514856790920958928836626000702381134033203125
-68.735298129085464324816712178289890289306640625
-55.837915586512053778278641402721405029296875
65.1176444965544334309015539474785327911376953125
58.64680041455761028146298485808074474334716796875
-57.3727183771287201352606643922626972198486328125
-73.0145029736077191273579956032335758209228515625
-71.9061980602782426785779534839093685150146484375
-35.25288227683393671441081096418201923370361328125
30.7760267756256098437006585299968719482421875
64.4206640570649398114255745895206928253173828125
-2.6075210376484250218709348700940608978271484375
39.77306004993298671479351469315588474273681640625
40.23263977411723857358083478175103664398193359375
-64.3101057330851944016103516332805156707763671875
99.5460141841306977994463522918522357940673828125
78.8529970834041051830354263074696063995361328125
78.57317086238481351756490767002105712890625
-94.7876707022672917446470819413661956787109375
89.5727175026284356817996012978255748748779296875
64.466859980372419158811680972576141357421875
-29.29079341674474790124804712831974029541015625
76.38361779822122343830415047705173492431640625
-4.9970279529342196411789700505323708057403564453125
-21.143847389001198422420202405191957950592041015625
-44.44938754805809111303460667841136455535888671875
26.21412382860385292815408320166170597076416015625
-72.820971204922130937120527960360050201416015625
-45.35376741160106206507407478056848049163818359375
-15.77106504113064744387884275056421756744384765625
-13.70331551506611589275053120218217372894287109375
-44.377334686657178508539800532162189483642578125
53.1311822281272583268219023011624813079833984375
8.743179539858640936245137709192931652069091796875
68.163756751161002966910018585622310638427734375
-33.6236391478572471669394872151315212249755859375
6.1916157310271540126223044353537261486053466796875
72.5377098017202541768710943870246410369873046875
7.92957423073788714162901669624261558055877685546875
80.3964066816886173683087690733373165130615234375
-79.4960680904622591924635344184935092926025390625
-32.1067634712846796674057259224355220794677734375
-19.217551642792695787420598207972943782806396484375
95.1412086917785728701346670277416706085205078125
-19.86287695088454796632504439912736415863037109375
-75.6241298072762475612762500531971454620361328125
-58.87571116183772090835191193036735057830810546875
21.995863880784355615105596370995044708251953125
5.28688433301447968659658727119676768779754638671875
50.466109552109827518506790511310100555419921875
2.080074647112224450751227777800522744655609130859375
4.69521902446266548025732845417223870754241943359375
55.022531732685962424511671997606754302978515625
-4.49772032281222333693904147366993129253387451171875
-23.564769338813906784935170435346662998199462890625
-30.526704995680486121045760228298604488372802734375
18.284216463957196907585966982878744602203369140625
-41.884628513859212262104847468435764312744140625
-6.57960103937526952222469844855368137359619140625
-32.28571344537137832730877562426030635833740234375
-0.27461104608066577714708955681999213993549346923828125
-66.8504828462162237201482639648020267486572265625
12.90117101298525170705033815465867519378662109375
15.9434940735580124027137571829371154308319091796875
-12.63212106694873426704361918382346630096435546875
-26.887896371861035760275626671500504016876220703125
-10.664666345589093765511279343627393245697021484375
-77.632468681297865487067610956728458404541015625
-53.39835717670460013550837174989283084869384765625
70.3140266960657527306466363370418548583984375
-62.5181093493202837407807237468659877777099609375
63.217331369383344963353010825812816619873046875
57.32347758871225806842630845494568347930908203125
-39.34259715236391485859712702222168445587158203125
-17.984578229428084483743077726103365421295166015625
13.9360873176963391273375236778520047664642333984375
-78.017780001220984331666841171681880950927734375
0.057033191684940746923881960128710488788783550262451171875
-52.5334308152276463488306035287678241729736328125
-16.370800908537599838155074394308030605316162109375
89.132341550907284499771776609122753143310546875
45.6614336868778281086633796803653240203857421875
-31.877024644444450274249902577139437198638916015625
-3.3838455293228033582408897927962243556976318359375
-76.3184042627811862757880589924752712249755859375
-1.860900957756648654850550883566029369831085205078125
39.6206166386893841035998775623738765716552734375
73.46038604837275443060207180678844451904296875
-55.7710464013435824881526059471070766448974609375
60.56185083775819322227107477374374866485595703125
62.526076858189895801842794753611087799072265625
-84.5667922477802420644366065971553325653076171875
-62.0249683229787223126550088636577129364013671875
64.8797477184443920350531698204576969146728515625
73.787466470696244869031943380832672119140625
41.548217612073386817428399808704853057861328125
2.98632955628023655236802369472570717334747314453125
0.128070354332333824487477613729424774646759033203125
-59.36544158353037659026085748337209224700927734375
23.744891612140929026963931391946971416473388671875
34.842307443987721171652083285152912139892578125
-48.21190168445497903348950785584747791290283203125
-38.0726827287405313882118207402527332305908203125
52.286233027956996011198498308658599853515625
-36.30098615927096261657425202429294586181640625
-4.67933723133590628862066296278499066829681396484375
-90.3471958516336002276148064993321895599365234375
-58.975418132629783940501511096954345703125
47.08014693290046892570899217389523983001708984375
-25.07315149435054735249650548212230205535888671875
13.246244194544342320796204148791730403900146484375
-10.302388897077999985185670084320008754730224609375
-4.89967737313137607912949533783830702304840087890625
63.72906674177249186641347478143870830535888671875
-92.8548573404309678380741388536989688873291015625
95.4987926945204463891059276647865772247314453125
36.199779402890044366358779370784759521484375
98.041107213713559076495585031807422637939453125
-37.2486600686172693031039671041071414947509765625
69.1791228365972727942789788357913494110107421875
27.992546613081902506792175699956715106964111328125
-52.245121345932744816309423185884952545166015625
65.798819262639341332032927311956882476806640625
26.51213474581124529549924773164093494415283203125
-11.6615765939956421703982414328493177890777587890625
-67.681299354312074001427390612661838531494140625
-14.217812396671011043736143619753420352935791015625
-11.890862957919697606712361448444426059722900390625
-32.28204761803903011241345666348934173583984375
-34.320205816705993129289709031581878662109375
14.1612568011294488456996987224556505680084228515625
-28.030523632278569579057148075662553310394287109375
98.2057342238220343233479070477187633514404296875
73.186153448987141700854408554732799530029296875
18.619746489267559041991262347437441349029541015625
-30.34784107681247178334160707890987396240234375
89.527131137832611784688197076320648193359375
45.2089435887867949759311159141361713409423828125
83.7864747946297683256489108316600322723388671875
-30.49151230892648101189479348249733448028564453125
-10.1156506741659626413820660673081874847412109375
-16.152016680083686850366575527004897594451904296875
7.84968373661906770877294547972269356250762939453125
-62.47994196920978282605574349872767925262451171875
65.47972352770312909342464990913867950439453125
-51.97240055390326318729421473108232021331787109375
4.20772022974907056180882136686705052852630615234375
4.13303770479838217255519339232705533504486083984375
56.85555179586432217320179915986955165863037109375
66.27893085968202058211318217217922210693359375
-10.29020337236115523182888864539563655853271484375
57.26903088833353905329204280860722064971923828125
33.15318347923844299884876818396151065826416015625
-45.62943021344037930475678876973688602447509765625
16.93709407252277543420859728939831256866455078125
82.165487602341045203502289950847625732421875
-90.1524028970024318141440744511783123016357421875
-59.55907764488156175275435089133679866790771484375
23.947487082476300201960839331150054931640625
-32.21174352160135612166413920931518077850341796875
-26.521748637513127277998137287795543670654296875
-98.42646000234566372455446980893611907958984375
0.2117827545250641485541365227618371136486530303955078125
0.8583573290466859351255379806389100849628448486328125
51.32554169195427817840027273632586002349853515625
-5.54968389806527540031311218626797199249267578125
5.41767491731773542795735920662991702556610107421875
-25.666463649639698729743031435646116733551025390625
1.19826472676910089631974187796004116535186767578125
2.816799064023733034645147199626080691814422607421875
-34.59406076560959064636335824616253376007080078125
-86.4688300444448572079636505804955959320068359375
54.20998861277096381172668770886957645416259765625
-80.21417447635622011148370802402496337890625
-45.7741263748568911751135601662099361419677734375
66.4240904781519674315859447233378887176513671875
-86.3603218464687643063371069729328155517578125
5.42958832791202450351875086198560893535614013671875
-43.03053466772744428681107820011675357818603515625
13.111232766739011168510842253454029560089111328125
20.887432670680308177679762593470513820648193359375
94.0914415772996193254584795795381069183349609375
52.81524913360493656000471673905849456787109375
27.961018241338951639818333205766975879669189453125
59.9245552477619440878697787411510944366455078125
7.07674238567164959334832019521854817867279052734375
-43.65632933038266827452389406971633434295654296875
-83.8717496556032671151115209795534610748291015625
-65.732907439455999565325328148901462554931640625
-15.9760244674839935186128059285692870616912841796875
-7.72478403174940719821961465640924870967864990234375
14.976407416573561448558393749408423900604248046875
-43.46802930909938567083372618071734905242919921875
19.6314211555122852814747602678835391998291015625
-63.5031442487306350130893406458199024200439453125
85.4810395524658446220200858078896999359130859375
-99.2848227128787783613006467930972576141357421875
-18.67920357157334620978872408159077167510986328125
-40.90890482066561162355355918407440185546875
-50.239876619787452227683388628065586090087890625
-33.20209035908290928773567429743707180023193359375
63.71372721144620498989752377383410930633544921875
66.4613295410554201225750148296356201171875
33.3668340062869930306987953372299671173095703125
-1.841181074699298481078812983469106256961822509765625
-81.277050127468527307428303174674510955810546875
50.72276293209046116317040286958217620849609375
73.9213516519245814606620115227997303009033203125
-79.621711820185652186410152353346347808837890625
93.78812625662345681121223606169223785400390625
-42.7140731012443239933418226428329944610595703125
-3.280614536645169554418544066720642149448394775390625
52.9394442595955041497290949337184429168701171875
42.82589896273750440514049842022359371185302734375
4.13891945734777788601377324084751307964324951171875
32.00623387689289955915228347294032573699951171875
56.524139180822572825491079129278659820556640625
0.6680088966091062285812540721963159739971160888671875
-8.6368563547739842789496833574958145618438720703125
95.9041458296204609723645262420177459716796875
-58.58064465800320164134973310865461826324462890625
-71.7274297494830221921802149154245853424072265625
-57.4162567805314409952188725583255290985107421875
70.87388639258114153562928549945354461669921875
54.79196540954043115334570757113397121429443359375
9.78705609322338432320975698530673980712890625
16.1177731679076856607935042120516300201416015625
56.60441758597740857794633484445512294769287109375
-6.2083365568533732670175595558248460292816162109375
42.893256375328206786434748210012912750244140625
19.813648952312771456263362779282033443450927734375
75.2954764085038590337717323563992977142333984375
65.4623323177815308326898957602679729461669921875
54.79693896441403211383658344857394695281982421875
50.449616135853858622795087285339832305908203125
-50.0348205195572433012785040773451328277587890625
88.6829170130130108873345307074487209320068359375
-64.1787860461727603933468344621360301971435546875
96.6627114936251246035681106150150299072265625
-94.310756437217378334025852382183074951171875
-31.51206028080667920221458189189434051513671875
25.76195941926494725748852943070232868194580078125
49.2665902340566930206477991305291652679443359375
93.9773198202100132903069606982171535491943359375
16.40169933002307089964233455248177051544189453125
-92.5065146980546586519267293624579906463623046875
53.47692005664788439389667473733425140380859375
-40.776010437968096766780945472419261932373046875
-92.0478010697554651642349199391901493072509765625
-45.699702102367069755928241647779941558837890625
53.09967896249298746624845080077648162841796875
32.11184019275783185776163008995354175567626953125
-51.72758069012974857514564064331352710723876953125
-61.162756473431500126025639474391937255859375
-95.2020771847202667004239629022777080535888671875
21.33623049079447042686297209002077579498291015625
30.89024659118700810722657479345798492431640625
-80.4273379153826084575484856031835079193115234375
-90.2755894802697866907692514359951019287109375
-89.493906736742616203628131188452243804931640625
-86.691053783897046969286748208105564117431640625
86.1923524404061680570521275512874126434326171875
64.4297662461555091795162297785282135009765625
-14.88679167641301859248414984904229640960693359375
-26.23381478497255869797299965284764766693115234375
75.6263611447981105584403849206864833831787109375
-23.608129927523403779332511476241052150726318359375
33.98739950727519243400820414535701274871826171875
-24.39857457839358545470531680621206760406494140625
4.205567184194318741674578632228076457977294921875
-20.583290489771091102966238395310938358306884765625
-10.5354218561501671302949034725315868854522705078125
-67.916628405271467272541485726833343505859375
87.671852257341669201196054928004741668701171875
-41.26150958406623914243027684278786182403564453125
-72.17911517415694788724067620933055877685546875
9.6932859814238216955573079758323729038238525390625
-35.7334520391769245861723902635276317596435546875
4.88444847859919217825108717079274356365203857421875
-73.72459105050501193545642308890819549560546875
46.93728336164949865860762656666338443756103515625
68.10234651258843996401992626488208770751953125
-74.482197900161963843856938183307647705078125
-94.062659090151413465719087980687618255615234375
-13.5222669709532805626395202125422656536102294921875
-94.458337669177609541293350048363208770751953125
-3.028559363149576189044864804600365459918975830078125
11.454001245238860207109610200859606266021728515625
-86.898778644540215054803411476314067840576171875
-27.917970104323249103117632330395281314849853515625
-79.68254636795785472713760100305080413818359375
-47.1286580549146236762680928222835063934326171875
-19.02582296216797175247847917489707469940185546875
-80.5147050419409282540073036216199398040771484375
-22.759607053580136692971791489981114864349365234375
-16.603290243415745663924099062569439411163330078125
27.7737363972883741780606214888393878936767578125
96.6209997014391746006367611698806285858154296875
-67.9243149781260484587619430385529994964599609375
69.9644294073228394381658290512859821319580078125
-39.213274421774855227340594865381717681884765625
27.907590589478548537272217799909412860870361328125
58.9496908228062892476373235695064067840576171875
59.92469500339729648885622736997902393341064453125
-75.6683127321018815791831002570688724517822265625
-49.7665828180857801044112420640885829925537109375
-3.05617786269595459458514596917666494846343994140625
82.4783744952141404382928158156573772430419921875
-82.5222545248495435998847824521362781524658203125
-97.933977886900635212441557087004184722900390625
46.6581312835318584575361455790698528289794921875
6.1635218602189194569973551551811397075653076171875
-96.4527637885705217968279612250626087188720703125
-38.8541661419016719491992262192070484161376953125
29.2410719435620904960160260088741779327392578125
78.453622064388383705590968020260334014892578125
-57.41857773885009663672462920658290386199951171875
-20.000766989694245268083250266499817371368408203125
46.25450906654693739028516574762761592864990234375
62.6901036555673272232525050640106201171875
85.43253365419496958566014654934406280517578125
-71.172237752840857183400657959282398223876953125
50.70073575329592330263039912097156047821044921875
26.2868532094300206836123834364116191864013671875
-50.30775163068908995001038420014083385467529296875
-85.1508321192805652799506788142025470733642578125
-69.45672469772085833028540946543216705322265625
78.35980572704221458479878492653369903564453125
32.77685599147655892693364876322448253631591796875
-25.321469986256563089455084991641342639923095703125
-13.885472367128546267167621408589184284210205078125
-32.28412040972980179276419221423566341400146484375
-34.2927992223636266544417594559490680694580078125
43.95805301361116335101542063057422637939453125
18.800363480040129360304490546695888042449951171875
21.140300979423106042531799175776541233062744140625
37.32559629954565849629943841136991977691650390625
-47.58303094938929689305950887501239776611328125
-41.8228935087469864129161578603088855743408203125
-72.243522609980772131166304461658000946044921875
-53.6365465648104731144485413096845149993896484375
-78.2088984065476751084133866243064403533935546875
-49.593721096234247625034186057746410369873046875
62.58597558302033547761311638168990612030029296875
-62.050145425985277825020602904260158538818359375
4.4865681077926868880467736744321882724761962890625
39.91229789053544863008937682025134563446044921875
-74.2208889137211969000418321229517459869384765625
-10.5811552683891161308338269009254872798919677734375
83.9473901553103729611393646337091922760009765625
78.3277483449165146112136426381766796112060546875
65.6981856693868593310980941168963909149169921875
11.2098823105744127559546541306190192699432373046875
50.74402995091939061467201099731028079986572265625
9.9935935154162951477019305457361042499542236328125
28.894847804399130808405971038155257701873779296875
-40.8068758276157268483075313270092010498046875
41.921280690632414689389406703412532806396484375
-40.1874512788472344482215703465044498443603515625
-86.904139056561092502306564711034297943115234375
-64.977903247917339513151091523468494415283203125
-6.48009556903108840941740709240548312664031982421875
-2.852557423792412283347630364005453884601593017578125
-62.14098029617758101039726170711219310760498046875
23.525931595708218679874335066415369510650634765625
-25.244848983507939266246467013843357563018798828125
19.184237400520334659859145176596939563751220703125
33.33958185848478450452603283338248729705810546875
-7.80878889819368993130410672165453433990478515625
12.357019709986285960212626378051936626434326171875
-73.8613699231650144838567939586937427520751953125
77.5175876747185412796170567162334918975830078125
-53.35606122605413048631817218847572803497314453125
28.67167423456428565486930892802774906158447265625
66.8584289750855305101140402257442474365234375
78.6749791221075298608411685563623905181884765625
-68.941629590084602341448771767318248748779296875
-44.50447003763382980423557455651462078094482421875
98.9172233603230353082835790701210498809814453125
36.392967982962517226042109541594982147216796875
-16.904758249676138603945219074375927448272705078125
-45.74738392227522609800871578045189380645751953125
37.65909917225248904060208587907254695892333984375
-14.51167160572207848190373624674975872039794921875
90.68379562646850899909622967243194580078125
-32.54925441165237742779936525039374828338623046875
-33.58046669132054518058794201351702213287353515625
11.2412963126625076171194450580514967441558837890625
-17.006667796955905913591777789406478404998779296875
63.03620234029053648328044801019132137298583984375
-33.180717230219528346424340270459651947021484375
-66.7266016330782605336935375817120075225830078125
-64.0213669888714633771087392233312129974365234375
-35.58565807654859014519388438202440738677978515625
-52.439633646957105383989983238279819488525390625
2.602180200200037152313825572491623461246490478515625
35.536639015203405733700492419302463531494140625
-51.16262652284212464337542769499123096466064453125
-95.0050794255198098881010082550346851348876953125
64.1519344468389363100868649780750274658203125
-5.52437872222788950438143729115836322307586669921875
-12.7444049888017740812529154936783015727996826171875
47.42396941905079899015618138946592807769775390625
-28.990690681585601140568542177788913249969482421875
17.713294323110250871877724421210587024688720703125
61.28766440264289627748439670540392398834228515625
60.76259920707207839996044640429317951202392578125
-87.795766222965170300085446797311305999755859375
42.09561172595534372931069810874760150909423828125
45.21697069735648000232686172239482402801513671875
11.02161434680318308210189570672810077667236328125
-62.64751773447269300731932162307202816009521484375
47.05097035269732685947019490413367748260498046875
51.3097413362208243370332638733088970184326171875
-26.27919172979549244928421103395521640777587890625
-67.3851184933668747589763370342552661895751953125
6.8700988638246140993715016520582139492034912109375
-23.928268027052808974985964596271514892578125
50.10633250599899923827251768670976161956787109375
39.08948452354146496645626029931008815765380859375
52.15431308926483922050465480424463748931884765625
-53.1225227959764225715844077058136463165283203125
67.3132491743990755139748216606676578521728515625
76.19770451354855822501122020184993743896484375
15.53475476533045451787984347902238368988037109375
15.641803125720041833801587927155196666717529296875
-19.183302999285643863913719542324542999267578125
96.501311046695633422132232226431369781494140625
-80.644486379245194029863341711461544036865234375
36.3074284642909077547301421873271465301513671875
8.981799076148366367533526499755680561065673828125
-68.8961053659925113379358663223683834075927734375
-65.5269737173437505362016963772475719451904296875
-13.533371008533979562571403221227228641510009765625
53.391063102018989638963830657303333282470703125
79.5290282858081951644635410048067569732666015625
-69.01366354211182851940975524485111236572265625
-50.68006186750749719749364885501563549041748046875
-75.7675775472813910482727806083858013153076171875
-65.99811231219069895814755000174045562744140625
-55.043701775186178792864666320383548736572265625
-15.8925157153272014198819306329824030399322509765625
-10.849552687086177371611483977176249027252197265625
-62.5277104444135005678617744706571102142333984375
-36.00353858254943162364725139923393726348876953125
-22.8942061398854974640926229767501354217529296875
-39.688442198279830108731403015553951263427734375
-22.345356746301842321145159075967967510223388671875
-70.7506559033072193187763332389295101165771484375
74.79125134271617980630253441631793975830078125
-74.214306790300071270394255407154560089111328125
22.176006816842278368540064548142254352569580078125
39.84447889808250664600564050488173961639404296875
53.2014264675058115017236559651792049407958984375
25.100292524388606807406176812946796417236328125
72.1768851312182988522181403823196887969970703125
-75.788547802249553342335275374352931976318359375
-60.926460131714719636875088326632976531982421875
-62.13595527240068605578926508314907550811767578125
6.11760720234698407438145295600406825542449951171875
25.833039539818546614924343884922564029693603515625
-81.5414459828288755716130253858864307403564453125
-13.059852615350894922130464692600071430206298828125
-9.3890305526748765174716027104295790195465087890625
96.63891947699966067375498823821544647216796875
22.434396611228972773233181214891374111175537109375
-98.9748724308698655249827424995601177215576171875
36.59308242962637081063803634606301784515380859375
-55.71140783068576496361856698058545589447021484375
44.4504212836863672464460250921547412872314453125
93.9163060159253433312187553383409976959228515625
19.185638920338892177142042783088982105255126953125
8.616142737515957605864969082176685333251953125
-96.1418699651078014767335844226181507110595703125
52.37866446647336005071338149718940258026123046875
-61.15089192912313365013687871396541595458984375
-6.68886134865639547797400155104696750640869140625
91.77429256502415455543086864054203033447265625
58.05849710724439916020855889655649662017822265625
7.726551637578349840396185754798352718353271484375
-19.517993722613351081918153795413672924041748046875
-40.77172596846602203868314973078668117523193359375
35.6809681718757332191671594046056270599365234375
31.335950617145581276190569042228162288665771484375
96.442602585838130835327319800853729248046875
-58.9353785190574370744798216037452220916748046875
-36.26712696673725844220825820229947566986083984375
14.3098048819896579431087957345880568027496337890625
26.54651466007254612122778780758380889892578125
46.20998611633890362782040028832852840423583984375
94.4464257771088568915729410946369171142578125
44.59981019075124919481822871603071689605712890625
57.52702328644796381240666960366070270538330078125
-29.3513363104512308154880884103477001190185546875
-20.165013043059314412630556034855544567108154296875
-95.461164395518409264695947058498859405517578125
46.05935662072926106702652759850025177001953125
76.117709246082910112818353809416294097900390625
-14.37071192025133115066637401469051837921142578125
-92.129136727688063501773285679519176483154296875
4.25313100432740487377714089234359562397003173828125
-88.5762190422135944345427560620009899139404296875
-14.9477756374358303759208865812979638576507568359375
-41.70273410817110715242961305193603038787841796875
-21.0167870238145582106881192885339260101318359375
12.950781118699655536374848452396690845489501953125
49.948892229435813305826741270720958709716796875
-20.10636113113849887668038718402385711669921875
22.16930653692130448462194181047379970550537109375
-23.907635501721987481005271547473967075347900390625
-8.65774596512046201723933336324989795684814453125
-53.1550703397399928462618845514953136444091796875
26.112822053284862278133005020208656787872314453125
44.20021108006768173481759731657803058624267578125
-73.5712937992311282187074539251625537872314453125
-46.81523396155403560214836033992469310760498046875
3.035716863249316777029207514715380966663360595703125
-49.6072304167107773764655576087534427642822265625
-26.324403481939935289801724138669669628143310546875
-56.04907939047181031355648883618414402008056640625
-33.68710575369880899643248994834721088409423828125
-46.940118842496559636856545694172382354736328125
93.568229299776390917031676508486270904541015625
3.209599897986677330408156194607727229595184326171875
32.87731531758771552631515078246593475341796875
10.296580620054871957336217747069895267486572265625
-87.8733848172300184842242742888629436492919921875
34.123842892745045674018911086022853851318359375
2.5355648261867003157021827064454555511474609375
-33.39127434983235076515484252013266086578369140625
-90.58028865887899883091449737548828125
95.49335883897907706341356970369815826416015625
3.93319320112021220126052867271937429904937744140625
-94.5505327305016152195094036869704723358154296875
42.91183101866990767803144990466535091400146484375
14.01487593790277941252497839741408824920654296875
-21.3803028367844234480799059383571147918701171875
36.2111348815114268973047728650271892547607421875
-45.98987018007708371669650659896433353424072265625
25.16555661159528511916505522094666957855224609375
-55.1368271184710323495892225764691829681396484375
37.2280616696589703451536479406058788299560546875
-17.699187996658775290370613220147788524627685546875
-91.98240000796698723206645809113979339599609375
51.15382058281968369328751577995717525482177734375
47.005048840286690392531454563140869140625
-38.63569653765797085043232073076069355010986328125
76.3110061854607693021534942090511322021484375
-71.6026724845414008768784697167575359344482421875
-59.61510549984776474730097106657922267913818359375
-10.3924618136084685460218679509125649929046630859375
32.35621742420070034995660535059869289398193359375
73.0222552785001397523956256918609142303466796875
-28.1955577947746434119835612364113330841064453125
-89.2841343501555542161440826021134853363037109375
20.12628176149627279301057569682598114013671875
22.194153949068326170390719198621809482574462890625
37.39106117471417434217073605395853519439697265625
81.9655557036934823145202244631946086883544921875
25.0616340027273736268398351967334747314453125
13.9808025163664613188529983744956552982330322265625
-58.2488113607630992873964714817702770233154296875
-36.16501210898504581336965202353894710540771484375
-91.0425339063420580032470752485096454620361328125
-73.8146579861984406534247682429850101470947265625
-29.274220422907010430435548187233507633209228515625
4.55515375396087396353550502681173384189605712890625
-24.5161696960319517302195890806615352630615234375
-25.873164038489260718733930843882262706756591796875
44.13294014234619311309870681725442409515380859375
-17.659657723331452672255181823857128620147705078125
-10.130612658887603316770764649845659732818603515625
-25.930939621956213159137405455112457275390625
-44.907869086963302152071264572441577911376953125
62.86682765423815766325787990354001522064208984375
-11.787027918728416153726357151754200458526611328125
-15.1429258830839241767307612462900578975677490234375
52.72347598724246608981047756969928741455078125
-7.7108389516985624823064426891505718231201171875
-84.7198317470648731841720291413366794586181640625
-81.532485954112672743576695211231708526611328125
-44.90062730765890819384367205202579498291015625
80.45129070555702810452203266322612762451171875
21.08643874536885931547658401541411876678466796875
65.795763086537618846705299802124500274658203125
-58.2272924457277412102484959177672863006591796875
-83.6903184126371115780784748494625091552734375
37.3160440790915544084782595746219158172607421875
96.553190086614222309435717761516571044921875
57.62859501037564058378848130814731121063232421875
31.93317519712672236664730007760226726531982421875
63.68971498376279072317629470489919185638427734375
27.3596941142649257017183117568492889404296875
37.93074692694508343038251041434705257415771484375
-62.90380419563570058016921393573284149169921875
-60.05118423737868482703561312519013881683349609375
-16.564499534722305185141522088088095188140869140625
-83.07534897107444749053684063255786895751953125
88.132858810019143902536598034203052520751953125
95.5508932287128800453501753509044647216796875
20.015751872299343716576913720928132534027099609375
-50.00623027714576807056801044382154941558837890625
10.3435099911317553988965300959534943103790283203125
50.3608630539654740232435869984328746795654296875
-41.12820562136382562812286778353154659271240234375
89.4766442954450127444943063892424106597900390625
-9.72050568129215974977341829799115657806396484375
64.4618837479913935339936870150268077850341796875
-44.059330484545853323652409017086029052734375
69.35344522516089682540041394531726837158203125
-7.34140402120717450173970064497552812099456787109375
-5.570518736764970668673413456417620182037353515625
55.0431358040124081298927194438874721527099609375
40.51719766297917857400534558109939098358154296875
-42.82545870964795398094793199561536312103271484375
-14.8568444066486780030800218810327351093292236328125
49.25897512818423962244196445681154727935791015625
-99.004261466800443258762243203818798065185546875
17.01898888454241642875786055810749530792236328125
92.255222699436131961192586459219455718994140625
24.97679273827390034057316370308399200439453125
-95.420400889133333066638442687690258026123046875
36.68244981218725797589286230504512786865234375
-64.7588844375577963319301488809287548065185546875
47.657074415382311372013646177947521209716796875
15.48915431324263636270188726484775543212890625
-83.732642068080082253800355829298496246337890625
-85.728858084959341567810042761266231536865234375
-43.77413091814815970792551524937152862548828125
-58.0461198441406764914063387550413608551025390625
6.57802291750130851966105183237232267856597900390625
-6.17388936712466573908386635594069957733154296875
-9.75820352955356185020718839950859546661376953125
38.59046184078658114913196186535060405731201171875
-64.545675523059259148794808425009250640869140625
76.0473400486466317715894547291100025177001953125
58.85733544157128704910064698196947574615478515625
-86.39079435395427708499482832849025726318359375
66.830400297983800328438519500195980072021484375
-13.4719320946849965281444383435882627964019775390625
3.926269103744709720871242097928188741207122802734375
-80.3562519865552218334414646960794925689697265625
17.820495042510362537768742186017334461212158203125
-73.5358481888488739741660538129508495330810546875
-9.44749833182309117773911566473543643951416015625
-42.865993505680535236024297773838043212890625
56.53579182193642083120721508748829364776611328125
7.03870900119502618252909087459556758403778076171875
45.15007109439675758721932652406394481658935546875
52.62758265386218425874176318757236003875732421875
-74.3994575199457841563344118185341358184814453125
-4.5654793816787364590936704189516603946685791015625
-62.76899780922159521878711530007421970367431640625
96.8933061949355902697789133526384830474853515625
-70.856416218142840079963207244873046875
-4.97958882793914536790680358535610139369964599609375
76.821842446104227519754203967750072479248046875
-8.217192528443678867233757046051323413848876953125
-8.1950334433733029726454333285801112651824951171875
-58.40248013019066064543949323706328868865966796875
61.0890189447893163787739467807114124298095703125
-11.8766819118309587821613604319281876087188720703125
-6.44240773814204192859733666409738361835479736328125
29.089429527208238823732244782149791717529296875
12.10383065201182262171641923487186431884765625
-93.394335800635047917239717207849025726318359375
76.9883552286969319311538129113614559173583984375
-28.594988819376254696180694736540317535400390625
-93.0365942037240785111862351186573505401611328125
-28.534703819794788870467527885921299457550048828125
79.2095636566821355017964378930628299713134765625
-53.5368171313963756574594299308955669403076171875
-12.71205536678008485296231810934841632843017578125
57.99959764288779950902608106844127178192138671875
61.542179060690131109367939643561840057373046875
-64.5742542930718599336614715866744518280029296875
-18.995571833436191155897176940925419330596923828125
-57.673638990473818921600468456745147705078125
19.865068560863857527465370367281138896942138671875
82.435146656086459415746503509581089019775390625
47.69539974943727855816177907399833202362060546875
25.269521621820249634993160725571215152740478515625
-24.417767046991070145622870768420398235321044921875
81.478725133917777156966621987521648406982421875
-91.40800053713473971583880484104156494140625
-74.465378714245247238068259321153163909912109375
17.619939594473326138768243254162371158599853515625
66.14732274641727371999877505004405975341796875
-0.5035456369313051627756294692517258226871490478515625
67.39321745914918437847518362104892730712890625
11.3916667530854311962684732861816883087158203125
-20.21623005718212340298123308457434177398681640625
36.2771463685111115182735375128686428070068359375
-62.61635058224347716304691857658326625823974609375
10.54748058564138801784793031401932239532470703125
10.558165161956576838520049932412803173065185546875
-46.10331463692299536205609911121428012847900390625
80.0874769984852576953926472924649715423583984375
19.70600933088115880309487693011760711669921875
69.261333564837940457437071017920970916748046875
-11.82201342755962514274870045483112335205078125
-17.623893160901815235774847678840160369873046875
-95.2443545558613635648725903593003749847412109375
-99.07155371365644214165513403713703155517578125
-90.542177031169472911642515100538730621337890625
34.38691741534832857496439828537404537200927734375
-11.99980398378395562986042932607233524322509765625
-89.4744652609789312691646046005189418792724609375
74.4265000954393372012418694794178009033203125
-30.97080381888867606221538153477013111114501953125
-56.24402837010904221415330539457499980926513671875
12.7299727608582262661229833611287176609039306640625
21.416125174392472985118729411624372005462646484375
-5.0701641927337224302618778892792761325836181640625
22.236474224749915862275884137488901615142822265625
39.40537289951755184347348404116928577423095703125
41.2656831558512493529633502475917339324951171875
-1.0476933079033139417646225410862825810909271240234375
21.19675160510731615204349509440362453460693359375
-34.9469002616821597939633647911250591278076171875
49.095236101831915220827795565128326416015625
52.3478541509895336503177531994879245758056640625
-18.09546400637443497316780849359929561614990234375
62.3515094225943897754405043087899684906005859375
67.1055373430007051638312987051904201507568359375
10.741874198657374250842622132040560245513916015625
96.380399801142431215339456684887409210205078125
39.14285300676393575258771306835114955902099609375
-0.891310027121774428593425909639336168766021728515625
58.62991646559748915024101734161376953125
85.9609581836249532216243096627295017242431640625
32.08014140305980532730245613493025302886962890625
16.670860351574713575928399222902953624725341796875
80.31698553433079723617993295192718505859375
1.8854060743781555498088664535316638648509979248046875
3.545949638730702790923032807768322527408599853515625
38.093535862608376874050009064376354217529296875
-26.10161402961472276729182340204715728759765625
-75.001331385393285700047272257506847381591796875
61.8693609038869709593200241215527057647705078125
-98.021782904482876119800494052469730377197265625
5.42784842634845166031709595699794590473175048828125
-44.65940725764227892113922280259430408477783203125
79.249985031121781275942339561879634857177734375
-64.938077539531462889499380253255367279052734375
-60.33390511739270323232631199061870574951171875
61.42489608144331469929966260679066181182861328125
40.44807809785055496831773780286312103271484375
-74.2910976521763899427241994999349117279052734375
10.0914181877392170605389765114523470401763916015625
-3.467180129320424075700657340348698198795318603515625
-29.86310182361275877838124870322644710540771484375
0.52140291045276843107103559304960072040557861328125
-73.9365403990220073637829045765101909637451171875
-35.24960474201358096024705446325242519378662109375
-19.1248528609287831159235793165862560272216796875
-59.996278503482926680590026080608367919921875
-25.779802251656580125427353777922689914703369140625
-91.5489895455383333455756655894219875335693359375
76.4987478762108139562769792973995208740234375
-14.52685082472849131818293244577944278717041015625
45.24748899075853358908716472797095775604248046875
-83.5361716099552040759590454399585723876953125
-37.38036502507359415403698221780359745025634765625
79.7294916217906433075768291018903255462646484375
57.22774924858753564649305189959704875946044921875
26.52720218088143155910074710845947265625
-85.56621236899178484236472286283969879150390625
-90.0985085040262134725708165206015110015869140625
7.92810623234796452152295387350022792816162109375
14.182418353947110034596335026435554027557373046875
79.9837856635787005643578595481812953948974609375
-86.94858680722046528899227268993854522705078125
-7.98137908468825063579288325854577124118804931640625
74.5335435607490666143348789773881435394287109375
-98.185434023403360015436192043125629425048828125
-88.7413353234240247502384590916335582733154296875
51.21035567413508005074618267826735973358154296875
-5.0969044852901657094434995087794959545135498046875
-11.9157479602229532389401356340385973453521728515625
36.378068539997940433750045485794544219970703125
-72.86390300612964665560866706073284149169921875
-37.3544503019614211325460928492248058319091796875
57.70926797350697512456463300622999668121337890625
67.7720471991685684542972012422978878021240234375
-24.3424995192414570510663907043635845184326171875
49.7501493343002465508106979541480541229248046875
-14.97019924026634640767952078022062778472900390625
-89.1148624003475475774393999017775058746337890625
83.83883450450247210028464905917644500732421875
-90.1188815066103217077397857792675495147705078125
-38.3657109179464299586470588110387325286865234375
41.20239512861568442758652963675558567047119140625
6.62132146375312657937683979980647563934326171875
74.848288305460528135881759226322174072265625
-63.28237034419782247596231172792613506317138671875
2.4690382420376213445933899492956697940826416015625
-35.91290834496548001197879784740507602691650390625
-57.71907898110197976393465069122612476348876953125
76.29429486559502038289792835712432861328125
83.0665697739423620760135236196219921112060546875
-32.198993280231803737478912808001041412353515625
59.75068885113211791804133099503815174102783203125
-58.02144486575057413801914663054049015045166015625
-23.952782547283714364994011702947318553924560546875
-79.660544699888617969918414019048213958740234375
2.028465186973564815531290150829590857028961181640625
-61.654041420808965767719200812280178070068359375
-12.993664063601112701462625409476459026336669921875
-39.397258771012872102801338769495487213134765625
-66.4884206712932979144170531071722507476806640625
-1.05538324920041137744419756927527487277984619140625
67.8867315426088424601402948610484600067138671875
57.1128352702825026199207059107720851898193359375
-83.6026204323452617472867132164537906646728515625
-90.8774810180328671549432328902184963226318359375
-13.036477656216138854006203473545610904693603515625
68.9270527606508807139107375405728816986083984375
-25.52655036879909999925075680948793888092041015625
-51.561571276399462249173666350543498992919921875
37.111803594963618024848983623087406158447265625
-64.755842183233056630342616699635982513427734375
-84.3716849852294927814000402577221393585205078125
17.814319017242073783791056484915316104888916015625
77.027197629344613005741848610341548919677734375
79.735960955594038068738882429897785186767578125
52.137147604686759905234794132411479949951171875
-56.34574981028725204623697209171950817108154296875
0.8827967839083097345564965507946908473968505859375
34.1355852855060533102005138061940670013427734375
98.5757394022000283939632936380803585052490234375
52.7664697529601625092254835180938243865966796875
-25.93167015560916155436643748544156551361083984375
26.268419633597726914331360603682696819305419921875
2.02568983027878157798795655253343284130096435546875
73.3471435922091359316254965960979461669921875
55.9131378725455903122565359808504581451416015625
-13.3305454425873097790145038743503391742706298828125
-69.9910430489118340346976765431463718414306640625
-81.3578470481716209405931294895708560943603515625
76.177176460188690043651149608194828033447265625
-27.130849959517234992745216004550457000732421875
-24.034078984100222697861681808717548847198486328125
-86.2377878378424185257244971580803394317626953125
99.2537374468229387503015459515154361724853515625
-88.6864614629144654145420645363628864288330078125
-19.981171807063820011762800277210772037506103515625
-76.0961481565158379680724465288221836090087890625
10.915182022935862704571263748221099376678466796875
19.292542417369627827383737894706428050994873046875
-94.6529838483678389593478641472756862640380859375
1.280801598338432878421144778258167207241058349609375
-31.897364570274401529559327173046767711639404296875
27.6112849195664153967300080694258213043212890625
73.7562803301840261838151491247117519378662109375
14.46698938799944045285883476026356220245361328125
21.864611544646326279917047941125929355621337890625
-34.43868919576883769195774220861494541168212890625
-29.037063823824777131221708259545266628265380859375
11.8987156994032030610242145485244691371917724609375
-95.244595510550340122790657915174961090087890625
