4.6303038983288615781930275261402130126953125
0.68642791313237883077391643382725305855274200439453125
1143756360.088767528533935546875
2.007758000992542424256726008024998009204864501953125
789.3671746186713562565273605287075042724609375
16.333201686913415784374592476524412631988525390625
6.07499697677393246664223624975420534610748291015625
0.06466850615348551656325071235187351703643798828125
0.07569676542592877754866975692493724636733531951904296875
35.67259952037678516489904723130166530609130859375
7.972550897120909488822483590642065109932445921003818511962890625e-06
10.78226361560054868959923624061048030853271484375
4.1999658226629560904617603778188339447297039441764354705810546875e-06
0.0019238723374456465943505012461400838219560682773590087890625
0.00167706416893189345918013799519030726514756679534912109375
686.79756568344009792781434953212738037109375
0.15714657351229222026489651398151181638240814208984375
0.04417781474359776250349085557900252752006053924560546875
0.354388836033034448913525693569681607186794281005859375
0.006051787005326173841945891496152398758567869663238525390625
