-51.397565517524299139040522277355194091796875
-87.9306290443106064458334003575146198272705078125
-15.7570028640804249420170890516601502895355224609375
89.5066422795531622114140191115438938140869140625
74.81010293070181660368689335882663726806640625
-1.9353470927284348590546869672834873199462890625
-28.870555144626241173000380513258278369903564453125
14.8389167657920477694233341026119887828826904296875
-10.061860549919575902322321780957281589508056640625
16.64752011157228395177298807539045810699462890625
-1.5258294032936714490489293893915601074695587158203125
81.8318561203827954386724741198122501373291015625
86.424626992891745658198487944900989532470703125
-61.02316642584673900273628532886505126953125
67.0648214976837380163487978279590606689453125
-63.78615536566940846796569530852138996124267578125
-22.94226827631495524428828503005206584930419921875
14.9892240874171438491657681879587471485137939453125
1.0053047562861314734306006357655860483646392822265625
-54.1188552539058918000591802410781383514404296875
-45.43276892811518763437561574392020702362060546875
-36.6793051930995517295741592533886432647705078125
-7.406382191127615755021906807087361812591552734375
-9.848250261267448735225116251967847347259521484375
75.849310794005901925629586912691593170166015625
54.36604467725732803273785975761711597442626953125
44.35533705936632742350411717779934406280517578125
-81.0395036977543981038252240978181362152099609375
59.104389247890679826014093123376369476318359375
80.8274281537091638938363757915794849395751953125
-14.242649127928846297663767472840845584869384765625
-99.7468202931541867428677505813539028167724609375
24.528374541504032180228023207746446132659912109375
24.929189062076876126639035646803677082061767578125
-35.9673110348976337036219774745404720306396484375
-61.219316268886217358158319257199764251708984375
30.5373745246258323504662257619202136993408203125
59.25563183895221897046212689019739627838134765625
-16.943407702464359232408241950906813144683837890625
37.02879238208966938827870762906968593597412109375
67.7187703218442038632929325103759765625
56.33785262127559434475188027136027812957763671875
8.9254349043036480537693933001719415187835693359375
82.98491313275275160776800476014614105224609375
24.614838091453218993365226197056472301483154296875
21.7605372683824072055358556099236011505126953125
5.4132529535630826700298712239600718021392822265625
17.11804818652039017479182803072035312652587890625
-51.785938285858946983353234827518463134765625
-35.9315992249615874243318103253841400146484375
61.384364049249683148445910774171352386474609375
33.20777376310633854927800712175667285919189453125
94.4026314234132684077849262394011020660400390625
-76.3923628357172646019535022787749767303466796875
-39.516262266923405377383460290729999542236328125
50.61807775082692018031593761406838893890380859375
91.6446785723125429967694799415767192840576171875
68.959528985984576365808607079088687896728515625
-87.40731439743200326120131649076938629150390625
25.37512774437973206431706785224378108978271484375
62.9788390556481090243323706090450286865234375
86.7423291667192870590952225029468536376953125
-64.177230571385933899364317767322063446044921875
26.269801684159975962984390207566320896148681640625
-88.572188355012855254244641400873661041259765625
15.6079194130289806707878597080707550048828125
74.7605943710910452182361041195690631866455078125
-58.96920304807401436164582264609634876251220703125
-67.200104473298097218503244221210479736328125
8.84294652104794209890314959920942783355712890625
-43.12492827740094725186281721107661724090576171875
23.715591770747433741917120642028748989105224609375
-2.258219903802025196881686497363261878490447998046875
11.764393403124021375560914748348295688629150390625
72.3041788728193068891414441168308258056640625
39.66351656706688544318240019492805004119873046875
90.1187316538367468865544651634991168975830078125
7.77814202889650374572738655842840671539306640625
-89.221731115344056206595269031822681427001953125
10.9331139944382211837137219845317304134368896484375
6.73015865888853426213245256803929805755615234375
32.056263323335628001586883328855037689208984375
70.17027737510289853162248618900775909423828125
-37.79257331032551547878028941340744495391845703125
53.0507167202464273714213049970567226409912109375
19.606458449059648074808137607760727405548095703125
87.4374974930751278634488699026405811309814453125
-99.6975550389089306690948433242738246917724609375
21.74411897177466101993559277616441249847412109375
50.23317277619297982482748921029269695281982421875
-76.8645180138113772727592731826007366180419921875
-33.0189558569318677427872898988425731658935546875
-60.935020755678095838447916321456432342529296875
58.5272080304906836545342230238020420074462890625
-13.6504155589553040073269585263915359973907470703125
-93.41111625923480232813744805753231048583984375
49.6620368139534065221596392802894115447998046875
-75.366417117550412285709171555936336517333984375
-47.6020281614529352509634918533265590667724609375
-40.04988895673096038763105752877891063690185546875
96.7427220931303821771507500670850276947021484375
-78.849841076711385312592028640210628509521484375
-63.82579936898427064306815736927092075347900390625
-56.16153929007822398489224724471569061279296875
-70.7704821147654143942418158985674381256103515625
42.4758308217706854748030309565365314483642578125
-73.0663712165913494800406624563038349151611328125
-9.21424810030824659179415903054177761077880859375
-45.7358638117839149117571651004254817962646484375
-40.254133665116654583471245132386684417724609375
-24.1829051905715033399246749468147754669189453125
11.8967139251890348106144301709719002246856689453125
-92.545843988909012978183454833924770355224609375
-18.572888322782237224828350008465349674224853515625
69.872602239029475867937435396015644073486328125
19.95656256537532868833295651711523532867431640625
-10.7011145211955369660472570103593170642852783203125
-79.300566420453975524651468731462955474853515625
42.13251204799353644148141029290854930877685546875
-50.791882295417025261485832743346691131591796875
2.668019895565674204362949240021407604217529296875
84.1180925948275444170576520264148712158203125
16.80448259082034923039827845059335231781005859375
-67.1535108943630092426246847026050090789794921875
69.685873837443608636021963320672512054443359375
8.5873792603754335317489676526747643947601318359375
-4.5251761470439273438159943907521665096282958984375
79.852980333355134234807337634265422821044921875
-7.54284817939361129646158588002435863018035888671875
81.2797618005654527451042667962610721588134765625
69.538261588739857188556925393640995025634765625
32.94413250302016393789017456583678722381591796875
12.2602425879423808652290972531773149967193603515625
-97.3498589873324107202279265038669109344482421875
-86.0551247293444276920126867480576038360595703125
59.49345170839296059739353950135409832000732421875
-69.755998395875366213658708147704601287841796875
-45.64676470811491526546888053417205810546875
-76.7040784219394566889604902826249599456787109375
-94.7345387917524845988737070001661777496337890625
-92.6730009437099084834699169732630252838134765625
84.551838167229760756526957266032695770263671875
-3.92210030246791330199584990623407065868377685546875
41.1777371910637839391711167991161346435546875
-2.175256700338903836922099799267016351222991943359375
-44.87001896924420663026467082090675830841064453125
59.57912995963914681851747445762157440185546875
-14.8639172716338503477118138107471168041229248046875
85.25803856321959983688429929316043853759765625
-81.2130845826988974067717208527028560638427734375
-23.532962010500824590053525753319263458251953125
-85.11730185089118094765581190586090087890625
-85.0188968188193570085786632262170314788818359375
-93.9528483903859950032710912637412548065185546875
-98.75535936869272291005472652614116668701171875
-2.834698251174729843882005297928117215633392333984375
-61.276150735355173537755035795271396636962890625
7.6352742416038790196353147621266543865203857421875
59.5847336554857776036442373879253864288330078125
-62.542796297243029357559862546622753143310546875
-55.33828086126328571481280960142612457275390625
-58.690451475473281561789917759597301483154296875
-88.9685365727867321083977003581821918487548828125
18.6934280051852823589797480963170528411865234375
-24.922557108639718848053234978578984737396240234375
-55.5582444812652198606883757747709751129150390625
-73.0641081782020620494222384877502918243408203125
-49.84914879762485639957958483137190341949462890625
51.30152617597584452369119389913976192474365234375
-0.1694362923939254361727080322452820837497711181640625
84.8635559088163660135251120664179325103759765625
-87.01364686488369670769316144287586212158203125
31.621398949220431262574493302963674068450927734375
35.46427444588845645512265036813914775848388671875
-68.192124211165122460442944429814815521240234375
86.1822706409063385990521055646240711212158203125
15.1048286347418372344009185326285660266876220703125
49.22446540042530926939434721134603023529052734375
13.368570821919977475999985472299158573150634765625
5.89805289237548624470264257979579269886016845703125
-58.72050322708813752115020179189741611480712890625
58.2650682430463717764723696745932102203369140625
-53.71348108958105882493327953852713108062744140625
-53.93201360253302567571154213510453701019287109375
-9.01865061872593543057519127614796161651611328125
-20.595222121298622397489452851004898548126220703125
-34.81070725717150793343535042367875576019287109375
6.179189914586178389299675473012030124664306640625
41.42627269973603887365243281237781047821044921875
-61.319725923423305857795639894902706146240234375
-14.7716298664566618725757507490925490856170654296875
-20.782916699909907976007161778397858142852783203125
-6.51789962978235148938210841151885688304901123046875
10.446088856030815605890893493779003620147705078125
-39.7929266291825882717603235505521297454833984375
94.2718737901024184111520298756659030914306640625
-70.5743695664964576508282334543764591217041015625
-93.05560205798695960766053758561611175537109375
87.8135620263504819149602553807199001312255859375
69.7167067490272387431105016730725765228271484375
47.8307024723087437223512097261846065521240234375
20.885609349850899008060878259129822254180908203125
-16.732620126189136300354221020825207233428955078125
53.285558428988480272892047651112079620361328125
77.363644092240605232291272841393947601318359375
-10.7559254349679491724600666202604770660400390625
-78.8472163090783766392632969655096530914306640625
-8.457055730482835542716202326118946075439453125
81.764878063889256054608267731964588165283203125
-77.2432499879890883676125667989253997802734375
70.9762365104314056907242047600448131561279296875
-2.608068040290056455177136740530841052532196044921875
30.3477072337642539423541165888309478759765625
21.096787427579602791638535563834011554718017578125
-4.3573778477986824242407237761653959751129150390625
-67.691682453355298321184818632900714874267578125
12.066887311361423229527645162306725978851318359375
-66.826843424834379447929677553474903106689453125
76.09354153818543409215635620057582855224609375
-20.826812012401166640529481810517609119415283203125
40.05051789125489136722535477019846439361572265625
-70.3021720057368355583093944005668163299560546875
-4.4246235360270649294989198097027838230133056640625
-33.14738987943551506987205357290804386138916015625
37.170454905130327460938133299350738525390625
-77.0093307363212744576230761595070362091064453125
-48.733234509296011083279154263436794281005859375
64.4702815382550937783889821730554103851318359375
86.7215063796821112873658421449363231658935546875
-21.732281608932058958316702046431601047515869140625
31.654968746985073124733389704488217830657958984375
8.9431459097651764267311591538600623607635498046875
-58.6648721056799473672072053886950016021728515625
-60.39873795542687417992055998183786869049072265625
-4.53108767972897208409222002956084907054901123046875
29.160571692549968503271884401328861713409423828125
-33.7050788637474028064389131031930446624755859375
-65.60288264617230424846638925373554229736328125
-46.93120306033527100453284219838678836822509765625
-18.4479304917493465154620935209095478057861328125
55.7620060774432175776382791809737682342529296875
59.497295159011144960459205321967601776123046875
-33.8232929743790720067408983595669269561767578125
12.91329147994841974877999746240675449371337890625
45.41295667781820810660065035335719585418701171875
-11.39882271410647973652885411866009235382080078125
-94.7934368543005376750443247146904468536376953125
-59.810766612672551900686812587082386016845703125
-67.319410194405378433657460846006870269775390625
-25.138989486065892009492017677985131740570068359375
69.6554173601905546320267603732645511627197265625
75.4666296891227403875745949335396289825439453125
23.279767952327627966724321595393121242523193359375
-53.69418855965283654541053692810237407684326171875
1.7796105484673081509328085303422994911670684814453125
-77.9110653189354280812040087766945362091064453125
-51.52989088950153018231503665447235107421875
29.455742721928064753456055768765509128570556640625
-83.18307711653091018888517282903194427490234375
-83.028746128134315540592069737613201141357421875
-14.1311630249426247729616079595871269702911376953125
-25.44691246844529786130806314758956432342529296875
89.8044823994026586433392367325723171234130859375
99.8989352646242849687041598372161388397216796875
-37.4781257010124164708031457848846912384033203125
-22.07917009489009529943359666503965854644775390625
-0.55802114021539939159310961258597671985626220703125
-26.4149873922703051221105852164328098297119140625
20.691485293585177629438476287759840488433837890625
57.73719794346657607775341602973639965057373046875
25.442432687904027233116721617989242076873779296875
40.36579493060389012271116371266543865203857421875
3.45127475733192934370663351728580892086029052734375
-47.10048364625070149713792488910257816314697265625
-11.4172597155364545784550500684417784214019775390625
16.244406513050133611386627308093011379241943359375
-23.081197404639983261631641653366386890411376953125
-85.824836325166842243561404757201671600341796875
-83.425736882806205585438874550163745880126953125
-0.852700622498824056805233340128324925899505615234375
58.97468484462166316006914712488651275634765625
-55.36679043392538090984089649282395839691162109375
88.025869944875950068308156915009021759033203125
-42.45366282683905723160933121107518672943115234375
83.850149345448215854048612527549266815185546875
-60.73839248466460816189282923005521297454833984375
10.90067523888841805046467925421893596649169921875
-28.08180562028126558971052872948348522186279296875
20.821785854993724029782242723740637302398681640625
-71.0539943971597693916919524781405925750732421875
-44.89860670259266584025681368075311183929443359375
-97.48726519219434294427628628909587860107421875
68.5721457777766687513576471246778964996337890625
-25.852709459538392167132769827730953693389892578125
28.293375612953990838605022872798144817352294921875
-23.227220380395568355424984474666416645050048828125
31.231907510316471388023273902945220470428466796875
-79.530438787811220890944241546094417572021484375
26.556292526431217737581391702406108379364013671875
-54.93656468088870070687335100956261157989501953125
18.20360978944477636787269148044288158416748046875
62.507372998714430423206067644059658050537109375
84.812675276152361902859411202371120452880859375
3.351447882543840517399758027750067412853240966796875
-98.1288289714138528552211937494575977325439453125
53.827986419223094571862020529806613922119140625
8.918646704961428639535370166413486003875732421875
29.576597285747624255236587487161159515380859375
-18.057329666612577767637048964388668537139892578125
-0.95632026566712557968941155195352621376514434814453125
-17.9503098781643899428672739304602146148681640625
90.6388660105843797509805881418287754058837890625
65.45636333276706864126026630401611328125
-19.9027327275690595342894084751605987548828125
-69.11730026371225221737404353916645050048828125
-55.184629119783267015009187161922454833984375
16.0548121393843672422008239664137363433837890625
-51.74680965470127347316520172171294689178466796875
88.8747292534834940624932642094790935516357421875
-70.7474239530065887038290384225547313690185546875
2.51547085809576120851716041215695440769195556640625
34.1157028944171969442322733812034130096435546875
65.513632940810566651634871959686279296875
5.2295966070619357424220652319490909576416015625
92.898154149599491802291595377027988433837890625
-84.5307709925577768217408447526395320892333984375
46.92234562157150179473319440148770809173583984375
-16.621945904466230103935231454670429229736328125
31.1714771308695191009974223561584949493408203125
50.8342518754579799633575021289288997650146484375
40.911292357778364703335682861506938934326171875
-79.0189567203617428958750679157674312591552734375
40.0329505393455207240549498237669467926025390625
7.88483847077194344166173323174007236957550048828125
-5.2166946056223313377131489687599241733551025390625
-88.687375198437194967482355423271656036376953125
95.7991094960838296401561819948256015777587890625
-6.57981612679107019658886201796121895313262939453125
-46.2981264008119097752569359727203845977783203125
85.2458265897578399972189799882471561431884765625
63.229679571035404705980909056961536407470703125
11.6869762596787296615730156190693378448486328125
99.7892968665093320623782346956431865692138671875
-7.55033172003448527220825781114399433135986328125
-87.711267062173845943107153289020061492919921875
20.487892193384908523512422107160091400146484375
-60.6130403062017677484618616290390491485595703125
37.7968873462859420442327973432838916778564453125
-68.577687298264351056786836124956607818603515625
41.5993809893630128726726979948580265045166015625
73.9459786871261286478329566307365894317626953125
-37.0054094510193039013756788335740566253662109375
0.60598806547585493120777755393646657466888427734375
-16.2384842205083401722731650806963443756103515625
24.950689504795679596327317995019257068634033203125
-27.969954183126926494651343091391026973724365234375
-65.940768645931029823259450495243072509765625
-1.074662613770459795858869256335310637950897216796875
8.281499001881780230860385927371680736541748046875
6.18630731482736617721229777089320123195648193359375
99.052555674507146932228351943194866180419921875
34.92011879786790728985579335130751132965087890625
22.6442873581714110287066432647407054901123046875
-13.9860987352336092470750372740440070629119873046875
-3.485650015391887013294081043568439781665802001953125
-76.61945305999068978053401224315166473388671875
5.13009582967991395463513981667347252368927001953125
24.143506226238105938364242319948971271514892578125
81.7352071452503281534518464468419551849365234375
-40.76930952968478294451415422372519969940185546875
-70.1667881628203531363396905362606048583984375
25.7639729910037971194469719193875789642333984375
-44.48875078929294346608003252185881137847900390625
23.933386785292331211394412093795835971832275390625
-48.0827027518496237235012813471257686614990234375
81.628767074307717166448128409683704376220703125
55.5634594472467853165653650648891925811767578125
-65.8000644057851360457789269275963306427001953125
-41.5520673619379294905229471623897552490234375
2.00362484254309247688752293470315635204315185546875
-3.559510604671365374684910420910455286502838134765625
-22.81882020294202817467521526850759983062744140625
-71.4229610059384185660746879875659942626953125
-33.29560601516498508090080576948821544647216796875
-82.759609408908289651662926189601421356201171875
32.03500893891685308290107059292495250701904296875
0.791353753905580159511146121076308190822601318359375
77.282514315038469021601486019790172576904296875
-91.47450545167129121182369999587535858154296875
94.6800480487481053160081501118838787078857421875
18.810092678905515839460349525325000286102294921875
78.995697493163589797404711134731769561767578125
46.09211710954691199049193528480827808380126953125
84.9598705439789654292326304130256175994873046875
72.2545756036053745674507808871567249298095703125
69.6047409012160045449491008184850215911865234375
68.205993493281852124709985218942165374755859375
-42.03753289648483359997044317424297332763671875
85.6932358381288707960266037844121456146240234375
30.152557793107614969585483777336776256561279296875
-47.60922093924117604046841734088957309722900390625
-48.252344786250347397071891464293003082275390625
-32.56106624421007467162780812941491603851318359375
-24.552636378883246237592175020836293697357177734375
98.2985605964355926289499620907008647918701171875
-45.12583097434907131173531524837017059326171875
14.6489105078130261716751192579977214336395263671875
34.656904514873787093165447004139423370361328125
-41.22747665956828910793774412013590335845947265625
67.0985890032215337441812152974307537078857421875
-61.7567846578140660085409763269126415252685546875
-62.7574168973708452767823473550379276275634765625
-28.672464724410044567548538907431066036224365234375
-51.5248460861458141835100832395255565643310546875
-88.815975223760460721678100526332855224609375
92.3872188591677883096053847111761569976806640625
-81.4234427490736862864650902338325977325439453125
57.42182606982863291023022611625492572784423828125
23.043546067664916421335874474607408046722412109375
-59.03693219657021273860664223320782184600830078125
26.190272124146833476743267965503036975860595703125
-33.37732067966596360975017887540161609649658203125
-19.70593733839665873119884054176509380340576171875
55.1490680368071508610228192992508411407470703125
-18.7203601468345510738799930550158023834228515625
-31.198253776232593992290276219137012958526611328125
94.995338159747717554637347348034381866455078125
64.6681518829072246035138959996402263641357421875
-10.8997691931040190382873333874158561229705810546875
-59.69704533936259593929207767359912395477294921875
25.90283589008600273473348352126777172088623046875
96.2250585742605863970311474986374378204345703125
-67.748484271806347578603890724480152130126953125
37.3279972704210223355403286404907703399658203125
-80.9839842211256808468533563427627086639404296875
24.711974126857437994431165861897170543670654296875
27.833461576042424212573678232729434967041015625
18.919319807430444058127250173129141330718994140625
21.319246234154309860286957700736820697784423828125
71.11292352671472372094285674393177032470703125
-46.7275025930871521495646447874605655670166015625
22.599678521886001902885254821740090847015380859375
74.15371127934048445240478031337261199951171875
47.07030922216785739919941988773643970489501953125
0.94648200713272900852501834378927014768123626708984375
38.03796459639187332868459634482860565185546875
-12.314691982875860531976286438293755054473876953125
76.421810164552056221509701572358608245849609375
-44.6872570234321671023280941881239414215087890625
26.57386123062376981351917493157088756561279296875
72.6342719964543022115321946330368518829345703125
0.1760973101165992094063739159537362866103649139404296875
-70.900000706784140902527724392712116241455078125
60.8026840686352585407803417183458805084228515625
-15.17769864117648381807157420553267002105712890625
-57.245417861983668217362719587981700897216796875
-13.682417411582267874337048851884901523590087890625
98.4629643505262492908514104783535003662109375
-78.7394834575250257557854638434946537017822265625
-44.20058181896748550343545502983033657073974609375
38.11272007019488938794893329031765460968017578125
-19.8263977526810180052052601240575313568115234375
-76.5121604312774792333584628067910671234130859375
-36.53689989345269140130767482332885265350341796875
-66.432196944330627275121514685451984405517578125
9.4293094908743402271511513390578329563140869140625
38.48030654631576652491276036016643047332763671875
-49.60859027561820511209589312784373760223388671875
51.0199434623724954462886671535670757293701171875
-51.51061654300143999307692865841090679168701171875
13.5306155845397739767577149905264377593994140625
-17.08269680269904711167328059673309326171875
-54.54544929108882200807784101925790309906005859375
48.49880242569260957452570437453687191009521484375
43.7886297474354790892903110943734645843505859375
-61.51345171221662866400947677902877330780029296875
-53.47734594602606961188939749263226985931396484375
-55.20415244346105509976041503250598907470703125
-13.9212350988727227019126075902022421360015869140625
-10.6244652338950746894852272816933691501617431640625
56.4930566201394270819946541450917720794677734375
-60.8059071389146055253149825148284435272216796875
14.1764684064374844041367396130226552486419677734375
-27.956181929839157618289391393773257732391357421875
-0.9466303165378258110962406135513447225093841552734375
-13.0615850035165355080835070111788809299468994140625
-87.2986122157320920678102993406355381011962890625
-71.2660604524333933795787743292748928070068359375
77.3645910759454551453018211759626865386962890625
95.6022178471493333518083090893924236297607421875
48.32291061146120370040080160833895206451416015625
-73.66651308431715960978181101381778717041015625
27.120561854093690357103696442209184169769287109375
77.0263452592466393298309412784874439239501953125
21.9262212746424012266288627870380878448486328125
32.78539542172214993343004607595503330230712890625
-67.110968332574969963388866744935512542724609375
-15.46608860308865729393801302649080753326416015625
26.779193677311212695713038556277751922607421875
12.793781300350378415942032006569206714630126953125
-31.6477720164781857192792813293635845184326171875
78.1006595453074652368741226382553577423095703125
66.705739752427831490422249771654605865478515625
-87.2552112131804022965297917835414409637451171875
-38.22071893424637067937510437332093715667724609375
32.5510175542996904596293461509048938751220703125
-64.3472382036708978603201103396713733673095703125
-75.025369622165868577212677337229251861572265625
-63.34445601002330050732780364342033863067626953125
-6.6941635554387897144579255837015807628631591796875
-95.1609288390084913089594920165836811065673828125
96.0771142571481249206044594757258892059326171875
-96.964467173280382894517970271408557891845703125
34.8697568556180641508035478182137012481689453125
-64.3239904576031591432183631695806980133056640625
45.53707631306763659040370839647948741912841796875
3.812767635952502676133235581801272928714752197265625
95.559635382496395550333545543253421783447265625
-38.46387822133346645614437875337898731231689453125
33.5241778447060738699292414821684360504150390625
23.033499279340592380549423978663980960845947265625
13.4440099461343169906513139721937477588653564453125
20.780808871719198549499196815304458141326904296875
41.4966648424550612617167644202709197998046875
-12.2801559337653163339609818649478256702423095703125
-5.10819844232055597643693545251153409481048583984375
-25.252407351926176914957977714948356151580810546875
67.21438405301233842692454345524311065673828125
-28.54197037744830112160343560390174388885498046875
-71.2775055406714983519123052246868610382080078125
-23.698266361765217169477182324044406414031982421875
81.5145027886791098126195720396935939788818359375
-67.798475293507891592525993473827838897705078125
70.12747215888708751663216389715671539306640625
-51.54282089892975449174628010950982570648193359375
33.98587144150724270730279386043548583984375
78.4501964744415403174571110866963863372802734375
15.887021182464962976155220530927181243896484375
76.6524355866628326339196064509451389312744140625
21.97587333511729212887075846083462238311767578125
-4.50326529257835428410317035741172730922698974609375
8.820203112964623670677610789425671100616455078125
-27.94218499831266200317259063012897968292236328125
82.3553031908294315144303254783153533935546875
-61.08637904205601643070622230879962444305419921875
-82.360872534553919876998406834900379180908203125
35.84545375218647933479587663896381855010986328125
-93.203231048011133452746435068547725677490234375
-1.8136443082031938889286948324297554790973663330078125
58.89447593922734114357808721251785755157470703125
-43.999165813122573354121414013206958770751953125
-37.574450998816502078625489957630634307861328125
47.5181372275282711825639125891029834747314453125
-30.517816614020976118126782239414751529693603515625
-78.914631160121501807225286029279232025146484375
-67.79988321920046701052342541515827178955078125
-46.077661820041186047092196531593799591064453125
5.70523453059556828748100087977945804595947265625
49.46775126513758635837803012691438198089599609375
-52.46107134905047786332943360321223735809326171875
-19.727492397266981782877337536774575710296630859375
37.26471328640292313139070756733417510986328125
-21.921103471581684374314136221073567867279052734375
-3.170105887013679346608796549844555556774139404296875
0.43987331446540611779028040473349392414093017578125
-76.7379580461070958108393824659287929534912109375
93.0985842957012295073582208715379238128662109375
29.106480980558718130168927018530666828155517578125
17.76082210758414703377638943493366241455078125
-69.21265211929716087979613803327083587646484375
-67.1980747240334466141575830988585948944091796875
74.576148591404916032843175344169139862060546875
36.50725446650037753215656266547739505767822265625
47.82079836480917123253675526939332485198974609375
-61.37734043641811609859360032714903354644775390625
65.248363706459628019729279913008213043212890625
-90.678902336646814319465192966163158416748046875
-70.2361904046361900100237107835710048675537109375
-97.7306810615303191980274277739226818084716796875
11.8766587003396804078647619462572038173675537109375
51.3041911303201771943349740467965602874755859375
-56.65836453067424116625261376611888408660888671875
80.0644521418688412950359634123742580413818359375
-1.901669562873105956413155581685714423656463623046875
-21.650946341476508649748211610130965709686279296875
-23.270065924124264000738548929803073406219482421875
-71.9329512584823334009342943318188190460205078125
44.2176201051128856533978250809013843536376953125
38.51429031202275865553019684739410877227783203125
65.1525160619522694105398841202259063720703125
98.98540704154555669447290711104869842529296875
-65.129000319860324452747590839862823486328125
-32.87822013170839596796213299967348575592041015625
-30.305124109828280865031047142110764980316162109375
30.63156074537817374903170275501906871795654296875
68.7763994893549579501268453896045684814453125
26.114882046770244272693162201903760433197021484375
14.801568179414918091651998111046850681304931640625
16.42330923899887551442589028738439083099365234375
-37.3515298104215816010764683596789836883544921875
46.2753415415496789364624419249594211578369140625
31.2064153179542671523449826054275035858154296875
-60.73982773572092952463208348490297794342041015625
-39.24884502832720301057634060271084308624267578125
-36.79382715716653962090276763774454593658447265625
1.3387799831978088871409227067488245666027069091796875
46.4328149536544714237606967799365520477294921875
-22.0204801668758562982475268654525279998779296875
-19.160188206740510707959401770494878292083740234375
27.597465346099237848420671070925891399383544921875
14.2067031386183320051941336714662611484527587890625
-65.128636660792977863820851780474185943603515625
-51.0097398991519384026105399243533611297607421875
28.2601433036900147044434561394155025482177734375
-10.9551919550492034005628738668747246265411376953125
91.8623409233481282853972516022622585296630859375
16.567193855005530878088393365032970905303955078125
-52.6957152359755269799279631115496158599853515625
-38.60639042558131706073254463262856006622314453125
24.7410810141786754456916241906583309173583984375
0.32616125585786814866651184274815022945404052734375
-10.6563788892496944527010782621800899505615234375
88.504934213931619524373672902584075927734375
-37.5449101827196756175908376462757587432861328125
7.014598813400294119446698459796607494354248046875
38.6146010969299169346413691528141498565673828125
67.081453203909944704719237051904201507568359375
72.23635635056842829726519994437694549560546875
-40.43345151692718530966885737143456935882568359375
84.88732451170591275513288564980030059814453125
-55.896112567299297779754851944744586944580078125
-68.4423861687956929245046922005712985992431640625
-27.20339110292974282856448553502559661865234375
22.001574085999692442783270962536334991455078125
25.32495627366161983218262321315705776214599609375
-83.8692323115768800789737724699079990386962890625
-10.7411829590417848834249525680206716060638427734375
-80.2641027108949316470898338593542575836181640625
-49.45807238451363474496247363276779651641845703125
-54.5789736995374141770298592746257781982421875
-12.7266986819880028036777730449102818965911865234375
1.8297134564457326888486932148225605487823486328125
-54.69173358698481735018503968603909015655517578125
3.01527539283269874204052030108869075775146484375
-64.393289194884147264019702561199665069580078125
30.9389994603389339999921503476798534393310546875
-3.9843192659197210758748042280785739421844482421875
37.3276729713465584836740163154900074005126953125
9.9143891623777538057993297115899622440338134765625
27.968352840374937073875116766430437564849853515625
-16.64639857033049707979444065131247043609619140625
3.98287016433635354673015172011218965053558349609375
82.03964365485563803304103203117847442626953125
76.194829518870250240070163272321224212646484375
55.957255363834320860405568964779376983642578125
8.957096354873709032062834012322127819061279296875
59.92212789667967598461473244242370128631591796875
-70.8581966235153828392867580987513065338134765625
60.7074007507766282287775538861751556396484375
-93.1096236875833938029245473444461822509765625
7.05334947807900203287090334924869239330291748046875
-55.6359642429033129928939160890877246856689453125
8.246059385376707240311588975600898265838623046875
48.6104035236813984965920099057257175445556640625
19.020685115304413415060480474494397640228271484375
-30.247303806130066305968284723348915576934814453125
-83.8446206675462946122934226877987384796142578125
-62.1698841096825134400205570273101329803466796875
86.925645625029716256904066540300846099853515625
-16.101695171606483114601360284723341464996337890625
1.1330095029260831562822886553476564586162567138671875
-91.4687624034922492910482105799019336700439453125
2.220946297817746550862239018897525966167449951171875
78.355741615459379545427509583532810211181640625
-46.72820780232937210030286223627626895904541015625
56.932723340935154965336550958454608917236328125
83.747168880172154104002402164041996002197265625
-51.386429435922678976567112840712070465087890625
-97.4013448072797842769432463683187961578369140625
-23.665551388209816963126286282204091548919677734375
4.90010736452805684137956632184796035289764404296875
-3.7782591878946565344676855602301657199859619140625
-48.36629483913912253001399221830070018768310546875
44.8275274486212538249674253165721893310546875
-51.0830481802471894070549751631915569305419921875
56.00265227555194513797687250189483165740966796875
-70.4119472818998843877125182189047336578369140625
13.9425993536417802687310540932230651378631591796875
29.12411204313092838447118992917239665985107421875
58.2633986345271495110864634625613689422607421875
5.7230988935144093687767963274382054805755615234375
4.82242832539060284346987828030250966548919677734375
35.95764072673339484254029230214655399322509765625
13.9191223844123914687997967121191322803497314453125
43.6013111227337191166952834464609622955322265625
-8.653450668365483267052695737220346927642822265625
-35.37742663381942520572920329868793487548828125
-15.9902446773126651891061555943451821804046630859375
31.1750019666535109763572108931839466094970703125
-78.215604108698926211218349635601043701171875
26.714743583081439481929919566027820110321044921875
24.623541926195930074072748539038002490997314453125
-53.90714664626400320912580355070531368255615234375
-0.388793284629807278651725255258497782051563262939453125
-12.1951976029508699639336555264890193939208984375
80.82115396282728170262998901307582855224609375
-69.9078468449787351346458308398723602294921875
-97.431523983460323279359727166593074798583984375
-22.62283769575370939719505258835852146148681640625
-34.9769325725110746816426399163901805877685546875
-66.870664066371404032906866632401943206787109375
-94.9672211371320145190111361443996429443359375
-78.310586945958988280835910700261592864990234375
-3.755947919144251301304393564350903034210205078125
-68.529948293235293022007681429386138916015625
-29.370438687524174525833586812950670719146728515625
43.20181455930057978775948868133127689361572265625
-6.82040289125212151333244037232361733913421630859375
14.18838202375493295903652324341237545013427734375
-50.32609261986550563960918225347995758056640625
84.181884592998500238536507822573184967041015625
80.8607460240045838872902095317840576171875
75.2194280265433832255439483560621738433837890625
42.4439207342047239990279194898903369903564453125
-35.11064349425863184706031461246311664581298828125
40.1735815739885566699740593321621417999267578125
-87.854160880048453918789164163172245025634765625
-30.192804296866139424082575715146958827972412109375
29.537647208068758430954403593204915523529052734375
-24.492965989732521592259217868559062480926513671875
73.866610163781587061748723499476909637451171875
63.79271286288156517230163444764912128448486328125
18.67768226469468828554454375989735126495361328125
-15.8569565799743852352321482612751424312591552734375
43.34577993920073168965245713479816913604736328125
-18.592706285792001352774605038575828075408935546875
-31.279644415126245604596988414414227008819580078125
21.49851537505923460003032232634723186492919921875
73.3708389304241705985987209714949131011962890625
86.6281192192837323773346724919974803924560546875
-78.860291688268262078054249286651611328125
49.0220867332717489261995069682598114013671875
25.437876375449292254415922798216342926025390625
-74.5455520749816713532709400169551372528076171875
-76.7250103175506836805652710609138011932373046875
9.5428521670960009259943035431206226348876953125
44.3870992663068051342634134925901889801025390625
-99.1086083222189557773162960074841976165771484375
77.4576946345151782225002534687519073486328125
-65.0377108845334390707648708485066890716552734375
-29.868960477921962848313341964967548847198486328125
83.5927307956004170819142018444836139678955078125
93.2350379154482169496986898593604564666748046875
-96.6665700085462020751947420649230480194091796875
-31.25273659698529371553377131931483745574951171875
49.45033321071660026291283429600298404693603515625
39.4955054774741682876992854289710521697998046875
-99.3609539187146282301910105161368846893310546875
-40.7196795634636288241381407715380191802978515625
25.327323156645359603089673328213393688201904296875
-73.011118479588816398972994647920131683349609375
11.3767958578902419475298302131704986095428466796875
4.480124979772892146456797490827739238739013671875
-29.03112351527945378393269493244588375091552734375
48.47043944644077129169090767391026020050048828125
70.4878249601036799276698729954659938812255859375
2.27559954799051578078206148347817361354827880859375
-78.722043707748611041097319684922695159912109375
-69.5302694745873992587803513742983341217041015625
-40.0292632037452875692906673066318035125732421875
65.1431016282405863648818922229111194610595703125
51.69046450901466727145816548727452754974365234375
-31.096496026083325858735406654886901378631591796875
-45.32067580632011782881818362511694431304931640625
-35.00471134295755604171063168905675411224365234375
-64.1404296412202938881819136440753936767578125
94.3096159041370327713593724183738231658935546875
-98.9845636696272066501478548161685466766357421875
-5.175152151166845015950457309372723102569580078125
-27.406830030351397198273843969218432903289794921875
-53.1640882742828040363747277297079563140869140625
26.45471352186586955212987959384918212890625
84.6960885894168740151144447736442089080810546875
-69.0146055509892875079458463005721569061279296875
-10.0929554112648478536584661924280226230621337890625
-81.8887420618708432584753609262406826019287109375
-82.875044512152868492194102145731449127197265625
-48.86462591421582857265093480236828327178955078125
-33.33372013124257904337355284951627254486083984375
-73.297227799459363950518309138715267181396484375
25.721526000433737380035381647758185863494873046875
-43.0717583912829695691470988094806671142578125
62.87456234292708501243396312929689884185791015625
-32.695193233833464319104677997529506683349609375
68.2433335291298277525129378773272037506103515625
93.804579345494488507029018364846706390380859375
38.39041597451740273072573472745716571807861328125
-4.1512553931518851868531783111393451690673828125
64.8567951723853894918647711165249347686767578125
-32.32954578143219492858406738378107547760009765625
-42.5477695816365439895889721810817718505859375
90.360103145548322345348424278199672698974609375
-51.965095835833750470555969513952732086181640625
-69.6017762034405649274049210362136363983154296875
94.6375638564452827949935453943908214569091796875
-38.89956809134258719495846889913082122802734375
96.5449142880597719340585172176361083984375
22.881504524548148538087843917310237884521484375
-5.50598706001730864301180190523155033588409423828125
76.832824854316498885964392684400081634521484375
-86.5787579779686211622902192175388336181640625
-35.66077048512729419371680705808103084564208984375
-94.412935653373779132380150258541107177734375
14.8693923126390217248626868240535259246826171875
-68.502966541765914598727249540388584136962890625
86.959105880269135013804771006107330322265625
93.5842376561640776344574987888336181640625
17.824305434569961192892151302658021450042724609375
89.143049257198441637228825129568576812744140625
22.890534582570186472594286897219717502593994140625
-48.98799695470875548153344425372779369354248046875
-92.048598401466023233297164551913738250732421875
-46.2381225886512225997648783959448337554931640625
26.9796611421567291699830093421041965484619140625
-56.052909779489112906958325766026973724365234375
-8.082135973828794561768518178723752498626708984375
-77.1117742300685478085142676718533039093017578125
64.1209825698141457905876450240612030029296875
29.73984480740387681407810305245220661163330078125
15.3026570376071457957323218579404056072235107421875
77.0522780112285232689828262664377689361572265625
-48.54266711456853755635165725834667682647705078125
-90.7359105621117834061806206591427326202392578125
20.2390728736282170530103030614554882049560546875
-19.1624710131069377894164063036441802978515625
70.1847089206558649721046094782650470733642578125
-49.7132244657131394660609657876193523406982421875
48.28258698020159300767772947438061237335205078125
90.80254606085492241618339903652667999267578125
-62.16843376200109361207069014199078083038330078125
-21.194252933879749178913698415271937847137451171875
42.95834449254525821970673860050737857818603515625
62.562782300977829663679585792124271392822265625
7.2086834553001519765302873565815389156341552734375
-50.765525447543865311672561801970005035400390625
-28.429135563492639704463726957328617572784423828125
74.6449477657379105721702217124402523040771484375
65.96334545629889589690719731152057647705078125
-79.041389032936166358922491781413555145263671875
-82.9401862782833774190294207073748111724853515625
49.8878750420995089598363847471773624420166015625
-20.483125695982433711606063297949731349945068359375
33.09909038518149060337236733175814151763916015625
-27.831332109891771864340626052580773830413818359375
40.44788654999174326576394378207623958587646484375
67.2160479883037140780288609676063060760498046875
-18.10101424711631779018716770224273204803466796875
-56.58426599857758532152729458175599575042724609375
61.51031102422944485397238167934119701385498046875
-14.0314920132688403242582353414036333560943603515625
88.5864378153207354671394568867981433868408203125
-57.07138295623405355172508279792964458465576171875
-5.310547765667369191078250878490507602691650390625
22.68426309393101547584592481143772602081298828125
-9.6541084607399749728529059211723506450653076171875
19.642148439326891917744433158077299594879150390625
-23.473231584061611698643901036120951175689697265625
-38.94328235848721675438355305232107639312744140625
-15.7281227105989298564736600383184850215911865234375
94.80578966301442278563627041876316070556640625
62.79638105506813872125349007546901702880859375
49.8542264979022462512148194946348667144775390625
41.0706596157551757642067968845367431640625
-83.6471337090229809518859838135540485382080078125
80.7944256964054972058875137008726596832275390625
69.2222925175161662991740740835666656494140625
-7.900826201453650554640262271277606487274169921875
-48.51042806801135753858034149743616580963134765625
65.6520573844446744260494597256183624267578125
-37.07579532501427621582479332573711872100830078125
-64.3696838584071286959442659281194210052490234375
-21.00025488796615036335424520075321197509765625
-17.82454106833182549962657503783702850341796875
-3.738993749606907446292325403192080557346343994140625
98.920415622179433512428659014403820037841796875
-89.3647729684377196690547862090170383453369140625
50.13781410197973542608451680280268192291259765625
45.2730986832255979379624477587640285491943359375
21.969581888791932300364351249299943447113037109375
82.3327559200408956030514673329889774322509765625
68.3862196547922422951160115189850330352783203125
-89.5261985855513557908125221729278564453125
-19.348447986587824942716906662099063396453857421875
53.01206128072119128091799211688339710235595703125
31.347630589366264786121973884291946887969970703125
-28.82119698907295202161549241282045841217041015625
-7.81216193217065946186039582244120538234710693359375
-60.542336617635072570919874124228954315185546875
-74.84887887835014907977893017232418060302734375
-67.9277424213687339715761481784284114837646484375
84.7814668751573918825670261867344379425048828125
-25.500074628591644199104848667047917842864990234375
-75.6559222240230582201547804288566112518310546875
-85.02025976364012649355572648346424102783203125
-48.777762159690865928496350534260272979736328125
-42.12948610885914746404523612000048160552978515625
-48.3578899173394205490694730542600154876708984375
-0.13875447724025502527211983760935254395008087158203125
-15.7947526749141591295710895792581140995025634765625
-25.510550664410015286875932360999286174774169921875
12.7411461484477825933936401270329952239990234375
28.6479683279314230048839817754924297332763671875
63.5274536174492681084302603267133235931396484375
16.04974734300190419844511779956519603729248046875
60.213494084841926223816699348390102386474609375
-12.4564677381101720499145812937058508396148681640625
70.4168217844576673769552144221961498260498046875
-66.3452767813037809219167684204876422882080078125
-5.54156809475228318007111738552339375019073486328125
92.30469763808281413730583153665065765380859375
-33.6736506595641600370072410441935062408447265625
56.49446168636858800482514197938144207000732421875
50.6334590990362727325191372074186801910400390625
-28.53146636297793037329029175452888011932373046875
-82.6813747803133338720726897008717060089111328125
-57.943476278521103495222632773220539093017578125
31.653852779166253839093769784085452556610107421875
-27.17219519246490477826228016056120395660400390625
-39.81869354376741654277793713845312595367431640625
44.4407575551159652604837901890277862548828125
44.3351529652881026777322404086589813232421875
-13.09592852228852422058480442501604557037353515625
73.3799715371195730995168560184538364410400390625
-14.3651470843135289356951034278608858585357666015625
-52.22330407324879075758872204460203647613525390625
-65.7274935485288125391889479942619800567626953125
-95.2288458040895164913308690302073955535888671875
15.8659460598567090272581481258384883403778076171875
-14.179858361264077615260248421691358089447021484375
26.018436175145296829214203171432018280029296875
41.2366633205290753494409727863967418670654296875
81.1409297105815738859746488742530345916748046875
-98.6613674868833783193622366525232791900634765625
60.1646537370039595771231688559055328369140625
24.52105560312485721397024462930858135223388671875
16.85144757653102942640543915331363677978515625
-8.7266716030466557896261292626149952411651611328125
-99.705722586018254105511005036532878875732421875
17.419375707245563944525201804935932159423828125
34.9895824134137143346379161812365055084228515625
30.712683042492709972748343716375529766082763671875
25.35419821268427398308631381951272487640380859375
-95.45476217533388307856512255966663360595703125
-37.53887138043463522762976936064660549163818359375
-79.5141637417579971724990173242986202239990234375
64.7639827932404870125537854619324207305908203125
-5.01020024499244787108409582288004457950592041015625
-40.6095287007673277912545017898082733154296875
-56.8728749087168097275934997014701366424560546875
-2.88113620049434526748655116534791886806488037109375
56.00948730785909646101572434417903423309326171875
-23.25041693639992246289693866856396198272705078125
8.213816681430028410204613464884459972381591796875
90.5520716428792269425684935413300991058349609375
13.913823026093641743727857829071581363677978515625
-57.0074666854717548858388909138739109039306640625
-37.9141431677134193023448460735380649566650390625
93.389999332410951637939433567225933074951171875
-98.4097675228069164177213679067790508270263671875
22.2728654839841482271367567591369152069091796875
60.93955402313168434602630441077053546905517578125
7.66265961188768063294673993368633091449737548828125
-6.70682653426238584160046229953877627849578857421875
56.35517466777202599814700079150497913360595703125
-31.421094063138145457969585550017654895782470703125
91.1968242923322947035558172501623630523681640625
19.3790981805286577355218469165265560150146484375
2.62678836972860185738909422070719301700592041015625
10.289139173584867847921486827544867992401123046875
20.89914677643182727706516743637621402740478515625
-85.773562386845014771097339689731597900390625
23.9506613733178568281800835393369197845458984375
-42.2891236769707887788172229193150997161865234375
-41.60636424442612479879244347102940082550048828125
-69.1270917317388153833235264755785465240478515625
34.73834297045215180332888849079608917236328125
21.662260449180561039383974275551736354827880859375
22.11465777532094278967633727006614208221435546875
-26.32154977006204177314430125989019870758056640625
83.363550757715159988947561942040920257568359375
-24.620320863969094915546520496718585491180419921875
-51.7096501189982831192537560127675533294677734375
-61.11182015767092678970584529452025890350341796875
73.510468504556996549581526778638362884521484375
5.7692608799779332429125133785419166088104248046875
16.42812007370122273641754873096942901611328125
-5.04039291401556521776683439384214580059051513671875
78.8137698719149142334572388790547847747802734375
76.48177219062790754833258688449859619140625
12.3257472420100153698285794234834611415863037109375
