1756.99699733339230078854598104953765869140625
570.733835763072193003608845174312591552734375
3.355970801461050978531375221791677176952362060546875
1.036411046690371318135248657199554145336151123046875
62822.2923466455176821909844875335693359375
1.7315584452571692875011422074749134480953216552734375
0.08980493862761418366602583773783408105373382568359375
0.00080712445812332269008682050781544603523798286914825439453125
1403745.63633139780722558498382568359375
8716.208361607406914117746055126190185546875
0.00334461627536213924882790848869262845255434513092041015625
1.349511513904749993031373378471471369266510009765625
0.004776798216929033398525650255805885535664856433868408203125
5089.91330895704231807030737400054931640625
12.666419646118239228371749049983918666839599609375
0.0003588940639560591542960021893549082960817031562328338623046875
0.2400156872122657103485465768244466744363307952880859375
3.964353127212944638557701182435266673564910888671875
0.0014285591555934650138948160957852451247163116931915283203125
0.005228218198001426640642019805227391771040856838226318359375
