-2.244014454424922089259553104056976735591888427734375
-4.67173062708930419972830350161530077457427978515625
-1.67236360319183052780545040150173008441925048828125
-3.352859712295495508982412502518855035305023193359375
3.649634849806986824916066325386054813861846923828125
0.1178858631347302343694849469102337025105953216552734375
-0.02363837043184081887492453688537352718412876129150390625
-0.10788575349366157085650996805270551703870296478271484375
-1.57231869502363519330856433953158557415008544921875
1.9454279444064195292440899720531888306140899658203125
2.910827681498773689128256592084653675556182861328125
1.06168430023597171185656407033093273639678955078125
3.28112254502250610954661169671453535556793212890625
-3.4568907586304344903282981249503791332244873046875
-3.34963455800915976823262099060229957103729248046875
3.274661438587240791520116545143537223339080810546875
-1.83504125946620266773834373452700674533843994140625
2.150083504232075615192343320813961327075958251953125
-2.448158404620616845903668945538811385631561279296875
-1.23836145224445015600167607772164046764373779296875
0.8245435884626910461037141431006602942943572998046875
1.278773535763910285112388010020367801189422607421875
2.9582232742054213048277233610861003398895263671875
-2.34669244435150403660372830927371978759765625
-1.511679617872327963112866200390271842479705810546875
3.6287760447780090800051766564138233661651611328125
-0.62534161452333136832493210022221319377422332763671875
-3.838627158137333683640690651373006403446197509765625
-3.962306394900329653552262243465520441532135009765625
3.134801280924138122685462803929112851619720458984375
1.126649823874772859966242322116158902645111083984375
-2.47431315271342189276992939994670450687408447265625
-2.30274450506972794272542159887962043285369873046875
-3.168560592611068926771622500382363796234130859375
2.357338107222409551155806184397079050540924072265625
-2.200973743427154349916463615954853594303131103515625
-2.72682138150838593304570167674683034420013427734375
-1.595900079020079243008467528852634131908416748046875
2.180502275122527588990806179936043918132781982421875
0.7402104850442812189470487282960675656795501708984375
-2.711041707461134375733990964363329112529754638671875
0.36455739944154064158254868743824772536754608154296875
-4.46498962880681649068037586403079330921173095703125
-0.58115806986764784181076493041473440825939178466796875
-3.665836290432525235161165255703963339328765869140625
-2.05930411625594356195279033272527158260345458984375
1.0622683049146861566924826547619886696338653564453125
0.83612242577097628526416883687488734722137451171875
1.0928549016327429033168527894304133951663970947265625
-1.561538652743039268244729100842960178852081298828125
2.855171474425560074195118431816808879375457763671875
2.244381378485089673091579243191517889499664306640625
0.15238946491658378334932422148995101451873779296875
1.57797315883295130589658583630807697772979736328125
4.3755478570918153735647138091735541820526123046875
3.30214101899624079550221722456626594066619873046875
-2.4146345268616276058537550852634012699127197265625
-2.674291311740343957126242457889020442962646484375
0.3557495712642417817761497644823975861072540283203125
4.66373691818469371384026089799590408802032470703125
-1.53246245617093190816149217425845563411712646484375
-3.94236415001355311460429220460355281829833984375
-0.345037979766802671566239268940989859402179718017578125
2.485142401975789727686105834436602890491485595703125
0.6050407808216125005174035322852432727813720703125
-0.125230086168620413644703148747794330120086669921875
-3.979794045406795266472954608616419136524200439453125
3.168949844700566842448097304441034793853759765625
-4.8235022114248113922485572402365505695343017578125
-2.851931220682342171812706510536372661590576171875
-1.844493670843750710020003680256195366382598876953125
1.8753195033932137381071925119613297283649444580078125
-3.60553006849126322919119047583080828189849853515625
2.380779158073596857292386630433611571788787841796875
-0.6289517415182428461406516362330876290798187255859375
3.856272060476266805295608719461597502231597900390625
-3.1260421988230486789461792795918881893157958984375
-2.02335544937051015068618653458543121814727783203125
-0.241069516478966849870602118244278244674205780029296875
-4.86548445053374134516843696474097669124603271484375
3.3349328970900575797031706315465271472930908203125
3.972827001428335780275347133283503353595733642578125
3.9262869699961964187195917475037276744842529296875
-2.9441852044802860888239592895843088626861572265625
0.334310915342027836771876536658965051174163818359375
1.3747420328443735737522501949570141732692718505859375
0.68206410928750516031726647270261310040950775146484375
4.4471300341926625065980260842479765415191650390625
0.480625520180350207510855398140847682952880859375
-1.6243829152375273139341516070999205112457275390625
2.763530200528356406408647671923972666263580322265625
0.802386785644425781782729245605878531932830810546875
1.0365256792615091807618910024757497012615203857421875
-1.258479333896351359811660586274228990077972412109375
-0.09544965414692345440084153551651979796588420867919921875
-2.698531451774435208079694348271004855632781982421875
-2.910733156166296797806580798351205885410308837890625
1.6639119750610529280265836860053241252899169921875
1.31122776749614278202216155477799475193023681640625
-1.3847924434488874112503253854811191558837890625
2.633337248511342210122165852226316928863525390625
-2.251778122539751958441911483532749116420745849609375
2.626095922603330468092508453992195427417755126953125
0.7130692598199466214481390125001780688762664794921875
-2.29938679314097438322050948045216500759124755859375
3.080140581864070359330298742861486971378326416015625
1.493352978178545953369393828324973583221435546875
4.51756737926190599097253652871586382389068603515625
-4.6969131806903217096760272397659718990325927734375
4.0341448276065872136086909449659287929534912109375
-2.30746976778163048749092922662384808063507080078125
-4.99613527329274820232285492238588631153106689453125
-4.321317254405922625437597162090241909027099609375
1.749591011139994378709161537699401378631591796875
-0.643025980250645279312493585166521370410919189453125
0.27715315275100393943574772492866031825542449951171875
-1.7144714966843979109256679294048808515071868896484375
-0.95187643066364791000211198479519225656986236572265625
2.4132329448378602165803386014886200428009033203125
2.103930724756818193554863682948052883148193359375
0.9561577257208837554713909412384964525699615478515625
4.80497269315513531040551242767833173274993896484375
1.43954685929099124308550017303787171840667724609375
-1.2579927738852436647221111343242228031158447265625
0.4232967779209584335831095813773572444915771484375
-4.88891797385141746445924582076258957386016845703125
-1.6586602977500797262422338462783955037593841552734375
3.0772214725585715910938233719207346439361572265625
-3.50060829351969093892193995998241007328033447265625
1.714213595465816641905121286981739103794097900390625
-0.2147392367932525747420413608779199421405792236328125
3.256879359077227586993785735103301703929901123046875
-1.54967884334201233542671616305597126483917236328125
-0.44920939721082486784098364296369254589080810546875
-2.57011977320167428473496329388581216335296630859375
-4.3853649608744635912671583355404436588287353515625
-2.619981796289785780373904344742186367511749267578125
0.4252424610380158842559694676310755312442779541015625
-2.050965922180066680624577202252112329006195068359375
-0.87582660852241656090910737475496716797351837158203125
2.7270362907092504656247911043465137481689453125
4.48012942033621808235466232872568070888519287109375
-1.4299711240112220611564453065511770546436309814453125
1.65725685937907041278549513663165271282196044921875
0.90285233626829664022039878545911051332950592041015625
-2.05868482917752704253189222072251141071319580078125
-1.6985139550489609661099166260100901126861572265625
1.474134316790631782367881896789185702800750732421875
3.064911751846912668639788535074330866336822509765625
3.14210379031941489103019193862564861774444580078125
-0.349506679096533157125037405421608127653598785400390625
-4.48424832204777157329544934327714145183563232421875
-1.7093196549859239752322537242434918880462646484375
4.6484469234940082316143161733634769916534423828125
3.59628092883443972738177762948907911777496337890625
-2.61334324487184321839094991446472704410552978515625
-4.204750073574899715822539292275905609130859375
1.1543611788474790191827423768700100481510162353515625
1.12587667360433751895243403851054608821868896484375
2.26640659042988179550093263969756662845611572265625
-4.5939843231051451510893457452766597270965576171875
4.529589162859327444721202482469379901885986328125
-2.477580926632327429359747839043848216533660888671875
-1.880336797676104065857316527399234473705291748046875
3.40977742154124019435812442679889500141143798828125
3.813201485435326443251824457547627389430999755859375
0.7244567378910307109407540337997488677501678466796875
2.423998454447872763495297476765699684619903564453125
0.2921699674147502090448824674240313470363616943359375
2.317008719132549021679778888938017189502716064453125
1.06798283494084245148769696243107318878173828125
-3.063134683630491128525363819790072739124298095703125
-0.25834268777535129846256722885300405323505401611328125
1.7613145840974475664353349202428944408893585205078125
-4.3505244017002979717290145345032215118408203125
-0.9644417661648656547868085908703505992889404296875
1.746401543637997821889484839630313217639923095703125
4.92927991149448185836945413029752671718597412109375
0.65530241564399560605380656852503307163715362548828125
2.91405786854560044929485229658894240856170654296875
3.790195175777704594821670980309136211872100830078125
-3.259720129306314273520683855167590081691741943359375
-4.9215101378215688754380607861094176769256591796875
2.857753729178495571972007383010350167751312255859375
-3.922465377374924511144627103931270539760589599609375
0.51828154058464315223631047047092579305171966552734375
-0.27513835170620282166709102966706268489360809326171875
-0.0285208515004381768509489347707130946218967437744140625
-2.298885019407547414260761797777377068996429443359375
-4.75692911683217278806523609091527760028839111328125
0.48765467197658030062967782214400358498096466064453125
-4.9776722493173917172271103481762111186981201171875
-0.034584260920448035847574175249974359758198261260986328125
-3.68991486764216602978194714523851871490478515625
-3.573048982843868959236033333581872284412384033203125
1.619528535906719302062128917896188795566558837890625
1.0463986451053994830573401486617513000965118408203125
1.08171378996107225844980348483659327030181884765625
1.157878716780665673269368198816664516925811767578125
4.12069836147996770847612424404360353946685791015625
2.57450140973591157234068305115215480327606201171875
-4.2641736653503219400818124995566904544830322265625
0.2663057310264462795856843513320200145244598388671875
2.14136600957812195389351472840644419193267822265625
3.911981953285908364392753355787135660648345947265625
0.73562190266774007962879977640113793313503265380859375
2.056883505555727964519974193535745143890380859375
-3.336027781868157404687735834158957004547119140625
4.25639530758231909857158825616352260112762451171875
0.1807047210936849612750165761099196970462799072265625
3.94022745840483334944792659371159970760345458984375
0.046812743163471177976209247617589426226913928985595703125
-4.43168427915366525127183194854296743869781494140625
2.659141369087527184689179193810559809207916259765625
1.643521641346927797400212512002326548099517822265625
-0.375215589166510488094985475981957279145717620849609375
1.2800139965199284208807739560143090784549713134765625
1.6145708126935762738440871544298715889453887939453125
1.6795658436374905075894048422924242913722991943359375
4.5107577872635058469086288823746144771575927734375
-2.621058875788142561447102707461453974246978759765625
4.7024717309144836718814985943026840686798095703125
2.704548166243366136285430911811999976634979248046875
2.01324988494487389090181750361807644367218017578125
-1.3667834435683658966809161938726902008056640625
-2.15035676836142908285864905337803065776824951171875
2.548646626289052807834423219901509582996368408203125
-0.845247869398394247042460847296752035617828369140625
-4.0593747141436864467323175631463527679443359375
-1.309890262537934280118179231067188084125518798828125
0.705501820332847362493566834018565714359283447265625
3.540039014416475726676480917376466095447540283203125
-3.82281607441626913868049086886458098888397216796875
-2.48212240096280556400643035885877907276153564453125
2.0588589021176399995738393045030534267425537109375
-0.1782383619227317639310825825305073522031307220458984375
0.35966811233528395153058454525307752192020416259765625
-4.21721383927978621386500890366733074188232421875
2.97132989705703831617711330181919038295745849609375
1.417015588684630511551176823559217154979705810546875
2.7166620301851427399242311366833746433258056640625
0.444772974943239862710697707370854914188385009765625
0.44909259264641721021149578518816269934177398681640625
-0.078819014679138377221789824034203775227069854736328125
-2.313112260008309828407391250948421657085418701171875
-3.7479858574839841622861058567650616168975830078125
-1.5204700745551258389554050154401920735836029052734375
-0.7393722125405581824253431477700360119342803955078125
1.2542985385539873188776027745916508138179779052734375
3.628092486080848999563386314548552036285400390625
3.059003183471919129488014732487499713897705078125
1.20573381538711732474666860071010887622833251953125
-1.02584661015986711163350264541804790496826171875
0.73670347029107807745873515159473754465579986572265625
0.0868808420532352909670947838094434700906276702880859375
-0.40200272344025034243486516061238944530487060546875
0.58820816347791637923592134029604494571685791015625
3.903332839099187712150751394801773130893707275390625
-3.536134176589626587627890330622904002666473388671875
-3.99109637913776271744836776633746922016143798828125
-3.666446264169955338019235568935982882976531982421875
0.12919698214468555708123176373192109167575836181640625
-4.58756782491279668789729839772917330265045166015625
-3.44953622005548954376763504114933311939239501953125
-3.85779299975520739707235406967811286449432373046875
-1.831178872243274913245159041252918541431427001953125
0.30497505222885290532275348596158437430858612060546875
-1.2101015203918332741039876054855994880199432373046875
4.9360913824581569286920057493261992931365966796875
2.147380749020624701728365835151635110378265380859375
-1.3795405017362571964412154557066969573497772216796875
-3.176549655931957705234935929183848202228546142578125
3.28276739110955251277346178540028631687164306640625
1.7600830271865588461110974094481207430362701416015625
-1.3556721810524123839059029705822467803955078125
2.990998840839662165080881095491349697113037109375
4.084035122901351400059866136871278285980224609375
2.099361421007797101623282287619076669216156005859375
-0.8670269613214445225679583018063567578792572021484375
1.79754276386586919755927738151513040065765380859375
-0.180578732492356675010114486212842166423797607421875
3.257564326999915493843218428082764148712158203125
2.61684919781745417566298783640377223491668701171875
4.328306611039597129320100066252052783966064453125
-1.028367291090085178240087770973332226276397705078125
4.925032610108321051711754989810287952423095703125
2.383885653820527306123722155462019145488739013671875
0.4385086636834969464615596734802238643169403076171875
4.43579270592071761569741283892653882503509521484375
0.709323823600121361465653535560704767704010009765625
-4.4137777396537689611477617290802299976348876953125
-4.19169522036198660686068251379765570163726806640625
0.6775924686674503760741572477854788303375244140625
-3.012593338083611183009224987472407519817352294921875
-0.6824349830656275539553234921186231076717376708984375
1.028040497543802445079563767649233341217041015625
2.233038288885698552377334635821171104907989501953125
-3.273614255942085993211776440148241817951202392578125
-3.88538652874914713919451969559304416179656982421875
-0.798164990034340160462988933431915938854217529296875
-4.04630081796697016471853203256614506244659423828125
2.323362284771203878364076444995589554309844970703125
4.9289064967719351528785409755073487758636474609375
4.58098331241399581159612353076227009296417236328125
1.07358158086384403162583112134598195552825927734375
-1.3380361131954197073667955919518135488033294677734375
-1.22245332116123250898453989066183567047119140625
1.63147970804619557583237110520713031291961669921875
-3.952910312889528210433809363166801631450653076171875
-0.72817912676153906392784165291232056915760040283203125
-3.17179718238725971701796879642643034458160400390625
-3.96728561385487665802429546602070331573486328125
3.7800314682495042006848962046205997467041015625
-0.038634432584781143449337292850032099522650241851806640625
-2.563326180021532341157808332354761660099029541015625
0.2876721796497856420415928369038738310337066650390625
-2.7982640173952670892276728409342467784881591796875
1.888875469557320219138318861951120197772979736328125
1.1727596034299418992219443680369295179843902587890625
-2.392429667245562274757730847341008484363555908203125
-1.991850549962038474660630527068860828876495361328125
4.13134980245484140226608360535465180873870849609375
-4.9963329341677837902579994988627731800079345703125
-0.754686631186530565429393391241319477558135986328125
-4.0521955065247876603962140507064759731292724609375
-0.96925664555946700051691777844098396599292755126953125
2.48090602268568982680108092608861625194549560546875
0.211825750425666037290994836439494974911212921142578125
-0.76429632752714249388503731097443960607051849365234375
0.1090363878912543882382379933915217407047748565673828125
-0.036255480981354504255165238646441139280796051025390625
0.9818949435231492106623818472144193947315216064453125
-4.03913001927095027809855309897102415561676025390625
-1.748976500781819876095823929063044488430023193359375
0.80045004851371714948982116766273975372314453125
3.95789024372568665199878523708321154117584228515625
-0.09889356263287026049813022154921782203018665313720703125
1.0002577302708839379619121245923452079296112060546875
-1.253099780218924319541429213131777942180633544921875
-0.569083697560056833708586054854094982147216796875
3.003088693835571643120374574209563434123992919921875
-0.9570556712420439371413749540806747972965240478515625
4.35421597869614007692007362493313848972320556640625
-1.982270943982629152202434852370060980319976806640625
1.6630797668447530046620386201539076864719390869140625
3.84412145426635465383924383786506950855255126953125
0.66863241218202540405712852589203976094722747802734375
-3.098058965057730151926307371468283236026763916015625
0.79183869227910885779664340589079074561595916748046875
4.3467508836749519929298912757076323032379150390625
-4.08294757381951978203460384975187480449676513671875
0.97073595939887002970181129057891666889190673828125
-2.84032740555675911053867821465246379375457763671875
-1.4095160044187142744931406923569738864898681640625
3.81912819346443921375566787901334464550018310546875
-2.26696044260497586719793616794049739837646484375
4.84022555383754760072179124108515679836273193359375
0.13189512712865780752480304727214388549327850341796875
2.183667624071009782937835552729666233062744140625
0.98768390645785564263547939845011569559574127197265625
-0.5450317069507593092936303946771658957004547119140625
-1.1777653241534424832792637971579097211360931396484375
-4.08507376077020101234893445507623255252838134765625
1.8093049088895243325936235123663209378719329833984375
4.50987150480614129577361381961964070796966552734375
-4.10922502447777926448679863824509084224700927734375
-1.648455988680597616991008180775679647922515869140625
-2.38625336505743401716017615399323403835296630859375
-1.53449142754601108862289038370363414287567138671875
-1.010752873515964989081794556113891303539276123046875
-4.0326727448237971174194171908311545848846435546875
2.559511221993204355129591931472532451152801513671875
0.325612785984741026634736726919072680175304412841796875
-1.092849012852626255920540643273852765560150146484375
-1.7220725028742569495676661972538568079471588134765625
4.42789771230286621772620492265559732913970947265625
1.73649240686527672750116835231892764568328857421875
-4.72811960995230240456521642045117914676666259765625
-3.62217621033079861803116727969609200954437255859375
-1.992017555050384913784000673331320285797119140625
-4.107818870606077865659244707785546779632568359375
0.91615627449699255091530858408077619969844818115234375
1.729992837560172080912934688967652618885040283203125
3.98319155981845351988113179686479270458221435546875
-2.362848465248652107817406431422568857669830322265625
4.0681998004476636054960181354545056819915771484375
3.60348800192761142824338094214908778667449951171875
1.17564855799072187636511443997733294963836669921875
-2.839628769778410610769014965626411139965057373046875
2.523416303114221381775905683753080666065216064453125
0.72524708500866463811718176657450385391712188720703125
-0.5196387240005433394429701365879736840724945068359375
-0.039704229330943079101512438455756637267768383026123046875
-4.303212996531502909647315391339361667633056640625
2.446059101112621814166914191446267068386077880859375
-2.890493835315329107515935902483761310577392578125
-2.184306398984455110934277399792335927486419677734375
4.254628320087743276189939933829009532928466796875
4.3643078513215751712550627416931092739105224609375
4.8156289678996007097566689481027424335479736328125
2.39907420645750324439404721488244831562042236328125
-3.931244611780800202183172586956061422824859619140625
-1.324825353962749030500845037749968469142913818359375
-4.437401809776236660809445311315357685089111328125
-1.387513768706063910229886460001580417156219482421875
2.937504851939504835200978050124831497669219970703125
3.5757437819581685545244909008033573627471923828125
2.367022939775328627121098179486580193042755126953125
4.56769875282140258576646374422125518321990966796875
-3.603187336758053138652257985086180269718170166015625
0.13288079714928169305920846454682759940624237060546875
-1.748073751535716535698838924872688949108123779296875
1.7703458010132722133533889063983224332332611083984375
2.3008950339924236772048971033655107021331787109375
2.0687970865486047244985456927679479122161865234375
2.294368128407314966210606144159100949764251708984375
-4.3658267177501475231338190496899187564849853515625
0.57931820157883506805518436522106640040874481201171875
-4.19442530441041672162327813566662371158599853515625
1.8605067218760094061025256451102904975414276123046875
-2.501006651101271405224224508856423199176788330078125
-0.140357593103427047420694862012169323861598968505859375
1.73108526592009237532465704134665429592132568359375
-4.35566481272785122058621709584258496761322021484375
-4.68843000381715580004993171314708888530731201171875
-3.72035721293619925376106039038859307765960693359375
4.38996018199677973115058193798176944255828857421875
1.3794285030848476569786953405127860605716705322265625
0.1155995499791278857681930958278826437890529632568359375
1.25525492200099630935028471867553889751434326171875
1.293692410398076475530615425668656826019287109375
2.39587318170165275432736962102353572845458984375
2.85982517290794380215857017901726067066192626953125
-0.225826670768309034631471376997069455683231353759765625
-4.93524880257652487358654980198480188846588134765625
0.032573498379613909092800128064482123591005802154541015625
1.752682948115428462898535144631750881671905517578125
-0.9378296962487631116545117038185708224773406982421875
4.11119157515726829643654127721674740314483642578125
2.7284004646823927231480411137454211711883544921875
3.890296531623622655615690746344625949859619140625
2.00379057534528026707221215474419295787811279296875
-3.020215019527370703400492857326753437519073486328125
-3.318264528665842316712542015011422336101531982421875
1.55697325253521512422594241797924041748046875
0.9878907699790031582409710608772002160549163818359375
-2.267322772020506693735342196305282413959503173828125
-2.40164652807577905235802973038516938686370849609375
-4.47220269077639276389390943222679197788238525390625
1.6209030943397824131579909590072929859161376953125
0.38368633564711707162331322251702658832073211669921875
-1.9011120413435005360724971978925168514251708984375
0.676787370713089586615751613862812519073486328125
-0.815531112183332407283842258038930594921112060546875
-0.8734384999013180550520019096438772976398468017578125
3.707569577130798155195634535630233585834503173828125
-0.275714823064855896195268769588437862694263458251953125
4.09507423989712560086218218202702701091766357421875
0.2044081804008532066152525885627255775034427642822265625
-0.893882598753098722710319634643383324146270751953125
2.3628070402500735980311219464056193828582763671875
4.76506213954353352590942449751310050487518310546875
-0.262911443719810955510496341958059929311275482177734375
0.74178247943502462202758351850206963717937469482421875
-0.1913069798363954687747678917730809189379215240478515625
-1.979159456773247338645660420297645032405853271484375
0.1152639072878442194625137062757858075201511383056640625
-3.162052799566807959052994192461483180522918701171875
-0.8616973175809363727495338025619275867938995361328125
3.41216496145670333817179198376834392547607421875
1.5863002545401749809883540365262888371944427490234375
0.9509936644094365565393900396884419023990631103515625
0.1021861346762688860234646881508524529635906219482421875
-2.890485963871656682755428846576251089572906494140625
-0.721583112976367235802399591193534433841705322265625
-1.090795413889812603969176052487455308437347412109375
-0.1670081787844776843865446380732464604079723358154296875
-4.01491100921662624756436343886889517307281494140625
3.336943515668214121916435033199377357959747314453125
1.2303572179195116920169539298512972891330718994140625
0.2717316352148786418041481738328002393245697021484375
-1.8402666332860764253354091124492697417736053466796875
4.80331958184429907987578189931809902191162109375
0.0438258327916446754901613758192979730665683746337890625
3.259145854783740414717385647236369550228118896484375
-0.42356620695392888098496086968225426971912384033203125
-4.6677946825197782487748554558493196964263916015625
-3.249957389080169622985749811050482094287872314453125
-1.4511295210244468112392723924131132662296295166015625
3.628564067419249195012298514484427869319915771484375
3.479742099884874928505951174884103238582611083984375
-3.4829346082440917342637476394884288311004638671875
1.335282035843600834112976372125558555126190185546875
-1.742402511129014452961882852832786738872528076171875
-0.63641326385149754596426419084309600293636322021484375
1.037764493110338914760859552188776433467864990234375
-0.1740143326822368441408883654730743728578090667724609375
-3.511012422852741732270942520699463784694671630859375
3.539046579343516629734267553430981934070587158203125
-3.411771767355498585772011210792697966098785400390625
-3.70046974487128732533847141894511878490447998046875
-2.751324700430264780237621380365453660488128662109375
-3.37552975828932400048643103218637406826019287109375
3.856450342090266047989643993787467479705810546875
-2.50278870802996067368439980782568454742431640625
-2.284313257174717559649934628396295011043548583984375
2.922811902167121278495187652879394590854644775390625
3.86644772385940171943730092607438564300537109375
-3.42857465815978645906625388306565582752227783203125
-1.391225494633651305065313863451592624187469482421875
2.815081479157608868035822524689137935638427734375
-3.434115399599630524818394405883736908435821533203125
2.65577711084635215144089670502580702304840087890625
-3.893060296995838331923778241616673767566680908203125
0.6311410803039934069857963550020940601825714111328125
2.75930879908331139205301951733417809009552001953125
2.290309436626260630731621859013102948665618896484375
2.965333846296134279185707782744430005550384521484375
-2.2008835664878230176100259996019303798675537109375
2.289416406173985674143978030770085752010345458984375
4.7661182895759157673865047399885952472686767578125
2.342717164224050296894574785255827009677886962890625
-0.0426880845696795407917534248554147779941558837890625
-2.41706696068358883877635889803059399127960205078125
-0.59337845642574083004916474237688817083835601806640625
-0.5023888154042508435992431259364821016788482666015625
-3.30234668427041366811636180500499904155731201171875
-3.68566296009428828739373784628696739673614501953125
2.251054506136647592740018808399327099323272705078125
3.707329940779606314293914692825637757778167724609375
-0.737188227874820967144842143170535564422607421875
4.16508880254558988553981180302798748016357421875
3.99009211169563915433400325127877295017242431640625
2.92777716901527274018235402763821184635162353515625
1.719642879927637313386412643012590706348419189453125
-0.28455706430904825765537680126726627349853515625
-2.96199512166914136201967266970314085483551025390625
-4.30676667656822420582329868921078741550445556640625
-4.34385850891838654064258662401698529720306396484375
0.718570170346002345951319512096233665943145751953125
2.7042415577170313412125324248336255550384521484375
-2.519783526470460000012963064364157617092132568359375
2.5264227872091833404510907712392508983612060546875
1.375783916868015044343565023154951632022857666015625
-4.19226687813250986636148809338919818401336669921875
4.53388341717793874607878024107776582241058349609375
-1.5114466899454728210372422836371697485446929931640625
-3.380345699292912176048275796347297728061676025390625
4.12234654031736713619693546206690371036529541015625
4.41247022688790924149770944495685398578643798828125
1.6577262352340669249173288335441611707210540771484375
3.06091223442437065926924333325587213039398193359375
-2.4029001575904143095385734341107308864593505859375
0.2331368462125429363851480957237072288990020751953125
3.65589632716539636447805605712346732616424560546875
-0.00747593541734084369998480923413808341138064861297607421875
-0.799308456226837993341405308456160128116607666015625
1.524195631041884713141598695074208080768585205078125
2.935682399592459024262325328891165554523468017578125
-0.08466710383427959729640832620134460739791393280029296875
-2.378914213778031250257072315434925258159637451171875
0.55198433173397243312052751207374967634677886962890625
-0.48488757938603743724570449558086693286895751953125
1.0299029150937781817987115573487244546413421630859375
-1.475896468981625186955852768733166158199310302734375
0.62096643910843540847821486750035546720027923583984375
0.37130142271097821282666018305462785065174102783203125
-4.42152394271401050218628370203077793121337890625
-2.225582820227167690774194852565415203571319580078125
-3.513031857326432305654861920629628002643585205078125
1.430052522350115484783827923820354044437408447265625
-0.33084062314834328244472771984874270856380462646484375
0.2347762792283555610683976055952371098101139068603515625
0.77614679615641624099708906214800663292407989501953125
-3.05017172129743219244346619234420359134674072265625
0.06936880300648663733031895617386908270418643951416015625
-4.6638930024291536113878464675508439540863037109375
-0.94829711870817001706512883174582384526729583740234375
2.8843162526185768257391828228719532489776611328125
1.78686588320237493832109976210631430149078369140625
2.49306011938139793215896133915521204471588134765625
4.02722946301597772844615974463522434234619140625
-2.184859478113087671857783789164386689662933349609375
-4.380386794999349575618907692842185497283935546875
4.39553224664781350128350823069922626018524169921875
0.53093225605113303355864218247006647288799285888671875
-1.8652720106775879660432337914244271814823150634765625
2.95821593447888542272039558156393468379974365234375
-4.67035697372580482777948418515734374523162841796875
4.8344241636365392622565195779316127300262451171875
-1.65254959999988049190733363502658903598785400390625
3.871105430198265029417825644486583769321441650390625
1.81126343492544794600007662666030228137969970703125
-0.8714118872719687214356554250116460025310516357421875
1.478199788491917132660091738216578960418701171875
-2.771940011869740150274310508393682539463043212890625
-1.6650522537691967439599238787195645272731781005859375
-1.6156083309720035146028749295510351657867431640625
-1.252701527989510399407890872680582106113433837890625
-3.233382281214707720806700308457948267459869384765625
-0.08211335513131663710328922434200649149715900421142578125
-0.8654879349112831743440210630069486796855926513671875
-3.247228451226535472784462399431504309177398681640625
-4.13240839151781624849490981432609260082244873046875
0.10851145636824070794812513440774637274444103240966796875
1.2022104473617487574443885023356415331363677978515625
-0.9011934404564201361864661521394737064838409423828125
4.0926686843525796888343393220566213130950927734375
-1.4194201393751926243425032225786708295345306396484375
0.300311625578625562837942197802476584911346435546875
4.033987991292331543036198127083480358123779296875
-2.4488073395357776718128661741502583026885986328125
3.948379019283574375975831571849994361400604248046875
-0.212323478873334747785150966592482291162014007568359375
0.250106630479072611361601730095571838319301605224609375
4.5870890052455113305995837436057627201080322265625
-4.727988767183990859166442533023655414581298828125
2.463231759594361136578299920074641704559326171875
-0.252648626466621728514638789420132525265216827392578125
0.8855209851241994112314159792731516063213348388671875
3.8091677521428071173659191117621958255767822265625
0.5981331947040027241513371336623094975948333740234375
-4.69014655360964649588595420937053859233856201171875
-4.6851956586081140443411641172133386135101318359375
0.84141707760260742166025238475413061678409576416015625
-0.292671104247101576678602441461407579481601715087890625
3.4287881709229228732738192775286734104156494140625
0.12212181992728375623524783577522612176835536956787109375
0.43157483081804037805540019689942710101604461669921875
2.09648261362564358734061897848732769489288330078125
-2.28213589580463516170993898413144052028656005859375
-2.982484332021140716051377239637076854705810546875
-0.73021534947743871324377096243551932275295257568359375
-1.129172135431554924167585340910591185092926025390625
-4.13484975198349502534256316721439361572265625
-3.56223345024857263041440091910772025585174560546875
-1.811678583312140933259115627151913940906524658203125
3.60882277993114986003320154850371181964874267578125
1.0275341338175589811498866765759885311126708984375
1.8387982618473583951157479532412253320217132568359375
-4.4002550934095321366612552083097398281097412109375
4.9721279676749698950288802734576165676116943359375
-4.88510577613058760704234373406507074832916259765625
4.192571612764222521718693315051496028900146484375
4.5128724353298910187959336326457560062408447265625
1.617179047732860919239783470402471721172332763671875
-1.0574079922054691049737584762624464929103851318359375
-2.271582884790043888045829589827917516231536865234375
2.602791130139001207766114021069370210170745849609375
-0.287143969633315399025974556934670545160770416259765625
1.191689245014482256834753570728935301303863525390625
-2.42952707836374326433315218309871852397918701171875
2.762017653558344054687267998815514147281646728515625
1.6752903795747595694365372764877974987030029296875
-1.2161883325980447079217583450372330844402313232421875
2.97958851707105765171945677138864994049072265625
-3.307553145887833334626293435576371848583221435546875
-1.2351645292508670603837117596413008868694305419921875
-3.097510727467611246765955002047121524810791015625
-4.36536041255847617748031552764587104320526123046875
4.5358142483340042616646314854733645915985107421875
4.67757530418232558844238155870698392391204833984375
3.63010153415320413472500149509869515895843505859375
-2.266744963307220306347744553931988775730133056640625
-0.386031213069041034824380176360136829316616058349609375
-4.1843919651964345263195355073548853397369384765625
4.5183918670822347252169493003748357295989990234375
0.416630083300066067497624544557766057550907135009765625
-2.094324092697708916688270619488321244716644287109375
-0.5116647281737487507058403934934176504611968994140625
4.2318724087912098497099577798508107662200927734375
-3.891435589014131668506024652742780745029449462890625
0.243696467138089456483385220053605735301971435546875
1.4326596729205978153487421877798624336719512939453125
-3.99584702325522567178950339439325034618377685546875
4.35305059418562478867897880263626575469970703125
-4.41405565563166391029881197027862071990966796875
-1.240890907635184614576928652240894734859466552734375
-2.944912048046495645081677139387466013431549072265625
-4.8997606323417954854448908008635044097900390625
-1.305247706029713850028883825871162116527557373046875
0.5366478719278775511014600851922295987606048583984375
-0.78081374785678947514355741077451966702938079833984375
-1.1663740013854597687981140552437864243984222412109375
-2.9260302141498737427127707633189857006072998046875
-1.779185304176286397392914295778609812259674072265625
-1.955417401749986794357027974911034107208251953125
-2.46731999356600706363451536162756383419036865234375
-0.55711413748629523556843423648388125002384185791015625
-0.03309406886817090054364598472602665424346923828125
-2.72364112901443178316185367293655872344970703125
-4.5756533106898498175496570183895528316497802734375
4.44040506118572242399977767490781843662261962890625
0.498684683009024742883497083312249742448329925537109375
-2.667556011878257749003751087002456188201904296875
-0.8024029069614300180290911157499067485332489013671875
-2.871991678070533904332251040614210069179534912109375
1.183025579975811591992851390386931598186492919921875
-1.915413038850994009720807298435829579830169677734375
-1.254191553322161922778832376934587955474853515625
1.1519450376726130258475677692331373691558837890625
3.694108238778625707965375113417394459247589111328125
0.988904690595790558660382885136641561985015869140625
3.2760026813257763222964058513753116130828857421875
-0.24284834964130574963547815059428103268146514892578125
-1.1044774137419921533620481568505056202411651611328125
1.9126559334472634787971401237882673740386962890625
3.55100070196328143623532014316879212856292724609375
-2.5911446081805262764419239829294383525848388671875
-1.8488616808799640534033414951409213244915008544921875
-3.396943525723262524707024567760527133941650390625
-4.36517807082372488736154991784133017063140869140625
4.5702566993077571311232532025314867496490478515625
-3.7377329600981710200358065776526927947998046875
4.3718973130594758202960292692296206951141357421875
2.251582053449002085443453324842266738414764404296875
4.937151553150510352452329243533313274383544921875
-1.6069911320676000254792370469658635556697845458984375
-0.48765517940697022947205141463200561702251434326171875
-4.7215078888784685062773860408924520015716552734375
2.29974189203673073933487103204242885112762451171875
-1.40656102702502305845655428129248321056365966796875
1.859543149107921511387075952370651066303253173828125
-3.11184354637591642500638045021332800388336181640625
-0.5970074710895680869526813694392330944538116455078125
-0.9831319441648542767353546878439374268054962158203125
-1.38540720655275162442876535351388156414031982421875
-2.196727494364445032459798312629573047161102294921875
-1.0695962913010557127080346617731265723705291748046875
2.51314365467432221379340262501500546932220458984375
3.56471762429866156907110052998177707195281982421875
1.1418751819883226072960269448230974376201629638671875
4.2256314116235014211042653187178075313568115234375
-3.9553373623283949456208574702031910419464111328125
4.824295716945325551705536781810224056243896484375
-3.08340112332643823123135007335804402828216552734375
-2.53117393494609022042141077690757811069488525390625
-2.561383737010251682164607700542546808719635009765625
-3.03604959214008207624146962189115583896636962890625
1.044695910374688008204202560591511428356170654296875
-0.56647900937206274729618371566175483167171478271484375
-1.0997649356012482169120403341366909444332122802734375
1.7604163358740934075541417769272811710834503173828125
2.66710698435528303917863013339228928089141845703125
4.36944113910417808455122212762944400310516357421875
0.79406902696588244072728457467746920883655548095703125
-1.9607181223252190260808447419549338519573211669921875
-2.790899917388252493566369594191201031208038330078125
2.35552887180290415614081211970187723636627197265625
4.4282423628617468835955151007510721683502197265625
0.70066743868159198083134242551750503480434417724609375
-2.729651405218356696735781952156685292720794677734375
2.59552532432182214705562728340737521648406982421875
3.586896518319271809360770930652506649494171142578125
-2.664903050148577534628202556632459163665771484375
2.185240879931460877827475997037254273891448974609375
-1.268841445935264378164220033795572817325592041015625
-3.916019635479728311366898196865804493427276611328125
4.55060933212477447540322827990166842937469482421875
-0.231947683407216498352454436826519668102264404296875
0.0887368691578498680616604588067275471985340118408203125
3.509098016141798392908413006807677447795867919921875
-3.077555923252294434178111259825527667999267578125
-4.93740771891033691787242787540890276432037353515625
-3.371161337500164112412903705262579023838043212890625
-1.0827224907188972569116458544158376753330230712890625
-4.671525911032826883229063241742551326751708984375
2.062897957261001113948850615997798740863800048828125
1.6802029533796878357776449774974025785923004150390625
-0.48313358087331648160756003562710247933864593505859375
1.149420720561869391218579039559699594974517822265625
-3.472737390452340644486639575916342437267303466796875
-3.92149996860797589448566213832236826419830322265625
0.09380277665426135780268879216237110085785388946533203125
-3.43634904924569628548169930581934750080108642578125
1.981254179933400028090773048461414873600006103515625
-3.1273111364542867107729762210510671138763427734375
1.057968261806344845155081202392466366291046142578125
-3.876490911696696795019079218036495149135589599609375
-3.6330856286575698987917348858900368213653564453125
1.6016313425543291515396049362607300281524658203125
-3.648475672435409933314076624810695648193359375
-1.33196009373288770660792579292319715023040771484375
0.1204205688866243073587014578151865862309932708740234375
-3.807799078011546267674702903605066239833831787109375
1.69157185069918991615622871904633939266204833984375
2.653932280697582246631327507202513515949249267578125
-3.42662069416407266686519506038166582584381103515625
4.58007860666893851231407097657211124897003173828125
1.618282752138792357499141871812753379344940185546875
-2.94231033858062307473346663755364716053009033203125
3.418754612253289248968712854548357427120208740234375
4.3044678713687343218907699338160455226898193359375
4.94222517686853013429981729132123291492462158203125
2.04373953429938648440611359546892344951629638671875
3.14575840765313596847363442066125571727752685546875
0.2394982732378947154483483927833731286227703094482421875
4.883582351916086139453909709118306636810302734375
-1.9003098317399536032468176927068270742893218994140625
-2.3905582057614029878322980948723852634429931640625
-3.3852905622120577078248970792628824710845947265625
-4.33806214632559861144045498804189264774322509765625
0.223696323863705914813948538721888326108455657958984375
-2.441196897235212048826724640093743801116943359375
1.0247461626999501138612913564429618418216705322265625
4.58934503526360249026083693024702370166778564453125
-2.377885380523981240230568801052868366241455078125
-0.798245889124334695452489540912210941314697265625
-1.6251506362788823434328833172912709414958953857421875
-1.7599883027201943530570815710234455764293670654296875
-0.58613136689371858611963261864730156958103179931640625
4.9910125106724674282077103271149098873138427734375
-3.529823694171275061393089345074258744716644287109375
-4.71570208894638387420172875863499939441680908203125
1.8982106205785422847753807218396104872226715087890625
-3.1183341922366452081405441276729106903076171875
3.078892226784226249236553485388867557048797607421875
0.71548187835514986954166261057252995669841766357421875
3.474868508934175537206101580522954463958740234375
1.159917589451540553824315793463028967380523681640625
3.833622687722106459062842986895702779293060302734375
1.1545705094022393755182065433473326265811920166015625
0.303931268589928638146346884241211228072643280029296875
-2.95295973664980859751949537894688546657562255859375
-2.55638693737893785140613545081578195095062255859375
0.35634550064640269084748069872148334980010986328125
-3.099073029610743379436144095961935818195343017578125
1.8583577057487430383986293236375786364078521728515625
-1.2331222498125422593062694431864656507968902587890625
-3.9924177889725189771752411616034805774688720703125
-1.971478919904399162987829186022281646728515625
-1.5698382867546276653314407667494378983974456787109375
1.830876406665057576361732571967877447605133056640625
3.6210732283687843136021911050193011760711669921875
1.084420254108756420663439712370745837688446044921875
4.7569849608209029412364543532021343708038330078125
-3.4334271507929035038841902860440313816070556640625
-1.550430900258437549865675464388914406299591064453125
-0.5041656744443958615420342539437115192413330078125
2.563519260440014324586854854715056717395782470703125
-3.2397971173317881010689234244637191295623779296875
-4.6577554225875328341999193071387708187103271484375
1.1096180644016364613690939222578890621662139892578125
0.8261458520142161976451689042733050882816314697265625
-2.4382599750702578234040629467926919460296630859375
-0.8358814722883447512202792495372705161571502685546875
-1.4752413798386923016181526691070757806301116943359375
3.74881797303012742617056574090383946895599365234375
-2.58535434723691626146546695963479578495025634765625
1.028004120684075761715803309925831854343414306640625
4.0266473387657146787432793644256889820098876953125
1.076809855504186064223404173390008509159088134765625
-3.276396729420673725741153248236514627933502197265625
0.9388606086857544941182140973978675901889801025390625
-1.04108980364854719624645440489985048770904541015625
2.592752920790340365186921189888380467891693115234375
0.61152777724040052742537909580278210341930389404296875
-1.813591405274654899670849772519432008266448974609375
3.14847495011714695323234991519711911678314208984375
2.48320232190275991257522036903537809848785400390625
-1.2486246103039693178260449712979607284069061279296875
3.650121366847707715663773342384956777095794677734375
4.70132517651657533264142330153845250606536865234375
-0.33927646706602654358420068092527799308300018310546875
-4.28242728730165023165454840636812150478363037109375
-2.369118018580954387886094991699792444705963134765625
-4.797537500432159873753334977664053440093994140625
-1.132542315394272858242175061604939401149749755859375
3.233524362555535436314357866649515926837921142578125
2.619255570972682800601205599377863109111785888671875
1.6360040816538987673567362435278482735157012939453125
-4.508479843939994680113159120082855224609375
1.1174207877905131258700066609890200197696685791015625
-0.82408853339065013532405146179371513426303863525390625
-1.5210193624165369019607396694482304155826568603515625
-4.26802841629415752322529442608356475830078125
-4.0246572753014486778511127340607345104217529296875
-2.2902218341743179053082712925970554351806640625
3.50366748076762224428648551111109554767608642578125
-1.0484645245680759284567784561659209430217742919921875
-1.819611038957729132192753240815363824367523193359375
-0.492248175649641350748453305641305632889270782470703125
0.273600488797901941762091837517800740897655487060546875
-4.56845817337922799339366974891163408756256103515625
-3.297858277394747350541592822992242872714996337890625
0.92158725790256090792951226831064559519290924072265625
-3.795027682371225896673649913282133638858795166015625
0.496372171853794397211601108210743404924869537353515625
1.96226293058729428508968339883722364902496337890625
2.5397137253542272361528375768102705478668212890625
0.5675020959595447056500461258110590279102325439453125
2.21044206329380177322718736832030117511749267578125
2.0843091030297582477714968263171613216400146484375
0.7062453163882655982064306954271160066127777099609375
2.90686001428217988262758808559738099575042724609375
-2.21544493122569452481229745899327099323272705078125
-4.45531992545259214466568664647638797760009765625
-0.1830990327690730501419835718479589559137821197509765625
-3.5117525853611244457397333462722599506378173828125
3.749141463078669023190059306216426193714141845703125
-4.1636936475327122053613493335433304309844970703125
-0.9183803281883780034178244022768922150135040283203125
0.6710890417579815636628381980699487030506134033203125
-4.596157149130373653633796493522822856903076171875
1.1332789681771846534985570542630739510059356689453125
1.4979655696125073749414013946079649031162261962890625
3.06429714250590290447462393785826861858367919921875
4.5394756433437368770000830409117043018341064453125
-2.268470408420011796835069617372937500476837158203125
4.19463864701952271474283406860195100307464599609375
-2.50316940429707557314031873829662799835205078125
-0.6896457869955259223360144460457377135753631591796875
0.6893712870853467844511897055781446397304534912109375
-4.3570461099393096304766004323028028011322021484375
2.558975781742188093659251535427756607532501220703125
2.898121468334655670417987494147382676601409912109375
2.415750038450292347391723524197004735469818115234375
-3.67102584472357929001873344532214105129241943359375
-0.6327629813011643733489108853973448276519775390625
-2.749924367013542703119810539647005498409271240234375
3.695459915356764657445864941109903156757354736328125
-4.5853563919879238852672642678953707218170166015625
1.80004926523928876491709161200560629367828369140625
-2.59694474583883749829738007974810898303985595703125
4.54530921452694602891142494627274572849273681640625
1.1143215618905457642284773100982420146465301513671875
4.70410766044515060713138154824264347553253173828125
3.53314216492445520856335861026309430599212646484375
-1.1559051793218195758328192823682911694049835205078125
1.8069177087285435145957990243914537131786346435546875
-2.86421997590922838838878305978141725063323974609375
4.87945053653253868475303534069098532199859619140625
-0.240128942324591532209154820520780049264430999755859375
1.4475568220758681103887965946341864764690399169921875
-0.182285276866919254690202478741412051022052764892578125
1.0543017184138527841952281960402615368366241455078125
-0.3619878618567804462458070702268742024898529052734375
-3.53682402489648151089340899488888680934906005859375
-2.389741932387370315638008833047933876514434814453125
0.8046396790675369725676091547938995063304901123046875
1.003259608606172026412650666316039860248565673828125
-0.279740773776566253872033485095016658306121826171875
-1.7703710128342040608373508803197182714939117431640625
3.276491652686213118528257837169803678989410400390625
-1.650842478746856745175364267197437584400177001953125
3.159538791529958867698724134243093430995941162109375
0.750287818174395937376175425015389919281005859375
1.517689247100554528202565052197314798831939697265625
0.85109091595567998300708723036223091185092926025390625
1.5234392079088940885611691555823199450969696044921875
3.831416263515963205321668283431790769100189208984375
3.70663306285677141005407975171692669391632080078125
-2.394749676749179823076474349363707005977630615234375
-0.44060063958619000157312939336406998336315155029296875
-2.41935740078452266033082196372561156749725341796875
-3.0276040719009262858207875979132950305938720703125
-0.0100317543061567045203918979723312077112495899200439453125
2.7873270998517654106763075105845928192138671875
2.656661438409911202285229592234827578067779541015625
1.0481244366870259288049282986321486532688140869140625
1.5003045832851438223798368198913522064685821533203125
-2.517323209648045345687705776072107255458831787109375
2.95260891986405038522889299201779067516326904296875
-3.388538226173903211702054250054061412811279296875
2.292770573632636033067910830141045153141021728515625
-4.0010752700480001209371039294637739658355712890625
-3.5240407511055611422534639132209122180938720703125
0.01967270272451758506004892979035503230988979339599609375
-0.546782363812720717533011338673532009124755859375
4.3721874033854870589266283786855638027191162109375
2.3811440770015526169345321250148117542266845703125
-1.6900255918651898578985992571688257157802581787109375
-0.249863912017478373428502891329117119312286376953125
-4.48583086314181489484553821966983377933502197265625
1.643204930572855548831512351171113550662994384765625
-3.1008507880686213553644847706891596317291259765625
-3.18129271539498770238196811988018453121185302734375
-4.9093487074560098193387602805159986019134521484375
-3.281267363297732497784409133601002395153045654296875
2.01674460205679739743800382711924612522125244140625
-0.343177551440728478837627335451543331146240234375
-0.69900961487432689001053631727700121700763702392578125
0.6788800371697150115579688645084388554096221923828125
-3.635540879944996195405337857664562761783599853515625
0.8406358165864187270699403597973287105560302734375
-3.351884421767332700170527459704317152500152587890625
-4.12016092102109521277952808304689824581146240234375
0.99337250400470644695616329045151360332965850830078125
-0.220112761826360026073956532854936085641384124755859375
1.3959214071237668886027449843822978436946868896484375
-3.193093864099321166349909617565572261810302734375
2.257172235123908965448435992584563791751861572265625
-1.4911218101540704150664851113106124103069305419921875
-2.39592770739517391120898537337779998779296875
-3.01027565502128968688566601485945284366607666015625
-0.71208696382900937837945321007282473146915435791015625
1.294251450829167371381345219560898840427398681640625
0.50450937931937656077963083589565940201282501220703125
-4.848155954769953979166530189104378223419189453125
0.445176235024508148985233901839819736778736114501953125
