Best initial_sol
Best: 2.000034 - Evals: 25001.000000
Best: 0.067825 - Evals: 25001.000000
Best: 0.067825 - Evals: 49901.000000
Best: 0.067825 - Evals: 54901.000000
Best: 0.028989 - Evals: 67193.000000
Best: 0.001831 - Evals: 67193.000000
Best: 0.001831 - Evals: 92093.000000
Best: 0.001831 - Evals: 95166.000000
Best: 0.001831 - Evals: 120166.000000
Best: 0.001831 - Evals: 120166.000000
Best: 0.001831 - Evals: 145066.000000
Best: 0.001831 - Evals: 150066.000000


Summary: Results

Best global fitness: 1.831000e-03
Time 121.367093
Total evals: 150066
BEST: 
-0.02856694546449139 2.5661746754241497 3.745013226402466 3.189674918650177 1.8968881179140618 1.0868488198843067 1.119107019045381 1.4710221442704756 1.2386804560774611 0.40543612059738726 -0.5010498612443431 -1.0436815782025397 -0.9761298153195545 -0.45193587473616603 0.08757074798199208 0.45587810900375275 1.0201798073023542 1.840400964542477 1.6847848164068555 0.9906332358427509 0.22585961098477172 -0.21158627219996748 0.3188598003333353 1.3083807528256735 1.8064584206647953 1.3790927974722162 0.4700903439135619 -0.3760855051130476 -0.39772068815787925 0.2650010385406693 0.893245534967155 0.7089974544457925 0.30648894359821843 -0.40508230731482453 -0.6047206539743014 -0.8704816557323609 -0.38805648808199744 -0.392166414164117 -0.43470368718096436 -0.29616283320527337 -0.3093366703617268 0.046997190340244785 -0.213038287100267 -0.02817810251618769 0.04283923574237092 0.5228960966747132 0.5101572741900492 0.3630448146088483 -0.06114974872302133 -0.49192176532487664 -0.608509528253587 -0.3981789497404229 -0.25173733721057423 -0.1586291516828843 0.02863064106329572 0.2923725284691094 0.5491272872878024 0.25033393871838205 -0.08416404199474867 -0.5075497702099748 -0.48473834802283816 -0.2967860773921171 0.20310650298666907 0.26135783061166057 0.1750153119808251 -0.2618837091491198 -0.43922706730416505 -0.006820380259611142 0.04880435714969938 0.12569060123856313 -0.1732406487815322 -0.5047484389621708 -0.6387466004976544 -0.39460154782258927 -0.3523638748746499 0.34011081554977546 0.44165210695231677 0.7467494636554136 0.6163036397558952 0.061354548369683175 -0.604070666371853 -1.0868329874956415 -0.9223502046270006 -0.591814561172483 -0.14635415183923314 0.11757411274650162 0.034932454434236565 -0.14883513857450076 0.20275399066656452 0.44073100308149665 0.6034712310476362 0.3518227448073639 0.11884258509535288 -0.5614204643220704 -0.6261203361917388 -0.5420641572912575 0.08418944704850485 0.13499200538790077 0.31059028035329334 0.7300290743431748 0.8175448962185241 0.34726224933762456 0.03932323857300135 -0.331853627076737 -0.3406193920350416 0.1088717665235375 0.556614789504443 0.33872827452716925 -0.4195398391169633 -0.9187356307272202 -0.384855046186139 0.30914371080917113 0.9415085467028836 0.2032877802573129 -0.5280619948122083 -1.4271022816976073 -0.9367984543637673 -0.15724049850835448 0.8374209807733438 0.6627531783284627 0.08806880926354158 -0.46973097991186624 -0.13243845212543548 0.12334685773896056 0.5684455199145887 0.1580395974536152 -0.15963126744872655 -0.3407283934539712 0.03627936705359567 0.889615845975987 0.5943894666009036 -0.6744197574885664 -0.9297144727476003 -0.16341737155492664 0.8140452223357588 0.7827724472674101 -0.49017199210182283 -1.445851336787251 -0.8167393402685067 0.5209890881681888 1.3830301381026333 1.2315404993135735 0.20325693874464176 -0.6125788458087426 -0.3550617775969275 -0.1318423405856569 0.13322993258894578 0.4462870226045352 0.5027432096122606 0.6341055781089193 0.12793594112369402 -0.319365390038181 0.006929894582291311 0.28593147174889055 0.461399882755097 -0.11238698395952623 -0.6878032525532342 -0.9943748734632203 -0.3923125947904953 0.5182871038420664 0.687878314379122 0.12822714381954847 0.0615680092668791 0.1499388006201325 0.30355887345877053 0.1120362003189045 -0.8012899068667414 -0.7437876970681291 -0.1927465525147521 0.15192701457724203 -0.2463963758976096 -0.7584582536273223 -0.32263383486944974 0.6540066476760292 1.3605222180953205 1.5757664782328402 0.6872491023721502 -0.23075101656657349 -0.8251670862951699 -0.5389764083082215 -0.24046440742056266 0.11555975329608267 0.6230674575100729 1.1663408363395087 1.1946491024566988 0.704337870984017 -0.15337295460392283 -0.2480460601326263 -0.19930768737041382 0.18088052208169575 0.57542912215127 0.6052820378349636 0.18737059685409363 -0.1779663942217907 0.03449722050074842 0.34428961024497723 0.8414444761218506 0.7142283395952607 0.16251778260858626 -0.26712266768676607 -0.3779255347620043 -0.02821833280511641 0.12319083879386734 -0.05378680754834163 0.22785663184611923 0.7060801089967064 1.3659087560613463 1.1707192894675744 0.0760960180902149 -0.7761036160979773 -1.0339271436356428 -0.441904265952616 -0.13606835618658591 -0.29066717029444583 -0.34672510228950854 -0.11313950789193823 0.5860688194818778 0.4841066651031532 -0.71521321521942 -1.539246404702838 -0.7087728939624146 0.8667496416310855 1.5494700031044653 0.6927543200972528 -0.6452852807307244 -1.048365181800992 -0.26441391514567847 0.4188915814513436 0.20406063944133523 -0.6811377692108562 -0.34035842407212724 0.49033447730958035 0.959300980206646 0.403995826895074 -0.4074632502720444 -0.5684239824360741 0.3667205466682158 0.27228728542878394 -1.187803634881053 -2.236512263106786 -1.3717787527881984 0.8356249994397981 1.8870050243277336 0.5802800149450481 -1.374406464991444 -1.9841172994349754 -0.9140125310498889 -0.21761944352005871 -0.9999535996677569 -2.4462693378166227 -2.3055071447093987 -1.097111297552849 -1.1567297717252074 -3.8184100403717123 -6.062819055736899 -5.068149521943211 -0.17026243532805607 0.15488871602484755 0.3545279597750601 0.42789181371492097 0.7172235754934763 0.5779667527387907 0.0956137159554462 -0.6201220102261257 -1.0527866744209706 -1.03917590975171 -0.47684228363863623 0.3767786342680351 1.091571833353968 1.8455600297276973 2.022939024013057 1.4766873630569146 0.7201461076911817 0.3917464939221639 0.046588320405497756 -0.13499868715944635 -0.7180585066154898 -1.0604063028956003 -1.516276974344583 -1.4679189380180802 -0.8569194539954623 -0.2854394811661751 0.1477022306939652 -0.2852364518933231 -0.9267963675254746 -0.895591478274925 -0.702215613914742 -0.2885802251143521 -0.138126135403433 -0.323013197082973 -0.48402411189900324 -0.23344293799608468 -0.05560928468078013 0.14578781846242586 0.07456176161614676 0.15813415355017077 0.19004767245232612 0.36804343362773945 0.5603995984700586 0.10129381865842699 -0.5611278232619437 -1.1733686960623402 -0.919201392192721 -0.34339539579435097 0.13122776499591957 -0.1567778122253929 -0.2418713820155516 0.035370016926741875 1.6350914270273043 3.309458332155144 4.39327382825675 3.8124087264818005 2.397344301003252 1.245837903359236 0.7181747323421463 0.7575959880082214 -0.0630669858391099 -0.8309998443865978 -1.9281957188184295 -1.9439211012244593 -1.0661977242717011 -0.24490756093240051 0.631264982498571 0.5898977471386545 0.43052357663651564 0.5158734423232395 0.7124264168591768 0.7800274213538819 0.1598785281318998 -0.8219316763396849 -0.9086566209528847 -0.6397455116882643 0.14227087275060177 0.5312975773976581 -0.17099529388291362 -1.100139825599713 -1.756691288831692 -1.6284770872555643 -1.185843604851601 -0.8787123906881843 -1.1079826404471944 -1.1337990912504672 -0.8919943781103317 -0.3222794705448603 0.1941711726611602 0.46137556708688326 0.007597167666906595 -0.3397234574492457 -0.007548485197310116 0.11740084833623937 0.5382928643725072 0.289678891054027 -0.2772731095660665 -0.30541804558917224 0.07532742711326666 0.8786318939894073 1.1924909025340478 0.7953133238674971 0.14950790947743786 -0.6098932131269756 -0.6623369510857421 -0.26480220857443276 0.08337959497266367 0.28954575312439934 0.35424773084533673 0.27777698914434484 -0.2514384234626638 -0.9131840411496782 -1.080940889668246 -0.7825151772859018 -0.24775210645719067 0.03881914841388519 0.39228057648385245 0.12650905896216288 -0.423561248674373 -0.2964271967567273 0.04489450729066637 0.5713326003884063 0.9202868489078749 0.6094457050668964 -0.3594096294044031 -0.9923736846227008 -1.3737744388250737 -0.7869701694402231 0.13926414900148068 1.1434401709086413 1.4716534886596355 1.220619463971397 0.24222333451416822 -0.6953323909477261 -0.9478840812838673 -0.8922680710876152 -0.11460887192064553 0.44983820432334587 0.5061822159597008 0.21707352102749514 -0.2875880273561027 -0.26339167093475396 0.1028435676312976 0.8466424947417576 0.9819562569938147 0.850136801135649 0.21619450951297156 0.21105028047323096 -0.09989475788027793 -0.30910694044241505 -0.038965750158340515 -0.021730585662093904 0.5907467578655043 0.657980454589543 0.0925634390141895 -0.7093174098168513 -1.1394965343394046 -0.7886247906653543 -0.19727019145612512 0.3676364399802239 -0.1504062091256973 -0.5499826425443303 -0.3225984852447749 0.24795615501358684 0.37763403390287964 0.15373375561037417 -0.2784051291445732 -0.744797718324887 -0.41139299122783085 0.09929722645508447 0.8064577941888991 1.1012074171133828 1.227272119316911 1.0769608829746595 1.325948852253606 1.1890470358591259 1.5161086252180727 1.194501072625028 0.6252740544868671 -0.09885341690419418 -0.22526741380089466 0.4140261159012133 1.1193936746923872 1.0919945076524953 0.19154905242111359 -0.8472360356398319 -0.8749333569290225 -0.4602546669887969 0.03768142277768816 -0.26504489535091746 -0.7831856642076835 -0.26829726457733855 0.6401810163753222 1.894815528647826 1.9294136584071568 0.568670602506579 -0.64795743836524 -0.9768969453460009 -0.5216668989474779 -0.685955188370828 -2.295405930310495 -4.151738626654699 -4.806909461635718 -3.362159304428431 -1.1630929657285882 0.2085577879431322 0.22825664991766645 0.14130185457785985 0.44525770351648636 0.9325598874084282 1.3089238774795462 0.504165445437642 0.14157345191155396 -0.16941768473902136 -0.2821712092017831 -0.0910235088240851 -0.48018600789608223 -0.3387188146829528 -0.2569879545252782 -0.06316757053873366 -0.30386383382574667 -0.32675703178027315 -0.09741713744735028 0.13249686480406134 0.42344528650684565 0.253055865361908 0.5290477985064902 0.5606730353752234 0.8597206819394633 0.524022584431342 0.1808615683712165 0.30762604854023123 0.7537032022055199 1.6022167056056462 2.047841101537136 1.7134051722051011 0.749947220989962 0.39293449338285447 0.20177616049172223 -0.12479491762535534 -0.674794453567562 -1.644349722468044 -2.006571297297575 -1.5526369024250357 -0.8814234246448938 0.09189974479256703 0.4405129871497003 0.5782470782798721 0.5455863064744754 0.44288447624798416 -0.2138862951430636 -0.9441748522193044 -1.389884196453087 -0.8405621622736853 0.08229854237333416 0.41631038786359076 0.10560174856689286 -0.29777081990387877 -0.35539965208198954 -0.00010424550205016606 0.4410949022171356 0.38598748370300645 0.7770343843881923 0.7690803896375765 0.6811239809952903 0.21488040374227851 -0.5399138166390718 -0.7487711209021969 -0.7366256040298144 -0.08280445944696253 0.47630034484044814 0.43543804547100323 0.14300435031137362 -0.16781540478796247 0.35185925930028505 1.40945250738838 2.139695791351903 1.7745302670411545 0.5767741657639922 -0.6567174796089452 -1.2718686902582164 -1.0226015775706068 -0.6674868438815182 -0.6078621625909616 -0.860680868138392 -0.8971759874980546 -0.43431936348601663 0.16644804331508212 0.282470787315037 -0.3086843801290324 -0.8640081110701717 -0.8337473285777686 0.04472612925390822 1.1000973912555543 1.401040975804975 0.41090596009432806 -0.48821493668367416 -0.6600488940304831 -0.1137144488306947 0.9090930709266786 1.1807784915131234 0.41823754359932186 -0.49736992707179833 -0.8401665395943568 -0.5523069532401311 0.044619216810962106 0.40481645111230796 0.5085659211327888 0.4636584192912929 0.20828823330758803 -0.09955690146207592 -0.36327920750056686 -0.658304096955219 -0.44369088197820394 -0.1951673497099063 0.5978071428988768 0.7910018246839479 0.5795828324476652 -0.2948698385573936 -0.7924928951318548 -0.8419785066725021 -0.7319658977714016 -0.21629169531749348 0.015400320477343693 -0.2972282030026415 -0.8504756421194524 -1.2242469315721396 -1.709476375193087 -1.6695197092638647 -1.2659354186603344 -0.9089690944931599 -0.6260024859824102 -0.9403096860349613 -1.772300192102898 -1.9952827314506596 -1.7034646916337703 -0.1873469568268407 0.9597420399562102 1.242893554355761 0.5208336667105418 -0.718790687653255 -1.4709613616197752 -0.8338747425934028 -0.13184498529151964 0.5044762382982502 0.5887570450559795 0.46713281301836485 0.6292336626600856 1.1883329097348434 1.3403947104313267 1.1743271903230443 0.32531771638609164 -0.12795754226430658 -0.060662698089788455 0.3602167025722553 0.2668059318424257 0.20981916568558995 -0.22935193367744722 0.7410558595626289 2.335421790216944 3.674909224345021 3.884498449050527 2.605661324794854 1.2600266332933454 0.2059863608119119 0.10633166814398201 0.3163158760481641 0.4675561520400669 -0.16449896254431132 -0.8781205291758294 -0.7564032225017455 0.01637956873320312 0.8142170876609496 1.4064445420099503 1.5538203064799265 1.1208598396490936 0.9339150562062372 0.7070776312440905 0.2300488499390961 -0.1562636651998943 -0.21217949613715797 -0.16860637644199392 0.09722971815054854 -0.13258261894289194 0.06160046558832224 0.3496423664499164 0.5529423134439183 1.1497731952943862 0.8028647256106145 0.013494396133968523 -0.6941002425410469 -0.9148347804044039 -0.706453519306816 -0.5561195904672627 -0.846053798370503 -1.0431948692789548 -0.6866012337894475 -0.004641425082615577 0.5334553401316304 0.4026952293373057 -0.4992076814598017 -0.7779237559539726 -0.30985428064480175 -0.03565128593681763 -0.24382336247235253 -1.732751371957048 -3.456882723130178 -4.51051926120338 -3.960426170804745 -2.353646630348165 -0.8268145723193967 0.4781489699751559 0.7393220661785747 0.32287178506219694 -0.024078422783103876 0.1027710572001753 -0.2210332299667934 -0.43832200789447295 -0.6765644048502273 -0.7216672151309481 -0.39447738341812527 -0.08659046169729545 -0.20952045133953898 -0.7457569564495597 -1.0600929517217461 -0.6790860220102012 0.406371604468393 1.3265160267842389 1.2144931819409812 -0.42686360623991987 -1.567643403498237 -1.7846115890893126 -0.5162622067863376 0.8015665230716641 1.8903080670284071 1.730596866056171 1.342731123416739 1.1564226858860336 1.4161581785154491 1.751150611813091 1.6325443607467987 1.2808485183781237 1.1000659259287295 0.9766793705053278 0.8317308832218949 0.8048017816612802 0.5290108986539436 0.5944732615987252 1.2205459987009049 1.004179630227517 -0.4874989795530707 -1.220241029100936 -1.218503625985807 -0.41227021263962005 0.0850771775061083 -0.13579667425028466 -0.2161986528110459 -0.19618756075927182 0.05129737977663161 -0.30391570010861535 -0.45693959832060765 -0.8274530056294244 -0.2547584839730035 0.5689291203498842 0.7353346843208365 0.44716010618716484 -0.0900295593389466 -0.2530664976926428 -0.3947998359298751 0.18990749665897727 0.6124144611177385 0.9592140958978025 0.5801498160541704 -0.2769359134989092 -1.3701102499856952 -1.2820451310639738 -0.48339079565855736 0.47165137671505597 1.1313024074042775 0.21486489639518577 -0.39946104681768924 -0.9619723312362723 -0.20583009929142337 0.5894635706628152 0.4543849725122104 0.1544268610106168 0.1967909981539496 0.9761740917086956 1.5274847149615285 0.8791045946547403 -0.6233406407575353 -2.0565266036926433 -2.3116391055930463 -1.3941155603398474 -0.08636726296068821 0.5915643454205166 0.1686839284730544 -0.08195986071679034 0.011181114259328535 0.34629809239455633 0.3253952755006873 0.5984138274990008 0.06462441910858502 -0.2583317282229506 -0.2741185311952086 -0.546137494480793 -0.7516193204724663 -0.6065823480972613 -0.4457545236594394 -0.20938200861061826 0.011837623200592132 -0.04408140077101203 -0.013164058181720555 0.5378815965806946 0.42437050552628686 0.6039299683224951 0.4165713670875183 -0.05714011421552094 -0.3180482916147246 -0.5789855119991428 -0.6314807195479314 -0.7616453571401459 -0.6153586511627593 -0.031908535377128795 0.05510094596715841 -0.26517573862639104 -0.3415939403223657 -0.11058568363987341 0.19204077523412108 0.010606580865429713 -0.17029493700092102 -1.3436600789819027 -2.52905780370177 -2.3346249100466943 -1.9138261282350808 -0.8966059337719631 -0.5664849523513021 -0.6479810774037108 -0.794210585206132 -0.5481593918951359 0.19211013602827315 1.0078667940922588 1.3845732585376538 1.583210960867233 1.1414292038914242 0.8344621973481379 0.20461851337288667 -0.8660189909233365 -2.196485912249262 -2.5625878737520815 -1.8494524725437251 -1.1801140513144233 -0.5326914663982274 -0.683052595269261 -0.7534767687616026 -0.052309736226854316 1.4163759877284812 2.925291670572339 4.06743043598418 3.2179454684664637 1.5376753829646457 -0.08272493854908594 -0.6133732658166268 -0.13111748363439255 0.47434289179367173 0.6510718866349131 0.1965407688162125 -0.3359497738687108 -0.6313786187741062 -0.39389499777573767 -0.24526253735658238 0.24885939436738522 0.7946536070663925 1.0885128889778954 1.1411491376818836 0.41572408099985536 -0.4509349480392507 -0.5840115159867639 0.03751053958846829 1.1622949294384781 1.6065156166453463 0.6205054945523274 -0.734148199736277 -1.7467426821752017 -1.8632094657782292 -1.1294152186458828 -0.19426959497947263 0.13747642428072723 -0.23448151631868666 -0.5873526218752161 -0.47422261050057724 -0.46296489324391776 -0.2868102205074533 -0.2379716578755302 -0.18171740557799748 0.1348567761088096 0.21566207250167552 -0.057722498806783935 -0.7342646308116442 -0.9380922984614344 -0.7298022944478769 0.018419079989243484 0.7106689938183756 0.6311775560266155 0.0010020321848970184 -0.723026384013115 -0.649333626096017 -0.08452218640327007 0.9175965312452514 0.8568061244510408 0.555063926041778 0.2013718491774203 0.09599419739110025 0.47283972467291624 0.511983418048422 0.40374550750819194 -0.053510918298296586 -0.1481435558215025 0.19626161250064345 0.8795010031521197 0.9485087610159347 0.4096462310572402 -0.515446354550998 -0.6577136565597125 -0.5449114217111277 -0.2444540791498783 0.09040981677234454 -0.07510901297075324 -0.1453499324135742 -0.10107869211026924 -0.020906340805347055 0.23650533475761176 0.45620324843203597 0.6027398783041691 0.3719252644396403 0.3502447809932044 -0.10230966209535915 -0.7473844784475187 -0.839352292886499 -0.9449732663982797 0.06051260199527378 0.517761164874102 0.8793228387396599 1.0948956349865173 0.7922050455461048 -0.5164307518999606 -0.9126274014110447 -0.9470750662520903 -0.2022393495976804 0.5297487788128631 0.12868632726219406 0.09292400981933088 -0.05413891853245282 0.3071982014250175 0.08983913657422526 0.05012392035851412 0.19863694514526592 0.4705766047133297 0.6134033595662388 0.011646750993579471 -0.9023452213079023 -1.5401919280760719 -0.9082556187735831 -0.17446166193909662 0.4231764383493498 -0.3225873212947158 -0.9137623660411104 -0.4741172249405434 -0.047149838952088206 0.3567709682950693 -0.6513397465245718 -1.4743829490591425 -1.0020849918271075 0.32959098203797654 1.2381485401339043 1.3682490925421655 0.13332281447063726 -0.6497424420585693 -0.6595729314853201 0.022825731989521238 0.6870461683293704 0.7731289477110929 0.4303824798608096 0.2888907767998548 0.007080118020493954 -0.08924024896734767 -0.28052215216752846 -0.3398164123371699 -0.31526431201253075 0.39088348017430846 0.6955258844485803 0.5094410492688377 0.3317417784791126 -0.2582092077246027 0.0614841855520461 0.8118113168303034 1.6032642148001623 1.446074430875644 0.7090930933667688 -0.5654640507739683 -1.2631231351960603 -0.7851382425917824 -0.05985734939853333 0.4998004719588988 0.9792271368668917 0.03901169751075918 -1.2401096502950177 -1.3758785700196592 -0.6390114677621463 -0.10933163529999984 0.021627073842925417 -0.4439932251828689 -0.631203753279738 -0.05935268702218353 0.2357248407202215 -0.08946213175021347 -0.5532268613232895 -0.21282472742751396 -0.03032479511679931 -0.2865921154896265 -2.010536372492366 -3.698497202042082 -4.260570017252802 -2.6300859511685455 -0.11494810143243535 1.2090292208504732 1.2083048585240954 0.31358055846227795 0.25549623250699594 1.3970001465365351 2.38038382675076 2.936109821265446 2.4401644369576974 1.511477289628693 0.3916004738477895 -0.49743731834027377 -1.4631514598077133 -2.1152260344816822 -2.0665761073929922 -1.1029133448733603 -0.06357377443367561 0.7292206235584336 0.588422262180321 0.44571213188924785 -0.06330634048890994 0.27233186611733035 1.002050771818951 1.7760988033257656 1.8809921112454822 1.0409556872773196 0.5984802727445633 0.31888516199528544 -0.006068798281804499 -0.12217980369751495 0.17355574315549743 0.21190083707062754 0.4581884594348429 0.7474813794955248 1.0490167570555042 1.3895573712897655 1.3473882839057534 1.2586145963920563 0.5296822706956317 0.19699393195465742 -0.08455144578860146 -0.1137216255849094 0.011915162295256783 -0.08997725922104316 -0.031404564830268156 -0.11383700646781612 -0.2897164273475482 -0.43662508244177745 -0.45466271535374353 -0.6613923523939134 -0.692879771204469 -0.645404079525866 -0.43496430250951235 -0.4407366173679697 -0.3863161424611641 -0.45390354151569157 0.2074723403701178 0.6130037589922583 1.4412823221925513 1.6934956535905978 1.2901162892533247 0.8339755757258936 0.47581715441190225 0.3624790781029046 -0.0025672340874443858 -0.4121333010350867 -1.1330943446612622 -1.1020299111177636 -0.7079054334532728 0.39930398210077006 1.059112338921793 1.1742696939488202 1.0832931887509378 1.3360969650599712 1.2590739892966043 1.4581862040206317 0.5332740482871912 -0.6387837542232705 -1.4724332103256768 -1.124059824192637 -0.016629072343619777 1.0051887359034797 1.4478734757879 0.9581589213940577 0.8923409233835573 1.1121301947309667 1.5277073442962723 1.3867650543504835 0.6093941520102745 -0.3347112908827541 -0.37463771463581486 0.10883936950744079 1.0308896260325273 1.2029340301355047 0.6440681150227306 0.27565420231208215 0.2596486470824274 0.5227597107621068 0.3936132089625771 -0.6404710894521592 -1.6088012977190413 -1.7893933123960521 -1.0314738170037847 0.46415260400445885 1.6593927589995976 2.03482812836222 1.6985617874982817 1.4711800629412457 1.5681143211982171 1.275799329686807 0.7014346086996205 -0.34293807797403447 -1.5208675895906731 -1.7331684029588208 -1.1616719400689892 -0.8340721089670882 -1.0544291602183016 -1.1432682324024745 -1.3532019180100445 -0.3514607908883643 0.8253239666156043 0.7911507396223717 0.06314809531955899 -0.9820492473303347 -1.1918793705131767 -0.738159948915829 0.13720503989879013 -0.028534367076800526 -0.3963780856416359 -1.0957960775559081 -1.1577334380665643 -0.7859399604331346 -0.5141287863982538 -0.6696348551586129 -1.22361014068714 -1.7102368319262988 -1.196753378784906 -0.9082774278923164 -1.182286346636096 -1.4210420863041386 -1.9674001147872826 -1.270516072320907 -0.133759532392104 0.8776369544661415 1.0044932342059651 0.624295589089033 -0.17180032343285373 -0.3187046314887879 -0.3096769566104503 0.1550130604104539 -0.3254324335505665 -0.8712490773756231 -1.0242964359582662 -0.5502882616679168 0.15393456384273935 0.9818448525994578 1.424253394068166 1.3749871113237013 1.4850225299198803 1.3314958175846274 0.5980678553637121 -0.11629600761358934 -1.1957449788321104 -1.4444235502773002 -0.9269015234670668 -0.2592129046975395 0.7567164646975215 1.3836737754139312 1.3320017920258262 1.2595207522975376 1.0623086234063464 0.599399341810121 -0.06186543263125444 -0.6914659506010806 -1.0541678014449722 -1.0571732058142898 -1.2587971756494392 -1.170384390277025 -0.6355117614360283 0.17960523566055686 1.3217454667529591 1.6007331299165686 1.1884711254875877 -0.1548770049962054 -0.927296379609021 -1.0308037635842344 -1.4457938559357721 -1.4157253397802252 -1.6452669742756245 -0.9245416149883945 -0.13244048055069466 0.474927507027232 0.7677386480775502 0.44077536646180926 0.06189636516355769 -0.043020454315440416 0.15778617580333973 0.09432265640532375 -0.21868207902433998 -0.5595594196791156 -1.1106886270489504 -0.6982787933201712 0.18041291027358805 1.1262809967078322 1.8898531905630769 1.607690760670531 1.127950165334026 0.6852649615057614 1.1622810252754567 1.6101074179555857 1.5997054254607892 1.0849868927775808 0.32559772613653215 0.7239256336288812 1.1089699372302808 1.0730438470336203 0.4826402763452223 -0.2939459053318746 -0.25032749249572883 0.7290367782626903 1.2545712200242383 0.9249118487597171 -0.30578444711652736 -1.0760357840259678 -0.6644211385021095 0.3571774298323473 1.1313376186539545 1.2508737626632211 0.9758147839734799 0.9990668246026972 1.4683906391370762 1.8149773512406517 1.332744013467807 0.4048213952946054 -0.6545396691999257 -1.1982274208378694 -1.580812287346843 -1.5907912137298066 -1.6639956694420048 -1.5935225654396439 -1.0552453165606603 0.04157378488444283 1.2461446741053375 1.7025417604665853 1.5793682923382126 0.4724703136302017 -0.15280038728985298 -0.4257949169894003 0.02450846752689388 0.13102408121019724 -0.14869368248974746 -1.13147607445985 -1.1174926053472738 -0.7278945158464468 -0.1656398825867265 -0.1733473071588692 -0.817696423574414 -1.4905993770686985 -1.254310014887517 -1.1142569777322784 -0.9186008244381832 -1.4374563290496665 -1.9636234361989768 -1.4688866350529801 -0.28469046749162347 1.1120468026611818 1.8422595328159765 0.9583341649420009 -0.2284167749553135 -1.167178303371134 -1.592258459755987 -1.6216288622568593 -1.379871118594617 -1.26544314727436 -0.7202625613084414 0.18753392191154986 1.0072756517600079 1.4323724587648088 1.0790637065420445 0.5969808967693061 -0.45557317548697496 -0.8494702229745031 -0.6181582901765499 -0.25893470046246514 -0.7483483495912622 -1.3107479520837493 -1.5283043307397568 -1.1073576428197713 -0.18329874594591503 0.197299881573852 0.07583939231005432 0.12414639890533549 0.543986770273599 1.2989773474637343 1.150944539715821 0.6800030489651043 -0.18695246103623092 -0.1088680195060717 -0.25446399527956043 0.027502226556401353 0.1502752015444141 0.045836779952552316 0.10274812954667333 0.8508770605714433 0.9836209068360404 0.964850048435975 0.24265170389628776 -0.209757689391365 -0.5263631667006446 -0.6021544932650092 -0.5356208951110567 -1.0429255063354013 -1.5392496928380306 -1.8417205982895244 -1.5226087050572674 -0.3511194570691304 0.9789943499218712 1.3871737343720736 1.1019039225192606 0.4198237210935892 0.10297527413214831 0.2822883564193039 0.33175880808465436 0.06967232027822902 -0.6712627124261189 -0.8168810886797079 -0.4481288357817168 0.37791825968688775 0.9295212520047655 0.4536609081400818 0.07086702654592657 -0.5779079349784326 -0.2813760591965432 0.03498801223179805 0.1831217662603567 -0.14659627759705093 -0.37210921117667345 0.023354207831739176 1.617336948209249 2.65170250222174 3.009829630349601 1.826531542353621 0.5385351476434265 -0.28003862538655067 -0.18234246537566223 0.3249005333023901 0.20020766641009363 -0.4044737115081128 -0.8955572236710081 -0.4522292882959948 0.5915494698196736 1.404714182222858 1.3735729628996398 0.4604467545819509 -0.14113702187109808 -0.02722791730714291 0.3908603456214768 0.285623039791851 -0.6083423503176281 -1.2322966086355853 -1.3128690867883832 -0.34662275395153497 0.6739923476882456 0.5130330235195523 -0.6290715891553725 -1.6716464836689304 -1.5666563804991125 -0.4695589347628003 0.7276590945599011 0.9742742568303103 0.27612624888361537 -0.30157633193775657 -0.2761950852499619 0.3375855433343559 0.4961588013682048 0.11730203863845269 -1.2522459947853741 -2.105331931537335 -1.7674186671732859 -0.7425177428563902 -0.5432049756750904 -0.6885146872839657 -0.9871800262069202 -0.6756813342910319 0.7754135621240199 1.5819444526479274 1.4788369293385586 0.6348344979307766 -0.13320408690226518 -0.2434405605192062 0.6664576821837946 1.4842653752648602 1.398616163669792 0.6299924683895475 -0.6555998963252608 -0.7995312883828058 -0.49688308514976504 -0.13109938795392048 -0.19629153793649978 -0.6652350480553559 -0.8879283030581345 -0.2390348996239013 0.15817981260070296 0.5892063320251912 -0.006176336658560266 -0.43798142153050484 -0.6139981892021652 0.08551509085444227 0.2675917221485338 0.12750815596108167 -0.3297990989866731 -0.5978835986065935 -0.3490626738285693 0.25752881640718445 1.0254760696381173 0.9667173484998297 -0.15548066512355735 -1.3250190927402692 -2.1005453950789685 -2.057548412433849 -1.238958704346503 -0.8692071813147337 -0.18704191101321146 -0.11699915850268366 0.0969987521547584 0.3729311770867493 0.8037468680520279 0.43952600034593287 0.051897232164943234 -0.32795713985969843 -0.31953096479665605 -0.404100632097504 -0.356990297539581 -0.3540500527281966 -0.5748689793375276 -0.012005329752536403 0.8529912630285343 2.1077400299787965 2.332551419308758 1.4998775809547815 -0.40950722948137863 -1.2020098371942667 -1.3904919405450709 -0.3528945660434425 0.3818281776927585 0.7168084533030997 0.7370456037222278 0.6005054240819176 0.682511254692665 0.48668277471444066 0.1739352521833535 -0.05444897002930232 0.1395409483041101 0.44764012142193405 0.3021401856981501 0.3846605743121645 0.5512098948627782 0.7589296412031877 0.43553129637026805 -0.0897143719914264 -0.42295694553668306 0.19081556473037148 0.6656403184876456 0.08349875995911171 -1.196808279295299 -2.159679839509152 -1.7962053097329713 -0.2680066494021131 0.670851596733366 -0.37049603111638213 -1.5857381662845969 -1.5986549239258654 -0.06091859072498346 1.642308399476047 1.4561156578360153 0.1526739102429525 -0.2273651949361767 0.9726931035511022 2.82823304468269 2.9398942703988387 1.398481118072526 -0.23078184761026072 -0.5505243805518938 0.128504682201629 0.36836478780373544 -0.39631326400517797 -0.9952806775422023 -0.809950409897408 0.2581335760856661 0.9996262932794228 0.8062799688941592 0.2547158083782932 -0.20111265702492542 -0.6348997487298009 -0.5433617697767739 -0.10912583089538712 1.1354900436083573 2.0306025582872698 1.4016070537082266 -0.1279570332317804 -1.461765186421308 -1.0287270317705501 0.27395188489366995 0.9879941911352492 0.037086368877729405 -1.1647683024020783 -0.8188332648544798 0.7002335912793535 1.5541643781210799 0.7680273053622758 -0.6455568542868828 -1.0091804746182749 0.4998698638474191 1.4827220294906025 0.2672630918762075 -2.3192178244019552 -4.46941669071813 -3.7649338253139057 -1.3282051201937761 -0.046340133818273135 -0.05725583855999296 -0.1841435040678071 -0.21840333918440424 0.25785983034831284 0.3247607785354867 -0.33134832288840194 -1.0528227299246986 -1.0512425305783935 -0.0015424780779281775 0.7409378698304976 1.0614464773810073 0.6203014985078134 0.5361719369565539 0.47095611989033415 0.15226142470149837 -0.0763033525258203 -0.022774362147991695 -0.059636947452766986 -0.16578504676842323 -0.7594470995755792 -0.8918197515933072 -0.39283253133188184 0.4824996076581369 1.6478135108196088 1.7986498631962302 1.0487892794232103 0.4733656326901786 0.24040364494110295 0.3460666718259901 -0.03151955538466354 -0.9124962753864547 -1.4507132369087266 -1.3095760089692792 -0.5574383119446843 0.06045577100004457 0.4759516576558057 -0.00894008689648294 0.7791176413438503 0.4308400382834418 -1.2620116482146375 -2.344086374354286 -1.9382022108032824 -0.41993033768039795 1.118298924902432 1.0556999290480686 0.07800171632628547 -0.46652246617659193 -0.21210634063462144 0.7279193263305095 1.1000638908506608 0.37679915017787574 -0.674957613247568 -1.0831018528411027 -0.9068881986278979 -0.31664341643185784 0.10339900574073042 -0.3600038590721876 -0.3041067312204791 0.0346126164903237 0.4405807318546533 0.9193239331955859 0.28372011069002046 -0.3292947818911638 -0.6290930098797693 -0.13465388889446026 1.0591583518228105 1.4920215456669523 0.8490029872262542 -0.08738572087273697 -0.624884076519329 -0.1273973386089339 0.7210586648989233 0.9472614686383046 0.5341349938661548 0.08484379249240051 -0.187564739587411 -0.10598575651866315 -0.007154053751598941 -0.02642179689523801 0.216498211421277 0.45911532135639266 0.4974235264413878 0.27707718517657376 -0.04733360642884797 -0.745347547770343 -0.6340081431081758 0.2529563013654577 0.43621745554963076 0.1527961388278423 -0.39179252940168663 -0.6290478006178201 -0.44769623949330667 0.358062504288355 0.8777107699715306 0.6456645092962227 0.009692487167806551 -0.3152265303080035 -0.10157120888481681 -0.06885431059661784 -0.5117703840659639 -1.076997991821155 -1.8081005374802102 -1.8354660580212303 -1.1308855085941156 -0.24457159969866643 0.5558885159358294 0.6478850012402315 0.6202234398988448 0.5978509197145409 1.0316986036102074 0.9194842891531742 0.5541763128432361 -0.12674526618797566 -0.45385479624760683 -0.7746296144893482 -0.9464386629297805 -1.4135165173083142 -1.7361204894874018 -1.5759880398447423 -0.8517414886213197 -0.05274049565876011 -0.09928903449564404 -0.5735435405511015 -1.035512146306491 -1.1726575281329177 -0.46988273091866484 0.3415301222604171 0.5271064921965185 0.42930443230574217 0.43536551549159075 0.1646985977326087 0.48068377887527425 0.3522455545961501 0.2850874699618314 0.3777184529578825 0.4676703931958685 0.749113383949394 0.29874730430239294 -0.5908375008985742 -1.368533664618517 -1.0856929285147217 0.2021176625511871 1.1605022390463813 1.2174497058324085 0.35427845522420914 0.02766629597427308 0.49254832439739205 2.123020901070564 3.501363203581043 3.541967878795464 2.6876772917619247 1.5771638058056225 1.493922018025418 2.104715295302289 2.193773027905304 1.1038378383169472 -0.4342329659614776 -1.4030453588824205 -0.8621158353585725 0.018340914621138155 0.07525659490527832 -0.7549284025989081 -1.599447229168476 -1.4433113399632431 0.015730889640134492 1.4134659454955945 1.893795441415829 1.1977999067944212 0.14892760476805056 0.08872667963610868 0.6640605891605458 0.9042781133895139 0.35634101494764264 -0.6761099005492143 -1.7630152627905546 -1.8764074654956808 -1.475192355125819 -1.51530444475168 -2.9075400226299486 -3.8519212390150797 -4.006535757083972 -2.2526224583408694 -0.1871557937227073 0.40769520291858635 -0.34417661675342137 -1.658717001331571 -1.8001963167245716 -0.5679519218393282 0.9652843570541304 1.2973531447298372 0.8188540224513645 0.1024102807636015 -0.38408450615959827 -0.1892342967494677 -0.034113918718039635 -0.45772678718253557 -0.5864655904882613 -0.49537972231064514 0.2563862256487725 0.3039913723414378 -0.14621108069102928 -0.6715212039730025 -0.5833861522138972 0.0697239607559697 0.8859433933805085 0.7727566843202689 0.19321537864405358 -0.03142472293627947 0.4028076875181345 1.227315056610168 1.4679287155511254 1.406846206432031 0.7469492733874545 0.9248800182090481 0.9542946720599702 0.7902675942238195 0.2462693337610762 -0.2572439758766234 -0.6088170748624859 -0.6689864787868534 -0.5947246325551221 -0.9445688052847134 -0.7524996787760727 -0.16994893978523565 0.9181427896958476 1.5024149939868174 1.624049009455443 1.617144373611871 0.8595567446814192 0.4497070055721795 0.4309065107523859 0.15292544924083243 -0.03874642104959229 -0.3520241269224688 -0.4824368790575709 -0.370475636187847 -0.3767346444230159 -0.2089558515050645 -0.10674000140990293 0.08283522706417576 -0.15404478450026424 -0.1209194825182165 -0.18957734323910258 0.0068248311012224965 0.709307004774231 0.5614367623145277 -0.16876886438930994 -0.7037409112807914 -0.5749978135027927 -0.24778635771841734 0.021072527298760683 0.4306227840910963 0.17737202158790288 -0.21049077939944588 -0.36252578008231545 -0.6966018768196678 -0.7823513930681064 -0.6761312799745274 -0.347645722986728 0.2138554197343868 0.18053299891379337 -0.4535553360446952 -1.2934899992553954 -1.2565719952896313 -0.201070759645044 0.8566816142685746 0.8861692019046664 -0.38309923495877685 -1.2015676655312268 -0.5558537918441431 0.5078541251573425 0.9915104330274046 0.6377082102035894 0.059149350786144264 0.20042314219110768 1.0094713512139606 1.407300882900769 0.5540040744644011 -0.744018028314969 -1.4157866339443124 -0.3568296651617625 0.5861097255146767 0.6221787821139302 -0.5597175624991252 -1.5488682058447603 -1.829701374336467 0.2615579590810843 1.5895216375160013 2.2380099774451327 1.0985426838758166 -0.08045123419309404 -0.6085565424384353 -0.10203064640629203 0.2435846904564446 0.22409921258684692 0.019290998330277816 0.3883384098385217 0.8455128441180431 1.3497000351339627 1.0590688546827658 0.1438325715381947 -0.8112929419337351 -1.0551239506861587 -0.8031399286114831 0.019213265698549305 -0.03651580914525772 -0.7023466256556771 -2.0148305488127187 -2.325417659860512 -1.8094119983085473 -0.31628838646753477 0.5989832949620153 0.9791318938036362 0.8029536159438639 0.4329120420651561 0.6260276939501659 0.88833494613538 1.2247617128241577 0.9048441894577993 0.3276115192281341 -0.4492258612169329 -0.8230611118412985 -0.7211159830188104 -0.1344774204339667 0.3399903747557582 0.6630201291502952 0.8970453990911801 0.8511914577350281 0.6074931200502058 0.4194876969065002 -0.28180054628911144 -0.16432434329063383 -0.31037712194448847 -0.2733315247037203 -0.24682487835494146 -0.432321835498388 -0.25896870896157237 -0.11577338218051891 0.5144737519869725 0.9832082836425174 0.8570155555343629 0.2854636404498873 0.05374932853253828 -0.31396808675852594 -0.4357075847398514 -0.18949976891884687 0.182218788432959 0.004895370713318644 -0.1590982478532857 -0.4909737703068505 -0.9808532894036872 -1.077002515481929 -0.5878925566988168 -0.4266612717644874 -0.1989006475030658 -0.15313636684483664 -0.3540377634695285 0.15996532360951018 0.4865738356681362 0.8242546353702229 0.9863375908826829 1.0464319168017553 0.77686857124147 0.4694595258717421 -0.20474105456317418 -0.6934201596897586 -0.8824441217196629 -1.0513149025120376 -0.8351666401762929 -0.6416946058469879 -0.49029350194608207 -0.5361354226533882 -0.2647924372283092 -0.2788776693410415 0.33617586341631817 0.517741331200929 0.8109042730795695 0.879023221648953 0.6046162949225723 0.5054145116221639 -0.2093041045001445 -0.8029657571333456 -1.5520734785056913 -1.6164647555868763 -1.3008753722496014 -0.8002371710873685 -0.26245470769855034 -0.3141422554303663 -0.794339095046388 -0.8339964947907569 -0.15207797553587477 0.5213390640614135 1.3932265230651908 1.0170168926320637 0.31535310568049446 -0.6674816137665965 -1.1403166001541998 -0.07934240616891246 1.0913946893305007 2.29046998764919 2.50740209909999 1.8554998142267505 1.37002202306997 0.7962071161203823 0.04400891012368837 0.02049436187009149 -0.24694758970095398 -0.22530313590318976 -0.26098984727136276 -0.18343311041540497 -0.6749099010834702 -0.643156791051182 -0.03014109188369251 1.4623943951790217 3.2231654326679426 3.9473564114769863 3.3113777983550694 1.4844383344504304 -0.0598236292682547 -0.43048476177481115 -0.13520797384555178 0.8543463933786336 0.19237002358954952 -1.6430152432255425 -3.442658504050168 -4.061084592161629 -3.1120218812385367 -1.4257034892855993 -0.3293411730839628 0.24069602228026182 0.5886489932133371 0.6125510574962241 0.08614496178165383 -0.17687462591640574 -0.14460413118895407 0.07829410881435209 -0.0024009052034182484 -0.7117440269013895 -1.3273236788025637 -2.2050346504151936 -2.504302390552358 -1.7961867003435084 -0.9877659096234253 -0.1937271639534862 0.7063964718787775 0.5918311242122578 0.16737630037692344 -0.8671715976681988 -1.6145413160727025 -0.8307771133802763 0.26553206655539463 1.0086594008933323 0.5326369095293058 -0.157135614906226 -0.09560560898113295 0.40704524226394845 1.353916428587192 1.5956135878090616 1.0811799380598297 0.6066461793366956 0.03235231794733814 -0.4074444149007865 -0.9532951764065656 -1.2338477326656592 -0.9152321875771825 -0.2665281494549444 0.14975781775243477 0.22438275589502102 0.2080373160737422 0.30791287388534805 0.5948607982837697 0.8361990287279549 1.0419542495229042 1.0994175235674073 1.2653559433121795 1.1834472022869904 0.5154655795721367 -0.28153078717307684 -0.8465166760834196 -1.1863861015783597 -0.9276138084544465 -0.683991048912492 -0.47066538313763484 -0.2312968094243578 -0.1952708052823196 -0.11656449766452916 -0.48921139536652714 -0.49272317428797435 0.05001339965993976 0.852660179039426 1.1304149916115007 0.9108447335651377 0.2676624945171623 -0.22521390843130568 -0.19214639249749454 0.2474929557459005 0.5453828467881763 0.2621702421150332 0.05910604408058541 0.3493385506894599 0.3864409436419561 0.1663821293235224 -0.019496982581527586 0.061719975967441415 0.638551323846291 0.7530945098983409 0.7367840648860704 0.29934113835975945 0.1736495024704845 0.6142278187240723 0.6274665627364789 -0.05938622469898695 -1.342107466730611 -2.0730197986722607 -1.4359932274485534 -0.881786435033676 -0.18262953516389036 0.05666773762097074 0.03360353319592556 0.38766005571058776 0.46375387551279157 -0.11640146121799257 -1.4514856693611022 -1.961034224767822 -1.5049854590067457 -0.23612811361147693 0.16251169643169705 -0.4225418115026618 -1.304675205500188 -0.938737487938781 0.542368600727814 1.9843360101994965 2.495370462869931 1.8628659484112666 0.7811669683609687 0.5648994310861164 0.744149056972397 1.0110930992561489 1.03237655055391 0.399099354584092 -0.3211646655683729 -0.8695469017523408 -1.0064383138786983 -0.8258815122559431 -0.42367596134975666 -0.5069344456285472 0.034570544317999635 0.2490385686482611 -0.05923827402569665 0.026168483877447794 0.08423384904961984 0.26092595446777767 -0.01466766692834162 -0.4338661608977613 -0.5274485405018333 -0.47389645385836104 -0.01677298645767297 0.2470532879795078 -0.25230658177948334 -1.5300662406234475 -2.4107122248791093 -2.7971058733213146 -2.1443026503185676 -0.8667137526446486 -0.042333514296910756 0.23531633970707877 0.21990891251447742 0.053212776067823916 0.08902169112284992 0.20430982021620658 0.1772891162691842 -0.086901425481195 -0.588412875237324 -1.1505731433319235 -2.071395399758747 -2.2629137737817517 -1.98220242377554 -1.1618479497359782 -0.28816183589686634 0.28039042766876093 -0.10309016776979281 -0.6179328682924338 -0.878510818404368 -0.25766383979765445 0.5566733583870866 0.7437096165819355 0.5345645781414494 -0.13723266410142906 -0.3916777061374582 -0.1310473043689405 0.47536595130782494 0.3133249869119663 0.02603517911564557 -0.20605293803075825 0.1330786287856369 0.4628914757374325 0.7640089605717345 -0.21709478036112434 -1.1365285439393822 -1.2569167813180662 -0.6730146115954233 0.44811970043601557 0.984226192193299 0.47944393363627114 -0.3372012879669623 -0.18437186984652282 1.0351645775586282 2.539515967651259 2.743808674233952 1.9604858047170401 0.5358197569651325 -0.3098038628519163 -0.5350285071994899 0.12850486843451406 -0.0914106836304685 -0.3519364471220388 -0.6828963096224246 0.2677445186706698 1.4035049017578705 2.011820384249015 1.7209375761193237 0.6980005476389863 -0.19562105605498475 0.00480224861001376 0.718040372807352 0.8830754294514599 0.03258204816318835 -1.2998854256063777 -1.6160295683273616 -0.7715147196613813 0.798407599871047 1.6978702171660274 1.6503837845738816 0.28037985825284967 -0.6907040536005452 -0.9680724483410322 -0.660153901006256 -0.4490935466180642 -0.3170632380722256 -0.4518254133829683 -0.5582217785182154 -0.450040057093985 -0.5963425402096485 -0.5913999349274642 -0.635834771480427 -0.6438854686923303 -0.28064617544578835 0.008456432045833686 -0.059505977533709745 -0.3697543887237256 -0.6723472135133006 -0.37950460772343614 0.13414579572369817 0.7618513548252852 0.6490281618351912 0.3918145745021794 -0.10910112156180683 -0.5395606581965001 -0.5055011191429789 -0.21564915501021997 0.19857597917615952 0.6251359475473683 0.8969677678482119 0.6663664150898352 0.440709447951217 0.04935178225163742 -0.1144005917349377 0.313898279817557 0.6562045433991013 0.7830864065817766 0.4175355711714263 -0.13386373582662256 -0.2382797058428921 0.5012839756510027 0.6945080495121934 0.6697062079957422 0.07914103289280768 -0.7295221188064503 -1.3403333168918217 -1.0985417500510464 -0.6671368232569891 -0.258709117140888 -0.29613774670820436 -0.7511857305736829 -1.258020012335013 -1.3119774309908208 -0.682997927396447 -0.3310385891302419 -0.8887607501280804 -0.9998906868941617 -0.625021360887901 -0.005506834397698531 0.7708980331013598 0.7510501135244365 0.41710241693819683 0.31061005998939895 0.3681351143459382 0.47582170357710524 0.1195663500325414 -0.05911930304662051 0.32865658842824397 0.8396215068203334 0.961584503627855 0.1178757450405709 -0.7095182519214677 -0.9188402078271729 0.017093405423083446 0.9509013883227457 0.8099289001333471 0.20370427811985745 -0.12100546632751609 -0.03214803833302222 0.10761975714088767 -0.37347030822675314 -0.3683820518852965 0.3631309259654139 1.1844377328760978 1.6909403726291783 1.1137303524909619 -0.3249137863549167 -1.3127960604841666 -1.3395536969248134 -0.1362244978340416 1.1787967986797128 2.071355241394913 1.9355974752958527 0.8436582499498027 -0.4274079112936757 -1.0713192494881172 -0.6567111075917172 -0.2529757613981201 -0.5747450234028427 -1.3786057587543294 -2.086950517784384 -1.6728237624896598 -0.3432075011222043 0.24400996391450608 -0.10894606568724854 -1.0019892847782803 -0.9214553984585496 0.6584837525284475 1.1157468675105244 0.29507025094618206 -1.8936124070011757 -3.1578527255218867 -2.8120667047491374 -1.391924256017176 -0.2875686319002368 -0.09787604184792566 -0.1027572926294478 0.2948999544102735 0.6477966002401875 0.9384983038829692 0.7192392686452701 0.15229127571952142 -0.27404151261340215 -0.7155545645802968 -0.6045751377674954 -0.2131098712186543 0.7296343030427326 0.7898196946539554 -0.16889773926346102 -1.0532366686351369 -1.2245286040074663 -0.32477626927355563 0.35566750310696743 0.18639058855696694 -0.15425889636845397 -0.26005886044737053 0.76935959641377 1.3331621129210092 0.4836629797043818 -0.6386369228262584 -1.0402617149599958 0.583584876205801 2.554251974391344 3.4770437772896443 2.729083979103391 1.7351028940924704 1.0247002557098965 0.6318873701425132 -0.36966743134066377 -1.2096542425310406 -0.9200112795928052 0.29589846503645795 0.8851807946556762 0.2946090819974422 -1.0772455894683544 -1.29555144393806 0.2230136677812351 2.394198446732904 3.0364990331618444 2.3589936466780075 1.3855951043798669 0.9705095879449664 0.9259611582781315 0.5836410319282903 -0.2435075687690947 -0.393059692136639 0.4140683693769891 1.0390148089052857 0.9342442705493975 0.14200921037502268 -0.4053756308540463 -0.09978851497974955 0.09641547689364102 -0.020134706643203975 -0.6215791478073469 -0.7425506596791439 -0.09670009832751487 0.9758911269876263 1.2790278072372168 0.5139551163700845 -0.5346600892263461 -0.6975147148077764 0.3857697645801509 1.4197702583779521 1.4687919185979732 0.5472341182284812 -0.6065006365362604 -0.2982980735757684 0.957553139841096 2.3106843628824434 2.205473084309658 0.7210560657810483 -0.7185592733772254 -1.3988814478823384 -0.7970901895933106 0.2758997804974695 0.1274082433372499 -0.24526754056001754 -0.7269298836855298 -0.46081477649404623 0.4189899328677791 0.5613885664225892 0.13928402990998456 -0.7091470655379594 -0.8398843492673767 -0.777932059270748 -0.49193169277365656 -0.6041487331990926 -0.9009734996725995 -0.9261942488950834 -0.2141017468125272 0.5735698151822954 0.751157452273841 -0.21935277613659876 -1.3771233649161585 -1.7218748916711688 -1.5686009201776683 -0.26916006612444876 0.32345678482428164 0.6524979228498982 0.0075873420674309276 -0.007397959404535406 0.72196429897147 1.4508782144615255 1.4939588600952722 0.7859739456352932 -0.1569249869862951 -1.3309587653172084 -1.285879306757903 -0.5251394012453967 0.02638135339579309 0.6325989301759367 0.5891828917375997 0.17292741382492463 0.042444595355345026 0.11110136132114135 0.48113443621519314 1.1401631932106377 1.421859415113677 1.0824504736673979 0.6198906040045604 0.40414362998587433 0.7137538942897647 1.2815967643644441 1.4219860489506106 0.9298075285704999 0.1253738255022877 -0.8642456508798493 -1.2902368518073868 -1.5012763206311326 -1.1882059043019844 -0.6077825408806974 -0.32793925886268316 0.11016889346742463 0.257268706656002 0.1819709528298236 -0.24436560437278468 -0.6302057428546048 0.17018726134726703 1.3642040587570796 2.2045325181077344 1.5796829173552032 0.2837122158995478 -0.9146703697352987 -0.8718766624557025 0.17008317231463138 0.8153386768308893 -0.28177890244914505 -1.720061287345869 -3.3101212601297254 -2.990533209607217 -1.5692338139705797 0.1758999152457338 0.7910406964872909 0.6616702329214387 0.11666894892616314 0.2201530788510632 0.49789721528301717 0.32375344802370104 -0.20672377552296983 -0.5972483479778078 -0.634836839779386 -0.3432857492667064 0.4611489627659727 0.2901710604316708 -0.6568112329276249 -0.7739292627265956 -0.17804109808939791 0.6923159054536269 0.8375151566647949 -0.10630024221258144 -1.3586781308053502 -1.9278944555893978 -1.0754696548313358 0.2911756988246418 0.7127221693056531 0.19506989000760339 -0.8342763279287878 -0.7541282291985959 0.03623200509441471 0.6469233711299527 0.2461606990784392 -0.9197433886445022 -1.1759705833591625 0.14654519076910028 1.8499445756072352 2.471164805150297 1.6133511850616227 -0.22507978793559838 -1.3630788371652751 -0.8965333030825492 0.14038286115703427 1.0110805232700462 0.6595293958502688 0.15910725691301653 0.4634433510408688 0.5819686502296855 0.4217121336458813 -0.06288277793271434 -0.3806094436496456 -0.41098629828758576 0.5038361957087688 0.6385575098489751 -0.04889673701614932 -1.0387647458530858 -1.2665353865420421 -0.4447455048927402 1.1493792606026507 2.6794732256399585 3.2368116929204502 1.9834290029642108 0.668019366867474 -0.28408650247678263 -0.6598580681446151 -0.13166695664503164 0.2480448289726041 -0.3178606551900338 -0.945017913837351 -1.6550787194059402 -1.2529360426768845 0.17535032410873966 0.9240431727219144 0.41354051196280667 -0.6810819283557658 -0.8571981785956144 -0.21564143820376205 1.1427856344488987 1.5392921496055223 1.3259219315351172 0.8323062480148169 0.7472665411369858 0.5919003192273335 -0.1704144865217957 -1.131359387606811 -1.5945452549887928 -0.9384799638583038 0.02574374014448959 -0.03263374033403664 -0.9659571448239219 -2.1143367520321568 -2.182533957526308 -1.1025675076930241 -0.15806987517131188 0.35741484788319206 -0.16849105292928448 -1.0367563042476746 -1.2109342325031984 -0.3031327446591086 0.26422858113242614 0.6347461970107741 0.5714584052653356 1.0246427413049106 1.1841047507337499 0.4263209076873625 -1.0202340150878357 -2.0190486744327067 -1.4633111697883228 0.047541664621456 0.7384784945316933 0.3125741811856994 -0.455923676864701 0.13622541341595942 1.6630894316464209 2.6395428430705143 1.863588691474633 -0.08100869806026374 -1.0759499284018235 -0.2968393675243792 0.9720663792869116 1.7107869329264411 0.6389101607795842 -0.13190289386844936 0.1580375724150544 0.8477034745364402 1.3216545196094531 0.753315631162744 -0.4675605388907635 -0.8718852866582983 -0.43076259318717325 0.3069472649456055 0.22077096388069026 -0.643087812119513 -0.7805144364079334 -0.1405189722396526 0.7500019101225395 1.282315963720645 0.06155545775765537 -1.7374898846741924 -2.6711365162456415 -2.392401887635836 -0.8689431499876722 0.47986770433874537 0.6476884421721788 -0.23214378372917238 -0.761063476852864 -0.6381575466959838 -0.05331961195038551 0.820433989432634 0.6514596987708633 0.22705499609605206 0.13921507207870262 0.21215145148870854 0.6011735649437776 0.7811118894389026 0.4903464728766219 0.06490162169125778 -0.17021688081155112 0.06443379262397449 -0.16382878952135183 -0.1609982531204548 0.38112330204534345 0.6687087727402188 0.18517340847802594 -0.2812203127515172 -0.9110033442318414 -1.2745524014978344 -1.0446827700526997 -0.6833304399680379 -0.33850504046409274 -0.3517129944478021 -0.288712470014423 -0.2764272234348696 -0.295583097259279 -0.533411102923671 -0.9844784898785677 -1.0945465705130182 -0.7153575074660803 -0.19709012966883852 0.24174696404975393 0.6618913599820349 0.7920122137494596 0.6331145617841247 0.41380301518284246 0.4967438315808879 0.11835587689549275 -0.21398295593643163 -0.46980055129948084 -0.15128061622150968 0.2090679951297153 0.9401037856004563 1.3610988995577376 1.728830386950838 2.0864625201350617 1.9846595434569119 1.7690650243556658 1.3944720383187308 0.5360394539145934 -0.4940576680194045 -1.2674186666212663 -1.3599095660396185 -1.0288448016984233 -0.3517555469482431 0.2778679555910027 0.20185733235955658 0.2774022753523095 -0.05369669624700223 -0.19163344398342977 0.14857822946116667 0.5239767700012331 0.7541966981331585 0.6473304649906104 0.3396451261297418 -0.21299015330798177 -0.6444560288533299 -0.6956731196053386 -0.21581080196858218 0.0037972267225749516 0.35104920395251826 -0.020894986768598568 -0.8934760772769768 -1.1333106434670965 -0.858794637007601 -0.48400755001078827 0.058313993120309486 0.451549268190178 0.01669886844783579 -0.4139846326992954 -0.8625274691809779 -0.874497281249543 0.1956865017650125 1.5163971366731535 2.5985134408138877 2.6415025572164255 2.1372538944103736 0.8420836890485881 -0.22162116774176616 -0.8891062374888316 -0.9624204727409827 -1.0491675048894813 -1.1640462297667131 -1.6314043551780089 -1.7762306124613105 -1.1865573016422921 -0.2342199600308749 1.2079915954739515 2.1476759396254566 2.0205922842384982 1.0133932989236372 -0.418639427590172 -1.6781399076258081 -2.7967295757478836 -2.67891085194698 -1.853805163384938 -0.9002046258182971 -0.012624542973492924 0.1524062875670937 0.10848469577517972 -0.1626497756983834 0.12102017883313805 0.7105002158201869 0.7034247443247347 0.4707187011862547 -0.3375264608999779 -1.0968766125875336 -1.5214749650908377 -0.9954064933900211 -0.32565227925861867 0.5040811314128855 0.6122027740911973 0.3270842245339815 -0.13045559019022993 -0.47563273783359 -0.028259445615067418 0.17737781627119603 0.4419812369058093 0.9762525131194297 1.1085347354362023 1.3557409564356837 0.9521555902366708 0.20098191910057872 -0.09036756680321006 0.0579618572359872 0.43759038359268115 0.6977387727717251 0.445731561668623 -0.23967024740949672 -0.5270661273430971 -0.8273527208238645 -0.24274836672842218 0.39998592830780616 -0.05412828644603715 -0.5358573974447143 -1.191836238013548 -1.0429537921812555 -0.8587177621495347 -0.614651376461052 -0.4906746586384437 -0.1105030600873686 0.22167119857450415 0.45132242214851953 0.1644774581564569 -0.367857511479654 -0.6951525457519966 -0.21430229914015617 0.6347039947748977 1.2847499714489703 1.448002327792723 0.6164044377720995 0.15532024130029173 -0.7074723384870653 -0.9896941966586318 -0.7579171815900398 -0.18947960825448573 0.44175224288356707 0.37881367235991725 -0.03323355091511463 0.03965573004188148 0.6745810656614204 2.0120917607977216 2.627819395257044 3.0369940009049365 2.0966654204825033 0.3756772345362115 -1.3889621277272048 -1.920854366428517 -2.066886627217271 -1.1898364679998035 0.15663316937519273 1.2714736280313546 2.013354951153105 1.5084474854178709 1.1082605988753693 0.44527038815237663 0.633918669663637 0.6765446544642505 0.39047557049456777 -0.6573206112232653 -1.9537900647626076 -2.863231320455235 -2.508334418647348 -1.4791268584750408 -0.2978930398605218 0.6127092812893472 1.1871451032675828 0.8322911656156531 0.3046181947190212 -0.13005456737470306 -0.3317666826878165 0.17698985889013666 1.2798237900314846 1.2820044342506667 0.37364347043950025 -0.248981557125393 0.019991660742239594 0.7077965892634213 0.5657928847768144 0.04670226775193251 -0.4197274409366314 -0.05588961211675195 0.44881183893976195 0.08094485025632808 -0.46846244248151786 -0.6321506554459266 -0.18131669002358172 0.43497142901455516 0.13531095328530768 -0.5956269472171386 -0.9426138989634629 -0.31450946118816914 1.3545028180077936 2.0772379121461584 1.8690541064302268 0.8694604728490294 -0.13453679461091078 -0.7085075447630144 -1.5339051177072291 -1.9887354582757866 -2.4669719115998334 -1.91353683852944 -1.104736980180935 -0.8078367898591582 -0.858537320119885 -1.2257654944538856 -0.5056731896130098 -0.043658563608549666 0.4089874322094496 0.07928330643016171 -0.29539277443780776 -0.317946729885742 -0.4054198544328694 -0.5020858996459181 -0.9060813937246526 -0.8557310537775848 -0.2553561789299388 0.8464855508789014 1.3912756911957294 1.3080156544485884 0.8223486114602092 0.3109631988849458 0.2161591531816407 0.19968869918794924 0.3338262715962158 0.1136561778327606 0.5032691926983499 0.9788916461431514 1.4469357118326116 1.2208034599944169 0.5761823238145507 -0.19869543843175755 -0.7568096979165181 -0.4540889740036585 -0.033323709429136435 -0.06274715082019268 0.0718130637984705 -0.23239022911711998 -0.23337293547262308 -0.5828018092316435 -0.8785727476387024 -1.472195255344324 -1.6745292107073593 -1.2066702282809043 0.025958566376836488 1.2926083092911174 1.3803217899455091 1.1475238308365239 0.6244031915129608 0.385252535146884 0.8456845424939169 1.6666171143133601 2.015698806165169 1.959285945316081 1.585168581693284 1.121112585904953 0.37123227233876793 -0.3670406734891108 -0.9893566785128116 -1.0252707936018552 -0.3773156805189487 0.5172986752202173 0.6994176488014332 0.36794254065829674 -0.5013747492662312 -0.9690195360696686 0.2658920190745262 2.2417307927558716 3.233401195196396 2.667106058022664 0.8254929470893212 -0.9935045988514927 -1.3259166234622248 -0.8648351646083372 0.19074955864318902 0.278553358896338 0.15765963097781557 -0.6417339671432939 -1.193082457878824 -0.9806933081351824 -0.7119871303522785 -0.6511512743878215 -0.3779249442000464 0.13924680684108554 -0.12092247049749565 -0.8184884392661181 -1.6743037244093248 -2.4777275491213975 -2.3403580962112334 -1.0918588489020025 -0.05437293744761145 0.5275010822927242 0.06161175746512809 -0.3863151540845895 -0.8162875860789421 -0.2156082967189318 -0.13711137826935704 0.2874105526400615 -0.0393619815060117 -1.0420117171833674 -1.7757709336857759 -1.9216921049084137 -1.6659140874283194 -0.9932906034530838 -0.2876095089097276 0.7537930560615322 1.0749831884322174 1.0726653377996151 0.8923845465065202 0.5561929997797382 0.7179719132691276 0.8978196759087603 0.6444772309591668 0.012417592106939337 -0.6999769680104871 -0.7550620551968316 -0.34108915152805724 0.6027185457728722 1.0554928858011665 1.0324303505222125 0.48734546721840616 1.0303624465090242 1.354264770768266 1.564782482753477 0.9996284097330862 -0.004251330477072828 -0.9367830060538441 -0.4164975403700526 0.16296784845806297 0.7319884481654966 0.8678941438908376 0.2678973258597597 -0.23256884681356096 -0.25631160070087233 0.6354479003308319 1.1132544874019894 0.7900969211195659 -0.04882882589867135 -0.04769066188637649 0.01208100557569869 0.2353834909686333 -0.2124639566371096 -0.5039620392175985 -0.533565616971393 -0.3208269095770633 0.38439771130854933 0.7425170468831342 0.3143305947604857 -0.2353062547251058 -0.5065167841648576 0.10276058255333238 0.7167087869137952 1.0466700031230152 0.3772764179464045 -0.4479159760688744 -0.7747402900380914 -0.48417683556165597 -0.008652038241408647 0.49749437385389056 0.3381450714594267 0.12070059558642285 -0.18683792826581652 -0.1948446369906847 -0.2523478248769333 -0.11577960266154762 0.35165324717416196 0.45790186285054385 0.17810389913023078 -0.022156951685231047 -0.42365491503704444 -0.10503847967682023 0.14628367235720177 0.3361570018441678 0.5745147909602857 0.35991139464826916 -0.1558462339237854 -0.8084188202396283 -0.7976999761856839 -0.4858570911127478 0.4460061170854405 0.25037205498026166 -0.36008484150408554 -0.8127536009165542 -0.6462940477149499 0.19303624534155733 0.7195213125719894 0.7258795904425765 -0.04406450516444863 -0.2989621343039963 -0.19942796248416184 0.40685880646054895 -0.018038769366306943 -0.47863535160013304 -0.6979586238542672 -0.5644665100973615 0.004551933560678918 0.5131760602160359 -0.3921986976730604 -0.9322820097364733 -0.789639262418339 -0.05513058533863258 0.9482812081634949 0.7921224708678213 -0.11275933462451708 -1.3219912570002152 -1.6523864919942142 -1.3881050557327317 -1.014126088682689 -0.8478215698685575 -0.9942321486861878 -1.143746949464658 -0.7195489603720275 -0.014861284868367283 0.6822879773323212 0.46364835604289395 -0.20359527502189276 -0.3193995693020383 -0.4709812637326073 -0.37970372287848164 -0.4203955778306746 -0.7221705959063881 -1.0149826873834638 -1.046118070736037 -0.8485862173495677 0.0381388339111392 1.094315276799099 2.05509044981832 2.2167131091678303 1.9835932984542495 0.732783104702143 -0.7873790504562607 -1.3487851622620852 -0.6664225875121814 0.7871279577358293 0.8763021936294734 0.23768240203317156 -0.6461925818598802 -0.5687057619996804 0.21699973675647535 1.2600172453237588 1.9526977834548274 2.220708321011432 2.3281296172467996 2.0049518372666566 1.3148853552736341 0.3016287010935054 -0.028561033862251766 0.45825131700663235 1.1827227899522728 1.7412883683690181 1.6208987752404949 0.6681228727551924 0.34875308413824124 0.038518715966395785 0.2344237812243408 0.26704132401175645 0.38174404757386976 0.20235387388605697 -1.0434189027807825 -2.2354683222944023 -3.1539898525746835 -2.556721511251554 -0.9217390103699026 0.35320073540720903 0.4880721798028264 -0.6355530118911502 -1.4814284573914571 -0.7513970095766475 0.6994206659767352 1.737043807173932 1.5544372991391127 0.21921734834029297 -0.7530701953674684 -1.4809289948601567 -1.2573508161819744 -1.3192561941199468 -1.51265229936894 -1.2948255223704839 -0.3576067427708577 -0.0855489842812222 -0.5322021180018203 -1.5723272195735583 -2.010095748935413 -1.4928301552941408 0.20605805836941374 1.6490123033015907 2.3476654075144388 1.787346405674734 0.8147635158569099 0.05375390426231764 -0.186614993816892 -0.13327426491471123