Best initial_sol
Best: 2.000030 - Evals: 34056.000000
Best: 0.110776 - Evals: 34056.000000
Best: 0.110776 - Evals: 58956.000000
Best: 0.110776 - Evals: 68686.000000
Best: 0.096790 - Evals: 93686.000000
Best: 0.042594 - Evals: 93686.000000
Best: 0.042594 - Evals: 118586.000000
Best: 0.042594 - Evals: 123586.000000


Summary: Results

Best global fitness: 2.121659e-02
Time 192.297178
Total evals: 123586
BEST: 
0.14763360830488184 0.5989681297255679 0.6891931555339988 0.19971201892155024 -0.36368935144448733 -0.7146376710798472 -0.5287480501676174 -1.2078771636876864 -1.591997007584605 -0.9134548760590272 0.4489784419381616 2.5272655052735744 4.619135657641583 4.686395501298511 3.4329742925503868 1.031000118246754 -0.7171023953043142 -1.1824714939194192 -0.5113497269029081 -0.0703889666991208 -0.5081802892058453 -0.7647899977308465 -1.0989143576226061 -0.1506237673695418 1.202095583986865 1.45986298910816 1.1965176045791286 0.47947664427360204 0.2588654562800819 -0.045180341155589145 0.5972864871733621 1.0093072374393304 0.9591051183158033 0.4536912680287445 0.2397105040395011 -0.09014309674388582 -0.34571244328126377 -0.7185123872065644 -1.0489464092544665 -1.0469614511365175 -0.8235856349438364 0.10912063079052611 0.4374870207497027 0.13858452873298446 -0.4193941690950164 -1.044665636420223 -1.1168132548927903 -0.5584455016040786 -0.1572160113992595 0.6996909713130106 1.0726888070787663 1.0688992945464568 0.8303535977502156 0.0931510281773869 0.0027982452977190963 -0.25908292529082994 -0.1525886335988155 -0.06673222721282625 -0.06583553369214673 -0.11563031695882602 -0.5476895538789941 -1.0480687365364099 -0.418691618035864 -0.3966800810915209 -0.022810791519149366 0.012944291867004963 -0.08964673049375294 -0.21116831436169767 0.11068280867415162 0.4549612296956248 0.30183138411485516 -0.01735734361171823 0.038300358356358796 -0.5309235472817744 -0.11715962900355394 -0.18999152953857978 -0.031294199582872315 -0.4911936160994734 -0.3845729903530664 -0.03447559724770562 0.5582300616475085 1.1876257637124648 0.7132634648179744 -0.1537459729499569 -1.3573683753098946 -1.574851471323801 -1.0038206238855147 -0.028153947203710488 0.986352057197297 0.911848863196331 -0.0019695271971132667 -0.5705706703172038 -0.4494169423369376 0.47252913430467325 1.009188017502594 1.2165658656533567 0.907138838160322 -0.22817137037594126 -0.47463081619854214 -0.2064531365783691 0.3207694405529816 0.43926942688275117 0.3558203247675994 0.10677599099937321 -0.3842707975389229 -0.4092992570321155 -0.02167677424811251 0.16131973002767525 -0.1288139786412518 -0.03273767285594698 -0.29653831926454294 -0.2341847361519423 0.16264296988408894 0.31283763741656473 0.2657277126662143 0.6471497581391076 0.7671348363151734 0.5813448987403192 0.5441495356565224 -0.3477194803504381 -0.7615490134502877 -0.6097907266087135 -0.33203035570238204 0.11206478725132347 0.07218606804894528 -0.006785881436803337 -0.5735979862461593 -0.5487686499967931 0.10774127284685407 0.6659472536891106 0.6154363711281904 0.22268812898503443 -0.4132440006395823 -0.13143928997545604 0.6044778123076685 0.9985313983442099 0.44922935985957446 -0.21211267864485198 -0.43762439259631886 -0.30522310617215925 -0.5481282269056387 -0.8037005905611417 -0.5395509199012718 -0.16696070484519815 0.2312768675139101 0.34335725171463904 0.24168850337577605 -0.03912223596671851 0.29344913161231395 0.22655014132849682 0.5233787249732172 0.28510611572806743 0.24217143590603082 0.3223326085139063 -0.30000967751822133 -0.15421202182310284 -0.0057945426279324246 0.4347712843572502 0.8232278061897522 0.6333687296063367 -0.6473876978038136 -1.3933556818895754 -1.3785958838922732 -0.06724518609237211 0.5123963084853213 0.6414135716923884 -0.5746640894331425 -0.9536276648192593 -0.9924589072823898 0.0139063722412265 0.9349008444800978 1.5026035908780435 1.1289608812018834 0.3854730004519444 -0.5369512181917107 -1.0337171971082055 -0.6315620567048844 -0.20904808642216546 0.3480519155495797 0.574805292745218 0.68949200143968 0.4649211776893594 0.4714591791910878 0.751623108802123 0.5355265572463893 0.04878654616708406 -0.44891319493523246 -0.534401333068407 0.04357498342104898 0.156396738254548 0.21865376539816267 0.09818594595715992 -0.5568163051220865 -0.26559540372780543 0.8494747203244486 0.829299022589673 0.900577723707543 0.5408226544346741 0.49549075995970016 0.7272065671693683 0.4464983345739768 0.16754919853929573 0.00471549342411036 -0.32188531416691385 -0.014944787843569526 -0.20523332998072533 -0.06957667424528866 -0.25853757203891664 -0.03135499155525823 0.39286722143223307 0.9140563817043942 0.6714656414778427 -0.11273822373949233 -0.26591022522481544 -0.5313973839932415 0.28625865190311206 0.8365248244652171 0.807084322128396 0.09555540190812009 -0.42475273909076644 -0.5406856519038079 -0.28396205511809447 0.0745448211884589 -0.37585816449457665 -0.6810580326206317 -0.5586925901758409 0.04509128695445872 0.09584591467828843 -0.20074931726368073 -0.5615006428485276 -0.6265020997452938 -0.0521723477774147 0.7819755552768657 1.4619539785048028 1.470283681103124 1.3644359832794197 0.8575772857493696 0.6120149933932009 0.8605775856456137 1.1364755933385253 1.0990027993599882 -0.10070213865802263 -2.45603236294655 -4.900059026671741 -6.2670125948823205 -4.181326077099758 -1.5682973574778374 0.3870083099628814 1.1026416829062442 0.6519645496028722 0.4209934225532295 0.2289012516807446 0.0834263789676725 -0.7843792237931674 -1.7994735039079723 -1.8428104922943724 0.12577822257005042 3.7547750653877148 4.684736520480395 3.3190917424913473 0.9137640031390478 -0.2895915850018898 0.05254642076521912 1.5730576383120738 1.698082473624019 0.4295798936272336 -1.200639446305289 -1.9566215264209097 -1.6585881579173352 -0.5415633624539083 0.14685457706662122 0.5296175003585686 0.46948190469991646 0.4598190942400572 0.3596491537123233 0.5598856296982171 0.45392942368879663 0.5040590578494477 1.1348048431588988 1.431615823174358 1.1612046344019535 0.9676043563763397 0.028427104576095506 -0.38186026899569353 -0.3460157274627083 -0.38154248345437647 -0.02452428334677345 0.026075569885630256 -0.29528008093635216 0.01839342556775788 -0.031119987004554872 -0.10204446444745477 -0.33733052125897794 -0.352743431463233 -0.10060190177945234 0.5080192222374601 0.4720238220540878 0.13280782223714338 0.11086442902604393 -0.11582668606970242 0.06888460134258186 0.2355109620444039 0.2423843143993521 0.11822721142342492 -0.08050276549021092 -0.11892086335569205 -0.3505733344729691 -0.144957193810075 0.055853635558712415 -0.44928725721920637 -0.23114420831729138 -0.3910636108485488 0.05087862733779227 0.1818126958231619 0.14526629656149917 0.21523054241367723 0.5509916886060724 0.40490616395285217 0.16664078121130382 0.1824738788584855 0.09193391839560364 -0.13826921428408176 -0.03964011495699022 -0.11583643155870077 -0.13660540939454044 -0.035770129681638625 0.08886989385816313 0.3951998922477764 0.4985081502967683 0.24383135634176667 0.022879417362564092 -0.3971975601917773 0.16391434979691094 0.17339981242881064 0.39114360960596484 0.05512218445167068 -0.4699069648239104 -0.8474974912740867 -0.3620538176377212 0.3973030958155066 0.6865916059506593 0.6496837935263239 -0.2700541515282098 -0.2935985920760407 -0.26275582697031524 0.4537803902919013 0.5922278874715885 0.41469404661311127 -0.03067423636167167 -0.4578498207717357 -0.8434871046228527 -0.5157359776720143 -0.026718266740297175 0.15537161638375993 0.4772822911821053 0.17660294804950535 0.09070794592152726 -0.35314201557380726 -0.29388075625182064 0.03897710669415422 0.17162005985668294 0.3325244546154336 0.13188805399686193 0.09017545321068123 0.2404604711968949 0.0713616625901192 -0.03066262607201784 -0.36969665014790515 -0.2027592099090844 -0.14445662128343262 0.05399987858208338 0.07189840789960278 -0.07087933087200252 -0.5023029011827498 -0.40118158171717583 -0.01983063612004276 0.23891955254418454 0.29896326266389983 0.3247959179572957 0.305836569522264 -0.036807728893159794 -0.002828384142896422 0.23602864076906988 0.344071153798343 0.18741882328229548 0.3484881188819371 0.15685203901186265 -0.3923548955291278 -0.4674146781545632 -0.021396508451462962 0.39354581905997066 -0.09928954053524233 -0.5578577467569698 -0.535707673797814 0.2214665961351047 0.9001923149738572 0.548334715054234 -0.25902033467726154 -0.6455257413446672 0.1426906294986283 0.6309706236010383 0.1847344113222486 -0.25758200103225226 -0.4426973935763494 -0.03460810937560306 0.5946149002188803 0.423117668245062 -0.1459309550019936 -0.405948704987425 0.15961788680936304 0.9135705417477942 0.6290983442997443 0.078506714157485 -0.5125115090616543 -0.27873736871838856 0.33618877322378027 0.31056670325799673 0.2783858790195885 0.13939432666777132 0.7403513498318007 0.2511683142492472 0.011092541325086275 -0.6583430024567073 -0.45911351018399205 -0.25670874591676984 0.1420421611134809 -0.07252851875371634 -0.797557757713456 -1.065584944622151 -0.4143794216419581 0.9497996325291804 1.1658011632079723 0.894611867365126 -0.22302122667256458 -0.6131514259855916 -0.2115223810134545 0.10998872483270906 0.4250758798089762 0.47405962539651303 0.2918984004533368 0.3451241209743987 -0.1451303499695361 -0.17287683004018722 0.09356028367875975 0.006152048159373288 0.20073793815297017 0.149112551656283 0.37936023253302276 0.6769120862553469 0.25743144438432164 -0.04325042243788001 -0.30547830220030453 0.015407829588776076 0.14393945985791542 -0.053702836447855985 -0.32771696007984646 0.16010010397949018 0.37414037171708725 0.5309653362559688 0.38484329110299587 -0.16654156479999832 0.6499897202895071 0.9941116837818417 0.9979795505776622 0.0790136024300774 -0.6249565977964538 -1.018210302544036 0.07632853363408003 0.3992898097947286 -0.02646325717713178 -0.4691415147237944 -0.5968430326040908 0.0867517903624227 0.03935126162520988 -0.80054255906127 -1.3899436847750075 -1.2473440171335501 0.2328670251459355 1.1101559761774626 0.5042487251286395 -0.3231250297651526 -0.3223333802543639 0.4817239495245843 1.1073968962901877 0.3332575613218622 -0.6152908328037409 0.012101301472449609 1.4801754826366993 1.8743883292186465 0.5410879069410511 -0.7922647742435968 -1.3098834599958744 -0.04149893588980654 0.8590205428654951 0.3461906736662788 -0.8932511890759917 -0.6027126230492528 1.0067741511620916 1.8132198313370425 0.9767019819065296 -0.5395296355210168 -1.184386921586569 -0.46240278557397463 -0.22121524118705266 -1.413704885759155 -2.2980817137348133 -1.5139654892026946 0.22700419410315464 -0.447090611645066 -4.127000721100357 -7.159129038539695 -5.87897375500251 -0.0010699906050173165 -0.1700417255635876 -0.019798482637498113 0.33501830121020915 0.7911597637051726 0.3422860109056217 -0.020205451675583727 -0.23102258444256163 0.11123811065595596 -0.06866221294200883 -0.7642093328922382 -0.9164214677768638 -1.0081357751472222 0.5152488778860383 1.8235111457249102 2.134694408114735 1.252578782461548 0.19129312252232758 -0.26015380519989384 0.5549247337129941 1.6425368642809324 1.6065968728484166 0.368637368419768 -0.3799476931920695 -0.23747495359357634 0.5882046846387727 1.7323029590613248 0.9925854077897118 0.14801068877356507 -0.6426580650085659 -0.2182824072385964 0.38915940302871627 0.7436697976946735 -0.0363362609186875 -1.3926729100769937 -1.2093905192937058 1.0680117458024905 3.6734851266079938 4.370804632548623 2.9914378464397577 0.8544562346197727 -0.6211459549656217 -0.6132405725060392 0.694596208575012 0.5994210385591006 -0.05321585037342373 -1.5131029247585055 -2.3788850033939597 -1.2372972277167105 0.2034797059566368 1.1670069795526188 1.5710215925595283 0.9127474395597337 0.3310947449253985 0.19944947551412182 0.28449127346161346 0.11358459336611355 -0.1704610534583456 -0.5048897491049077 -0.3551235366769195 -0.014093383531040093 0.10979366619046964 0.2196008363953693 0.16537759254063727 -0.4850670145582296 -0.7744710556892488 -1.419976556032278 -1.5536628965331174 -1.575133831364761 -0.901570032990113 -0.5573916581242403 0.14780796514640163 0.053966530678405115 0.16858358963791836 -0.13390730228822345 -0.2631227375968093 -0.35935201734351363 -0.3385132316865869 -0.32270131241308947 -0.8142353532421575 -0.8541698580159747 -1.0805930703600943 -0.9905822303989485 -0.7424038048944351 -0.7952402485853162 -0.17853262316076696 0.5103661314413949 0.35813796889074534 0.28733607847416176 -0.046538683013646366 -0.20757987261492017 -0.40829072247246706 -0.10958444690331082 0.18101185826912009 0.0696708052901773 -0.06482635275955273 -0.2197141858356075 -0.6596596673485238 -0.5256827669143794 0.08686881565639996 0.8291532893980053 1.1254292472770357 1.0233612393239568 0.9068509245979931 0.19663641964160003 -0.5557230706255852 -0.30879615148479994 -0.08663985642699046 0.6503008832453525 0.5492997464177902 0.36585169669193207 -0.014619506854759313 0.44000070023630033 0.4573806573383126 0.9227873098511693 1.031384251934543 -0.03976828718379746 -0.3697157712543438 -0.23405332919245084 0.2069796309297147 1.0466773280304007 0.536383631593899 -0.40559946236823086 -0.5752752101790036 -0.42209898899187104 0.5350839678320908 1.1314721275107358 0.9817087831960415 0.1639564705960419 -0.9804829170721773 -0.8808407804718296 0.22455311994617258 1.0256964057395739 0.2448709157014426 -0.30614836352736724 -0.7925630734721226 -0.3137810188331999 0.759329954616885 0.3287533074930249 -0.10919440212841271 -0.4702973618565493 -0.5076669137549035 -0.10624062966612519 -0.7473195391825165 -0.6536567482169786 -0.2842535161036147 0.1359375961598145 0.10221510004520591 -0.4080921537146274 -0.6071457049545436 0.12030692087491054 0.2807160720038385 0.3949878357867287 -0.7784178334334237 -1.2822360376818072 -1.1375955796331407 -0.6174055098183223 0.6601776393469833 0.6535421216276283 0.13825744572311952 -0.15640788364443778 0.4827340561949885 0.7037049035626722 0.39346720787029 0.30007648260805464 0.42394175079734514 0.2677008473604837 0.04458613558276376 -0.3008949761241719 -0.4183973744491539 0.14645498608348506 0.7381646173778139 0.9432208471025044 0.860318980426835 1.1494244451974425 0.8964866026104746 0.795188600267442 1.2822580451696162 0.37618417924655656 0.09870507807930429 -0.0338094979353319 -0.2399298286046955 -0.24155749574659627 -0.5552094336049334 -0.26320347190011983 -0.08610888693429017 0.2951937291313451 1.6935099727155312 2.280543173197296 2.054580468257107 1.071047529310067 0.7220273497413835 -0.05454685436940922 0.2057686954356519 1.0418933706386726 1.4317325241254912 1.1551099899719068 1.4132088029464396 0.9573087213058131 0.7640049339990747 0.41104251864637004 -0.36877156151863943 -0.5694695132675069 -0.5224736883207375 0.07432209348931217 -0.40344564377355346 -1.41371106373023 -1.2532703030774126 -0.04258503518439397 1.093124678539633 1.2420338934644843 -0.4850696700336436 -1.6289113232694432 -0.9173242510102069 0.7361086589853069 0.8917050694177246 -1.2667539940589814 -4.412405217994952 -5.290709222343118 -3.6841855929506457 -0.10635893725817042 2.2814299298188887 1.9777260781268204 0.5891691571213715 -0.28981989591424123 0.2531549571083194 0.31107674379648453 1.000795017844441 0.2729700929907181 -0.5367209538129777 -0.1823238427358681 0.22086368708215515 0.42800308414513905 0.14019042207087887 -0.41947637945938193 -1.0460157550906803 -1.2288794936307579 -0.7225546443469036 0.1831701600399249 -0.07151359673934567 -1.2863601974332652 -2.5815103139475335 -2.62133079223821 -1.2621422258722328 0.6025335627463507 1.3753385349924923 0.9497914928176379 0.3277435245365772 -0.39892332565253363 0.07193320302941543 -0.04674178621044417 -0.4742344855147774 -0.6960005949945246 -0.590191003914518 0.015555565834279774 0.5709962482639208 0.0296526715683059 0.11312650214589298 -0.3034248218060008 -0.1125700808289795 -0.24528920523985698 -0.10210344071035184 -0.07979339127431948 -0.07813953290197755 -0.0990730029211254 -0.32817675216933384 -0.19027857993817218 -0.14350338410609684 0.21928528285274598 0.0484989487578915 -0.09885102112370209 -0.18421562362259059 -0.1269208006032952 0.14631259071577474 0.13128142353363376 -0.3391511909893876 -0.4160233471718262 -0.6335983627262078 -0.2873369189062853 0.3366375853763708 0.5194990206890924 0.2236767939156298 0.254336758623401 -0.04716908012925884 0.16497609000671942 0.10195225574545286 0.5870170379187738 0.3616522659795664 0.15757697216230573 0.29544244551438303 0.12126900726174505 0.4948339061182958 0.9465860469326972 0.7857355890101253 0.6833538764038676 -0.08217748508697709 -0.5976125869577273 -0.565395083646359 -0.5453933295778666 -0.6443920590537433 -0.5461520759212489 0.28185858382658635 -0.11476932401714887 0.23744504927302795 0.5914662842646328 0.8083490753961865 0.1931251168591905 -0.38635842832564754 -0.5677785092528385 -0.3363705035474102 0.2544793913921407 0.10642713431735862 0.19552152560620656 -0.40959534108066964 -0.5553467633013266 0.030178920642107573 0.30243270398150496 0.35810937281750577 0.25823081579435425 1.0783570393263437 1.3552522770446247 1.401760703863252 0.9703387229542729 0.2585150097197747 -0.5340076846170232 -0.5183922895170141 0.2409944811318791 0.32869241303461866 0.2828484683621026 -0.32279211251068296 0.04606983182948282 1.6903841568692675 3.2298040479931256 3.164692108057408 1.3420757856619072 -1.4956445827939362 -2.564455437426543 -1.886707761472128 0.0860295128072737 1.0957623765782047 0.9275812148186052 -0.3626887514967404 -0.730798578806838 0.9790693504395128 1.800263753503677 0.9171061424365563 -1.0708487390517052 -3.771970946582614 -4.7320238684780955 -2.894956764036878 -0.5883528104400306 0.6703954480643077 0.7473657564834996 -0.005315720931989137 -0.26258761033671824 -0.2611848249596641 0.00572071481608956 -0.07789867023073055 -0.9368611823909955 -1.5864121582434003 -1.2343559131365072 -0.4561584253295915 0.07321844544030615 0.4872316071805692 0.3832418688733078 0.01773503887895177 -0.12770609657358514 -0.4295122947915357 -0.46418932817822156 -0.5657342163040587 -0.36334987673853614 0.015367331576940873 0.49391942919570153 0.4289929908624765 0.6447762578802999 0.4183005164337757 0.8973908114391943 0.7274762272418444 0.7132983689440148 0.2840316678987391 0.17059961926683861 0.7885344401261959 1.1151467849740622 1.0719569846263473 0.18375185044392098 -0.6610036320160149 -0.6030420699728579 -0.5855142422593373 -0.3792898917121381 -0.4728190150742508 -0.4817259015303206 -0.7076707438406322 -0.8219327689351836 -0.449115359466328 0.030871266198916354 -0.3450405031105968 -0.014934506106997574 -0.22801197248257934 -0.09880213354280018 0.6930490343379738 0.6395330804889517 0.1978989015207688 -0.21926131641553712 -0.2540516061362953 -0.3617881457077649 -0.4638211453827608 -0.13367020275230992 0.18334932383645103 0.7412240734969197 1.1731408001562826 1.1047783155625848 0.5769657434021174 0.030542472479146068 0.6764836913029375 0.37179530785005577 0.2322381286883758 -0.6185190422503204 -0.6594201701369269 0.5019808617451682 3.1448108652038504 5.101017418142441 4.250537175994446 1.2890983348037244 -1.2787849317263502 -2.1248486860119806 -1.1828679641921096 0.416287472081612 0.30778815413731064 -0.5695205478864606 -1.1492183147812987 0.12512742463393453 1.826055393237589 2.3133561265255453 1.4069943420892213 -1.3495456867031717 -3.351331599696635 -3.3214987857403715 -1.705617510862429 0.17735625695755824 0.5203710921346588 0.12148596527468157 -0.4163455808206284 -0.05545309167566598 0.48532518219765497 0.9803904538469951 0.6442587032142236 -0.4136342077198965 -1.2485015531362103 -1.1199003260478457 -1.1763917567071358 -1.179999929970006 -1.283273227558156 -1.0606559509028795 -0.6629873859835393 0.31375475191472463 0.6397925102068319 0.04252026066397344 -0.44787104679536816 -0.5955014429051191 -0.399265921558578 0.31505045533808523 0.19385037844391148 0.15570426715262864 -0.21547622563130597 0.3196537311120921 0.3324263888768989 0.7871100811541738 0.15843459090820822 0.14654021040028567 0.8320753787756663 1.1158885742216995 1.3514203294268974 1.2270592218261727 0.9083349233111537 -0.07247363422632817 -0.4677437772482606 -0.9789226764497194 -0.8263456096517454 -0.9188094266649686 -0.3561077232984731 -0.10525531290876133 -0.2103694622171292 -0.5437264701371125 -0.5842006347969485 -0.8708767676535025 -0.5106442749082281 -0.5997463230767819 -0.9421853438992278 -0.6851185579949997 0.14824865578443955 0.8886312940894247 1.0527993805234699 0.38951867250121863 0.03611651107153807 -0.07097278055573387 0.3567250493953372 0.44883217282818927 0.41714258215911115 -0.0037047248211371704 0.05556383596623082 -0.0490109358030983 0.4232263586978515 0.2442550577707152 0.08730056535774629 0.08299557763709005 0.2144553439371584 -0.05489648728455518 -0.11452025092221478 0.1759955480223507 -0.00319211100473986 -0.008962819819876473 -0.03879947652742436 -0.0003630009968342139 -0.34673495601002735 0.08404922347411696 0.11047864339554975 0.374742295361699 0.5775816446061142 0.7038111853294825 0.7275759846569257 0.5274075149131061 0.11380106366800664 0.20839546507180637 -0.34899861243249236 0.15283623722894696 0.13510602204420422 -0.30579195063735826 -0.657958525575653 -0.6524527219654956 -0.39063682916619563 0.9364100990051092 1.7884371245506623 2.3132031336736154 1.3822416581107957 0.5386881453254238 -0.34865661014372057 -0.5597265474983024 -0.5626485704835608 -0.5389499427379331 -1.0875701218188294 -1.3241866393751198 -1.1231104444680577 -0.19232277607963066 0.4259029384070131 0.4250063951152165 -0.28417949379856633 -0.4920465634345444 -0.5269476527063072 -0.017177043702708304 0.12085609073395631 -0.1804559538553679 -0.14268452764366213 -0.33068965551961566 0.3829118056762251 0.6309048219363866 0.3978671698946304 0.08922659101198614 -0.22826340169016437 -0.29192755553992056 -0.05464785882663942 -0.06339498397403835 -0.35936354572687756 -0.3755567748013675 -0.38740635787414274 0.45945598643146973 0.4379089356632785 -0.1734297170558816 -0.7596241637583957 -0.7469252421697475 0.04970352646530974 0.42410676816591886 0.7961211193640405 0.4369208337989261 -0.1296601600227105 -0.6426387635048387 -0.44412640895883043 0.022004699867037725 0.20465484356224745 -0.1349987719328282 -0.39175707966900364 -0.24394971311953056 0.09706217694297568 -0.05608451990499008 -0.8893188800611769 -1.4944465933455464 -1.8093496458115177 -1.161659000142429 0.023976303750000403 0.45534528956533216 -0.6026163369721503 -1.7647459256999043 -2.1789920043132005 -1.0580541542655844 0.6495133210635693 0.9192224431200098 0.3012433612396148 -0.18855960458631 -0.7143449919392187 -0.3994094044244738 0.07784599077625749 0.8465167485004006 0.2690019758081454 -0.701312852518869 -0.5582677415899244 -0.0024390819547897777 0.7941581751062081 1.402399019744817 0.3261702330014429 0.3892676138194165 0.3994744565555207 1.027982098024425 0.756140957127754 -0.06010817933417787 -0.7956366807554561 -0.6929127214135001 0.38036101060169447 2.332134145284857 4.316313858781576 4.069026128750361 2.6073088490632164 1.0206202374771616 -0.6203890638139817 -0.17682017655533552 0.16876253118705725 0.5357479560942614 0.1238218985744344 -0.30554234550607273 0.023313056089176554 1.0605416290785425 2.4044082465697234 2.321471570092865 1.2641081753838952 -0.025530944612230724 -0.30588547636791424 -0.21375724651223493 0.4591980002160667 1.055902119166573 0.8011938880992279 -0.010018400180741021 -0.11971142526997122 -0.08180242722493622 0.3280040497294724 0.1739644864561072 -0.2675237333911776 -0.5461630994231923 -0.6111936337421175 -0.21651672907861952 0.14625678145430557 -0.2882484943234431 -1.3626775997660991 -2.081329554255199 -1.8427375027787876 -1.2637765905597178 -0.32032391128765725 0.1790075419578166 -0.18082326295220907 -0.6759026768196174 -0.17769368163339172 0.38767543509410846 0.9609628804585277 -0.34170436265872156 -2.9552031513021384 -4.7589269735709765 -4.285844278517926 -2.435499817251934 -0.08100583923910773 1.4509839645091633 1.1298222071743447 0.03881627927359513 -0.5857817151969386 -0.6153003468417794 -0.3979672572909621 -0.9058270198193507 -1.122651037914262 -1.0477761674553978 -0.6566417504038737 0.09469088186603516 0.18576900657016351 0.2262807234012436 -0.433914462833129 -0.4322826815227232 -0.469244504683806 0.23195948098469635 0.937921752814648 0.7389991132096534 -0.5457220805234078 -0.9705897152660402 -0.6782213231833233 0.911930774149381 2.096092379398836 2.2990523531941918 0.787719300290259 0.049241314371552054 0.08663609423466768 1.459489596426843 2.182505537981301 1.5036408748091072 0.28694356869636317 -0.047355744820381636 0.07000410018860248 0.7723391452250816 0.9927189373977754 0.12277271360061874 -0.4323244780419672 -0.6242376197220076 0.15318309937937838 0.3691062283510884 -0.05458173290854165 -0.45436202152675104 -0.3925143254655295 -0.012893834708486134 0.4921712808866058 0.586983945269373 0.5178754121137727 0.13124251160804876 0.4307220975725991 0.6299601648559395 0.6426271768133629 0.3434830049781882 0.9201767416282702 0.6549021655079547 0.37935551653562327 0.023930384207189532 -0.346239485509311 0.04016609712824642 0.5718495758321682 0.09086453727582124 -0.11332589194885322 -0.4388851279707529 -0.10911462792166418 0.05878194227712056 0.02926539331915387 0.012771627583967387 0.05191369700273271 0.22208102032747967 0.2628071082713025 0.0119313227981942 -0.3372272142041603 -0.2767789159307516 0.5353451514321652 1.4797830947106505 1.9039585893180078 1.2836951665694023 0.5679609209107497 0.7705862652626055 0.7556731633169177 0.07943273153728381 -1.5042847986261054 -2.2362558553931158 -1.9297205093531506 -0.3395387193213533 0.6750438514702798 1.247912394538438 0.41816489121346834 0.05323836000337584 -0.16458844535318976 0.10300325677424804 0.3369505258819087 -0.16844014881533273 -0.7020284701206619 -0.7448597776236291 -0.7042886256477546 -0.5836609888321072 -0.8803089944610598 -0.9902956577023421 -0.5235330037381579 0.1421250975064409 0.3470295759496625 0.06597617131727243 0.042092940568762796 0.408097701671872 0.40836192662015747 0.49698162663873136 0.4031539381302169 -0.31555879465596937 -0.6382414889935689 -1.1527584996065035 -0.5744252539869528 0.6428261003885751 0.7692346539479833 0.4921922778476904 -0.2519576816298387 -0.6783928066731916 -0.2926738328408905 0.7947790307514758 1.015596580055735 0.4709549123516199 -0.3080815119055113 -0.7873815568009657 -0.15631710413055644 0.5766148119048851 1.1574896112357265 1.0103483973746283 0.05774852143906303 -0.6675429400469618 -0.8750571179305842 -0.6003202298702435 0.011278226259551818 0.3230474678442031 0.9673320824821174 1.852648896628304 1.7624580621749844 1.7462989244897131 0.2523414157912906 -0.49286606163102914 -0.422087003415045 0.27047188479929446 0.9076950334746592 0.35853519634426234 -0.6836987134252968 -1.6124880295300312 -1.3194336747393127 0.10927082193030922 0.826785859604106 0.6570689947916709 -0.21982683251187762 -0.7985412643686619 -1.1854145211805414 -0.41632155854601194 -0.6030991738436353 -1.2122790412330815 -1.7242194936237691 -0.8871810261643827 0.3716320332354332 1.5317281423431854 0.9935246227433636 -0.46280554441635635 -1.6850107260408704 -1.5645555949816647 -0.06916665898274656 0.7952421583929483 0.11664063100141712 -2.1492360878485353 -4.070495684467005 -3.805356937640766 -1.8639790754964618 1.0946482706879608 2.4759104280381483 2.6076755719357587 1.678317040477576 0.49665756184161003 0.46218153020307245 0.2948209427483748 0.902617027579423 0.6302490028835105 0.15141108744861773 -0.8784749605403906 -1.55088035167591 -1.109041605768898 -0.4958055692225188 0.6388981196986038 1.0088449344572556 0.9614181324523892 0.5962940658142761 0.2891542889901986 0.519615387982222 0.9460532494289895 0.9585779147592532 0.4501410697371506 0.14430135642378666 0.2773850325978882 0.2880636979805311 0.904225870882346 0.6797791952016125 0.14870882396624327 0.0959274121448796 0.15955691461773325 0.27466010360122317 0.9511851321918068 0.8724258289149588 0.0573139932054791 -0.5697124325546032 -0.5728046952930327 0.04841519512812759 0.24977267506991527 0.43632290372736615 0.11430625455005657 0.16900763066822594 0.8293726506256522 1.1131270742634676 1.2079489157687107 0.9542867489830242 0.43146483544561187 0.23744288285730375 0.5713387059512454 0.8167171808793994 0.8794204470718718 0.2958784045858632 -0.28897826591158726 -0.5436820191810267 -0.17078962802676134 0.08803913412457046 -0.0571300942144869 -0.44949757446378574 -0.7310368867425256 -0.42039878465910996 0.22504207585611355 0.3873978486350166 0.5636611535099735 0.0903571563147807 -0.31468938813719155 0.1356142772184734 0.4192473186734439 0.9639722403322282 0.20674800416665706 -0.5272505648276488 -1.5061259561514233 -0.9938816419100766 -0.4711012270454144 0.1568187233452589 -0.15377366193570816 -0.7015942385358943 -0.9954582639778525 -1.0366147703622177 -0.6910301719001227 -1.1050426707358132 -0.42678596567307403 -0.24152702084352 0.19253274772035012 0.35241208552409475 0.7060898062696765 0.2542732417200982 -0.5485077225755228 -0.7458703238431567 -1.2317583871835034 -0.800410028063404 0.10264832678738871 0.6392494729612249 0.4192288811909249 -0.6268808870604672 -1.238595923801703 -1.3257062131427877 -0.5211999114338242 0.16179312372708285 -0.23326658589296673 -0.3448410913068628 -0.8722451112709311 -0.12051801029548015 0.13826212772164712 -0.487453379755324 -1.3067968494515603 -1.555202771039457 -0.6319708148664874 1.1814260256520384 1.9440670181731277 1.8007937360891355 0.6842261797218162 -0.36689847273161147 -1.140505217428923 -1.1248903970748314 -0.632580881066926 -0.42976991441619167 -0.29436029899334704 -0.9803847603059395 -2.215299093823195 -2.562317399197835 -1.2350111402594521 1.5132573392347317 4.091060999708693 4.228363977466948 2.226062972308402 -0.07135769613293763 -0.391236983388439 0.30879934567874023 1.1947656998155591 1.046630327466617 0.025743485545087506 -0.6706946350969021 -0.3978638932446823 0.1857098766965754 0.6782740880307764 0.9494884621519397 0.45458299900972765 0.6364539344355121 0.3372450909967113 0.34876045698118546 0.667305633690957 0.5397712422521446 0.18133768270736358 -0.4682748073898458 -0.5944987435694495 -0.013300608858320363 1.1336812123838442 1.1766012775794366 0.3863357634640221 -0.2649140712102609 -0.09083348479985126 0.8044383646256419 1.0539410888812375 0.053863550608037124 -1.902549978186237 -2.32180020487677 -1.7174311441946772 -0.11901822129846083 0.7517427269231816 0.5128580906419398 0.4573280964568329 0.5639453738270708 0.49135795046767394 -0.2938080627127818 -1.323729350132173 -1.6177655737184842 -0.691266583064608 0.8415028984305263 1.1484076288758258 0.24774922169317476 -1.491969009572089 -2.086640464613812 -0.9560388026426339 0.15929067583254924 0.6584482714941714 0.2266925354705247 -0.07122794542114783 -0.34522742439820464 0.005399472446882679 0.43217435822099315 0.7735402423760963 0.5154700579360101 0.3847928969025659 0.147356813825798 -0.024232271997733437 -0.010020168298165504 0.14159608027127057 0.053959439780265676 0.3549846202199763 0.14958547802337177 -0.13983669565538992 -0.597659259444984 -0.9340471413165692 -0.7096750739492963 -0.22011771241723668 0.5804542158701146 0.8530736998241151 0.006962309132129024 -0.12952670366132782 -0.272998777541949 -0.027948667054783924 0.038388402115786535 0.02063904363883112 -0.49425775859676124 -0.5420790645442563 0.15551152362499882 0.5299709407807334 0.40736214124374315 0.3036454211652799 -0.1762566104321034 -0.36815429850168374 0.7066621272532752 1.217676007456588 1.0806833324264713 0.41646071769303605 0.37715524123119454 0.5824558187116067 0.9099857161886686 1.0952187709678083 0.5664166980461939 -0.3863999302847107 -1.02140894797605 -0.6012428641608916 0.4132616329808404 1.1862325049609168 0.8425757516584141 0.04881917808477351 -0.2969968850525715 -0.18379995241417693 0.4347875878976345 0.8064789185902692 0.10500402899109333 -0.1380440446936666 -0.4382391358949215 0.14734753997484548 0.6031312370539313 0.33296733884881713 -0.08389653158090166 -0.6577818537089362 -0.4022418146458126 -0.1095455477425139 -0.038559159876655286 -0.8709782835631532 -1.5427802420625611 -1.606914458280125 -0.5918586227018989 0.43329561407735806 1.2433993177023428 0.7474500992971657 0.4460401719347309 0.4804995654602676 1.0515890431511363 1.2117832597838047 0.7746123295884018 -0.4583253992775758 -1.171858388969946 -0.87545578448873 -0.29575536725094265 0.20317971530443424 0.3239324413392345 0.43496930996772276 0.4797040325189239 0.3640851455889458 0.49520385552205626 0.17750111816258893 0.2014072143171649 -0.19744975371113857 0.15661264157027874 -0.27528118581660815 -0.6722428476748423 -0.807603068914948 -0.5187180827105462 -0.39840946112189596 -0.46441285891641976 -0.8175112389683236 -1.3722095699741483 -1.5145669956123475 -0.8541084116798279 0.1947737626325448 0.7449825919873458 0.2892170842081302 -0.3052794476192075 -1.1474156315205415 -1.6697870330043971 -1.672810819701372 -1.2105169134257063 -0.005558550964662284 0.6633617887106937 1.206464381493875 0.6807739521868308 -0.6979747815184134 -1.5383919532982198 -1.0459756817340584 -0.27308295987783443 0.17951417381192444 -0.38969583957766857 -1.5122459984076126 -1.7125203846692867 0.0338818600814374 2.419357545650751 4.674747177801458 4.511735272363794 2.071754645542084 0.1939763364857336 -0.11048321049259903 0.5121610175186491 1.4922256548210666 0.8665777570893907 -0.6471418233210648 -1.4175101397552645 -0.8146723027299789 0.8787217643022724 1.5218675258982066 0.4519929774475099 -0.4863422117152006 -1.070170129974188 0.053002510756524804 1.1609088344884433 1.1057603537145548 -0.09420967802626898 -0.7769176884569958 -0.5565210622325676 0.8848928261404849 1.5125718097423189 1.0740129609658478 -0.46466706257343643 -1.0611099761965197 -0.5055754868386348 0.33785649474174634 -0.06614209566481533 -2.237057088194957 -4.3846364585944215 -5.386614053023686 -3.106002732995407 -0.107508734419301 1.754871523526199 0.9270555714906417 0.07299837025646859 -0.5245261544891543 0.025148753585663593 1.0747568370840754 1.1319944156997896 0.33277744338397475 -0.33598691961229055 -0.6438233609783446 -0.28490211502530505 0.12771643810965183 1.1215043298064153 1.8578167912948376 1.9304447717797966 1.27531396376428 0.43910900135762665 0.026304311511219827 0.08922846641450032 0.47747627891957495 1.1035005162597173 1.3536399993406547 1.0623714444400134 0.44013420912848833 0.224859899166122 0.6014326787896437 0.6159556912399137 0.6149778744132178 0.5314812945713117 0.17293488007035643 -0.5357841412106308 -1.1499472794578747 -0.5333429139603366 0.04536044025442555 0.4505298836295387 -0.00013787886892155203 -0.30849800351125395 -0.7239641565708578 -0.39078641068842573 -0.11614532793425564 0.701396245732321 1.0228177878333349 1.535829782484453 1.0818301635640917 0.07869579742906661 -1.0668013161937577 -1.1873132461579077 -0.6600313088512731 -0.37238086988140184 -1.120025934891675 -1.193499476425892 -0.6233275694818874 0.6790855349025934 2.017984002564427 1.3705380745923414 0.1723651467307387 -0.9132637690079448 -0.6599356733729378 0.37059955015455126 0.6096899984546534 0.22536992312619583 -0.5109184976778712 -0.37128825415097083 0.2717226856590745 0.43774906442491923 -0.32246708940223384 -0.824673238540053 -0.6916859844676533 -0.08944694974629294 0.7953340252514348 0.5371463320540896 -0.0012216187871253448 -1.0105453425295223 -1.0282291239897365 -0.562575829498221 0.19364786790259805 0.5977157084743988 0.540849621894828 -0.05803362695227122 -0.9669578119403962 -1.4038832064698126 -1.0949908343663894 -0.4871789843537803 -0.44865877628423806 -0.8196108941725074 -0.9477981784514642 -0.6001917680752508 0.22893507088974677 0.34301303310887454 -0.09100738833259515 -0.8688782222903673 -0.8867501037572596 0.05262425671731012 0.8666624366222865 0.7254831745598725 0.1355882809367495 -0.23012254679961536 0.08720146231104657 0.19981906216858464 0.06250101182493387 -0.5042536931309165 -0.810730116831785 -0.7488524783945426 0.2554139555728229 0.605462800287896 0.5899492009591883 0.3515577088965231 0.06640746162178979 -0.20575458504040103 0.15949580329233526 0.34386250397704404 0.18300408552729935 0.10635734967671008 0.40382402107890675 1.0080847587277284 1.6425397237929835 1.3939869186729554 0.36484757305460386 -0.12024737366576096 -0.8853697084357495 -0.5965889996712321 0.11195025613267189 0.0957459286108055 -0.11216540168687354 -0.35884932971279887 -0.5794615014079402 -1.169256567266554 -0.8737431920234119 -0.6961581310578125 -0.009713215612014126 0.8138732732710159 1.1611415817001438 0.5759356101974731 -0.05034002280352426 -0.36078270714871846 0.6118973743463236 1.917254314205949 1.973498410099892 0.5693630264102828 -2.3265224245348306 -3.893580649351805 -2.9335167633394104 -0.5729295350251149 1.6014322952416125 2.047965476026364 0.867483136190664 -0.5540701685880178 -0.5182752763599304 0.444299635869893 1.6486961444082346 1.0181892158180152 -0.27349404854982173 -1.210641170918873 -1.4190000810403167 -0.5702776723434071 -0.06596551791517623 -0.4317112514129033 -0.39236693710034337 -0.22858818245287554 1.0633736763516546 1.5690148018880943 1.2610786761888262 0.3171709672340652 -0.5931397566721759 -0.010078562253495198 0.5706495458539546 1.7675295348328592 0.8306364828800972 -0.4748924935410747 -1.664162641202518 -1.5885651071260403 -0.5571126755512508 0.44834645308370624 0.8973268043969237 0.5025930079360733 -0.29878779604955513 -0.7250003830936981 -0.45415206386174356 0.741377394588129 1.0893951782096636 0.988896706205039 0.22165471056759606 -0.4542716985610927 -0.8641125863440001 -0.31710525364284453 0.15256854119577462 0.30122293051144794 0.04312651274747342 -0.4098821406772429 -0.41526949094003013 0.19574207452306128 0.8654264437001856 0.9830466381809289 -0.03385430897765929 -0.9364788282207946 -1.1221657409930137 -0.5631120721442515 0.1919046266807669 0.6962133325254519 0.8743282264986004 0.04139702612336996 0.06144195139521824 0.4005301658726653 0.9209158295764885 0.6494021612422632 0.0753320642305195 -0.46693062519724493 -0.21853107055347615 -0.015905770420957397 0.11520032852876337 0.07003711051846312 -0.2634324571400067 -0.7167667037276031 -0.4049829741730305 0.13916270882723505 0.45203508790511054 0.10815023164247488 -0.023172619604119454 0.314790460626438 0.678463913886674 0.9677395343728128 0.34478551347577246 -0.5361615730358834 -1.226432250530745 -1.6462881948673058 -1.2842804727683137 -0.5809273694747916 0.7772956729984278 0.7662701987592208 0.8453444390926423 0.35800976119411954 0.05524275181407173 -0.3026337327718869 -0.5819213227402583 -1.0245871643981248 -1.198752355873274 -0.5065738420077815 0.1357402127949041 0.33588084578518007 0.997007846013355 0.5613013439543066 0.45176395537352365 0.26327797830763844 -0.15689117520260876 -0.3756395934593055 -0.7429761859223372 -0.6526338583459191 -0.3272694622194154 0.4350922294424517 1.2109622810400893 1.7517439865001134 1.251552242467362 0.576334057686558 -0.17256823675420702 -0.9251776625667772 -0.4063892985553926 -0.25675178567721607 0.3465715648159261 0.09160481648301563 0.06566593554426473 0.04853245437265195 0.018253200670319256 0.965384678240703 0.30401603595341115 0.10989577202509407 -0.09163462137598972 -0.09378556513444175 0.3983142740436898 0.5665019144233142 -0.1759510978830788 -0.6433926348562047 -0.9041055538469744 -0.6619787945878258 0.07841201550927966 0.06488594848531634 -0.40534721180024097 -0.808517750925475 -0.18715433073659027 0.7513162577526726 1.0302210139469965 0.5134006831105167 -0.2519122928139851 -0.7385506076147655 -0.6730713583487554 0.018144218157630225 0.781764763465478 0.25468894466395164 0.2666278123346101 -0.2962562391868288 -0.16255990889317 0.6370321356528559 0.9420827332398726 0.6651715928812106 -0.17360097553227324 -0.8837969280111355 -1.026307458631782 -0.5537514508209161 0.2026935015271918 0.6615762469683134 0.44430746853446834 -0.5284831701141023 -1.7001740585998026 -1.140359136367925 1.3542514216188575 2.50575107324451 1.8418758207399568 -0.1151170831523463 -0.3949804992003668 -0.15178352400879003 0.32408448462764794 0.05292162110793176 -0.7683267278376699 -1.185651080342325 -1.4169569476740653 -0.9756729275813762 -0.5768663546386539 -0.9151157166102047 0.022089876415087643 0.9621146962994089 1.0623980949892096 0.5023712511265072 -0.21986800822827568 -0.17831780649271115 -0.11032994279468733 -0.5692201565364117 -0.9473778733514375 -0.9793559410266383 0.14381154145735964 0.730060518513319 -0.17871830336419678 -2.192271591761557 -2.433068096703032 0.019225639093668836 3.7543442984723536 5.6556250661219725 3.5352078144600054 -0.17828559986590675 -2.2834934789742807 -1.5405592868250158 0.023364676947016494 0.9903683953110618 0.069860163733418 -0.5894849927634613 -0.6085272714763142 0.25919694714686603 0.855914167792922 0.5287613793037282 0.6012761184541261 0.5821462638996586 0.9488992747544638 0.3427031672850738 -0.1419469650580894 -0.5996342016539303 0.0251075533145946 0.735377276880978 0.6324510372976108 -0.2972024591289984 -1.599261064270613 -2.1585950343834095 -1.793410732448066 -1.1675562191644926 -0.6560570082012143 0.027638597463802102 0.026043184431715403 0.18219605118898644 0.13203477574994152 0.0877669812268947 -0.30652936767933003 -0.43982208862542216 -0.09797092939865908 0.3443774148100016 1.2556766054184656 1.4069110449020177 1.1077050266363924 0.4969558587338836 0.3654035266729344 0.2460398449037811 0.09596453286478837 -0.5005804561144139 -0.614364830026175 -0.03685840980233594 2.1469474337890713 3.960545308032409 4.656386902418902 2.81200146458186 -0.0017869763660108501 -2.395562375137149 -2.513532277854902 -1.569449845294605 0.14988275022384875 1.0299858370964203 1.1635807090131656 0.7048878163213729 0.430687257801996 0.6679620185167144 0.5139331931821587 -0.0859939738142279 -0.5707404240252313 -1.485196956851358 -1.3889260493248619 -0.6463655914003192 -0.3024483644997546 -0.46005348616633884 -0.3159038900251375 0.1706250245978317 0.5019350700662715 0.6726119766889135 0.44136501196295097 -0.47027660478529065 -0.7420488956729214 -1.1179165155090298 -0.6083826827504941 -0.3096827832262531 0.04820916245030832 0.0889892475346706 0.006291801308685377 0.07382305642247082 -0.06116461192190287 0.25961101662667435 0.344829800009901 0.6773583949835054 0.8359029919668094 0.2932028261381968 0.1108466741169044 -1.1431486932432118 -1.1547594401009535 -0.6669953493232125 -0.0704823039683948 0.394237185959721 0.7534242029290132 0.4604904994639606 0.18343234906913625 0.2980960864416627 0.46372627669635075 0.522004824102875 0.2786550458985696 -0.07253817018641069 -0.36313409625908294 -0.17314766051402497 0.592422625534032 0.4350701334665519 0.20027025707505366 -1.0025123602847636 -1.538144701865091 -1.5995504206390065 -0.5472231749213015 0.33739749789189577 1.2176598313256268 0.5529303414496146 -0.035081591118303786 -0.28472380614860776 -0.28126790215642017 0.6635958219105156 1.115785910356868 1.176368103188632 0.7191904055022501 0.5365570424765986 0.11324706982874524 0.2474749832536621 0.16938502185031376 0.07182295520530617 -0.4656226601593824 -0.5312885976690744 -0.9708337139150744 -0.5421109040514438 -0.22344480444093223 0.10996282262364677 0.022972053459906997 0.12388600858280373 -0.23111197349348928 -0.37469487447069666 -0.401050617663725 -0.018961051840165635 -0.1441034932824545 -0.4432863526695677 -0.390707974528111 -0.3676356856614878 -0.5525225663201758 -0.5278692998654133 -0.38740175869397897 -0.779211367341461 -0.8316591007098906 -1.3032968006561556 -1.4586949290003068 -0.7783856359200995 -0.18430986416982326 0.07046201401566077 0.5150616067870051 0.01764642314590394 -0.38256486037713 -1.0129168227550038 -1.0804264164995492 -0.7528681312458191 -0.006134686505610084 0.484064261492576 1.4244352964445106 1.664967221546985 1.520744460955794 0.6647966755028442 -0.3158187496009765 -0.16767842880591594 0.8661917994523515 1.9181032819205797 1.8646694624837958 1.39378215548996 1.3189366245455174 1.1416619067992417 0.6949124085801541 -0.23893194671113144 -0.34438683649484747 -0.1544200089288255 0.3111905427348821 0.4706553547124795 -0.2597013002884959 -0.6501627611377625 -0.3664820429350986 0.18858685932272667 -0.10296312722677434 -0.4383690320343096 -0.6143213267440583 0.06188240187600094 0.8020699040216539 0.8437698378508552 1.1400911082979721 0.5443439349053945 0.5049660559947124 0.7314176266191458 0.7029026416223848 0.13042644246905888 0.09870856840406841 0.1983951892526635 -0.12981328531599043 -0.9913432895735765 -1.4606250129725136 -0.8400075344269305 -0.07426187647072637 0.48884684728806505 0.18528432207280046 -0.8658189379477335 -1.5644164743365678 -0.9839064620326377 0.0011225650669562206 0.9129010059612925 0.9544190852996168 0.42322976245036675 -0.13313792393436516 -0.3937685762018761 0.09972049079685834 0.10282874856940243 0.32611094771156685 0.3426423548272192 0.22821279027346578 -0.169379938595832 -0.27118480006418494 0.14315315999160197 0.4347956984517177 0.16114587863200966 -0.41463830254647566 -0.6958418945168907 -0.739946057586034 0.8467413244612774 2.1837960195353654 2.2823911611737158 0.37906248467758097 -1.236628449112654 -1.6355438242413765 -0.9163903639822241 -0.1134543186610984 0.1265403144966951 -0.11022648668619786 0.2831292280809385 0.6185129237012487 0.6573068663117617 0.09111918361509658 -0.4232780617676572 -0.2208271750217071 0.9586573934252114 1.6502301533421972 1.1681259852907002 0.4073241485723096 -0.6280979318829467 -0.23752721006928748 -0.24968809540525974 -0.04570034466445068 -0.4234975061985367 -0.4951042667159578 0.43647892926083 1.6390366610312497 1.5434407639616365 1.0872218419754915 -0.22137475993912303 -1.5701738844828608 -1.4508007172314454 -1.1188837162640426 -0.6819153341430246 -0.6716797165705247 -0.8986291043130777 0.1802279144067121 1.7260587633283953 3.051144456092971 1.650971471619883 -0.9522365092465215 -3.9598945405737527 -4.438042100353891 -3.178235755552812 -0.7358306001173462 0.9441113528973629 0.9020467903445997 0.37908720373867616 -0.2610383700274208 -0.5863235682022911 -0.9961649250220439 -1.260077112180343 -0.7258532977647686 -0.13893729762926804 0.12468416051982807 -0.3339164249249698 -0.4289277468343419 -0.43879355903677353 -0.12918800431324576 0.04749373845976639 -0.20518214480520536 -0.15761369983543694 -0.0041658149354195095 0.47977046392145345 0.9087376841948922 0.9913990512163285 0.38587181464778875 -0.09898062884508622 -0.35211909902066424 -0.4012953467486378 -0.25920742121288914 0.15642317059283548 0.1459093801818353 0.28720699646163605 0.67710332834692 0.9919802419353938 0.8122824734193675 0.22736481477474454 -0.3004404023671398 -0.4156191693141868 -0.2598836522331488 0.03811205839682405 -0.1058418600070281 -0.08242400235999112 -0.9009426547700129 -1.194501368318532 -1.371726582589806 -1.309956905217261 -0.9267327004450064 -0.43988726004838435 -0.15252128847152568 0.06417338114646723 -0.1901139511196997 -0.5113984520426733 -0.6531891539155292 -0.4191956399216417 0.133878633612017 0.14585274966127731 -0.1103014319989814 -0.4788992339190541 0.16027352370334502 0.5455658241111804 0.8578915095278082 0.4541976847072287 -0.6305531476851041 -0.8363293294717792 -0.8820808792499392 0.0976111714831294 0.4226960000965485 -0.3996898548915266 -1.281525117368439 -1.3634333474545022 0.5022542774871521 2.874857115822073 4.880654433020996 4.242857578509074 2.6624942261767015 0.8349322280427051 0.3325152157416506 0.413147009764151 0.9534814154421557 0.14068779994093628 -1.31438885438214 -2.232427537516322 -1.7459584012595446 -0.29223862948712404 0.45913218999413097 0.9349462825503853 0.48350448501286947 0.4257608975582632 0.6546598725835416 1.5139961196036336 1.1482638229964912 -0.3303759344738768 -1.4395294788674347 -1.213764617873004 -0.3880662261287987 1.0197857744262389 1.10724435868301 0.09889835204331317 -1.3311533807664833 -2.3061986171152795 -1.563493151952738 -1.1744574937333816 -0.34775032977088755 -0.328730157920403 -0.6832535359636387 -0.7193164506976955 -0.21173826986798183 -0.2765567493627378 -0.15048852779834726 -0.14725302836476112 0.4671751028804504 0.5958275670437968 0.12946157664122956 -0.24280523850063138 -0.7267470988004783 -1.1477677108234146 -0.25889939782981997 0.6842142327209287 1.5330147709700044 0.9323112093209427 -0.2065256592850918 -0.654797828758151 -0.2989868650257116 0.06128873111852227 0.09192723651788498 -0.17155030387736278 -0.4769397771702913 -0.5728640178581186 0.26602035276823227 0.35618796950095455 0.36325887441114496 -0.2126283698534892 -0.6419663112549681 -0.20293061590944317 0.44057278995762683 0.5684920341310074 0.5013348480785701 -0.3084970714932003 -1.096621086948312 -0.45640211046666634 0.1505208396723139 0.9094338887541258 0.8151652119937169 -0.5030305029550579 -1.3606977132791005 -0.8264995046297414 0.2347039980443298 1.1240375856344298 1.1069494653711247 0.5253226329815326 -0.4969309594126863 -0.7592306712434215 -0.18679858621530973 1.162031159275745 0.4940998567297348 0.09965887725650789 -0.4621982009505141 -0.6672305203732475 0.12047908274213107 0.23476195589861062 0.760975550731291 0.3504529873328562 -0.24818847937697722 -0.5969556077454169 -0.08767124246161719 0.28028356394874315 0.2295948767666848 0.10933566848946251 -0.062273253777610615 0.431989185945636 0.3847861561491317 0.6588932978237619 0.11954341238114236 -0.4360778392764729 -1.359528144646044 -0.49704604467211405 0.2610146080748521 1.1891657322605456 1.122259970016795 0.2785730000782775 -0.6483782080357666 -0.23708752155831436 -0.33296592627736826 0.08993962099159783 0.04718872977156926 0.24931733957325772 0.4497223199235554 0.9064092704354557 0.6058911909052644 0.5942793096708462 0.37410708405446236 1.1617099988427202 1.8562343714746172 2.28998671424213 1.5316249129913326 -0.017722566885266314 -1.1308652596403297 -0.7571223803673128 0.22736135229192136 1.424540259676436 1.4795108347154209 0.2784879958154166 -0.9794942918661356 -1.3072810409991311 -0.796820385733387 -0.5368644144076011 -0.7911700019816784 -1.1378639407961837 -0.7604157612439292 0.7611669308693236 1.2030380673568561 1.3356144002614028 1.022348521753228 -0.8048447068137339 -0.6283990796998459 -0.13372434385287363 0.30453970280936105 -0.3601551760899113 -2.3749616878063877 -4.616100428180128 -4.691314558801632 -2.9353219673848248 -0.14815783463139537 2.034133810301291 2.177451172753718 1.5382353695213833 1.0098490135787546 0.5118967021632486 0.7122276044624436 0.5816792030501319 0.22937683035373063 0.0916159113008393 -0.1372553412317777 -0.6763435266835561 -0.08559291131261068 -0.016115658744459846 0.1968127648142209 -0.5933926490951541 -1.2568776637286692 -0.43227451445146015 0.09568932697710963 0.9550813947284603 0.9487634175390052 0.2355543016624784 -0.3042342607457166 -0.21168264004191895 0.4635903285556311 1.5619347474085656 1.9717892765324978 1.1335732705499955 0.6737633726231991 0.8882318611134672 0.8779546638745218 0.6744167267126664 -0.06067542662342249 -0.3711475604490777 0.1444195948906431 0.7602377334541395 0.08405028716125176 -0.678180057638525 -0.7533804498968649 -0.2197318118677951 0.38151980950048064 0.1990751716176595 -0.1423465841860475 -0.3467491530647415 0.5418860571619717 0.8885685139103741 0.8103371658568483 -1.2627938689083398 -1.4286101175536925 -1.0465904325290742 -0.022272309944445262 0.8803428168446308 -0.16805235604082458 0.07671633077733817 0.18892918476259832 -0.02887199281991168 0.15825282624717424 -0.026034809722540013 -0.03554770701800345 -0.16175851155302545 0.15041972526254407 0.9141898279022216 1.0417707911637988 0.1107250172233966 -0.015762128654832976 0.04102142343205852 0.3903137881313213 1.088373866007327 1.1854220828686568 0.7194770344411333 -0.054699823563875 -0.7652648016508923 -0.5304039896762649 -0.34417096194200747 -0.12738666384816197 0.003782433298524605 -0.5132821827197119 -1.1496445380162006 -1.1522923004247645 -0.8144753009334295 -0.4476542353896177 0.26525163114294326 0.14574795588775424 0.014942981575779841 -0.3362407063452959 -0.9559354801711808 -1.4936485345684871 -0.6310263993091678 -0.5012466367213431 -0.20784925095398268 -0.08166594564418175 -0.07059055619338642 0.23616480188967434 -0.4038665250303732 0.05198079273880053 0.08044318837922655 0.11803734004196184 0.2639738668453512 0.22875017135545547 -0.32444740116404025 -1.0649536654055483 -0.7211465925732701 -0.26075870659285516 0.8728293298016718 0.79439368431837 0.3136732318007954 -0.06704270980781096 -0.07057847025056131 0.8061120041143777 1.2681674840339048 2.0117723639989618 1.1406393110672939 0.4380900604342984 -0.14927751914755805 -0.08397471703851975 0.0404152897157038 0.12960851077024 0.11282174214826758 -0.15849259838869273 -0.7591211089212055 -0.6602219638968417 -0.26743481190043794 -0.19533297422172474 0.24537178221194805 1.043379305677632 0.9428519113387264 0.9582137953566956 1.1946424567089546 1.0913806349911337 1.0820013169349116 0.9941845596901375 0.542093795368653 -0.0797498726276186 -0.5965612484303765 -0.5557560047962529 -0.8286513835641808 -0.2434763400505395 -0.15024601553325517 -0.1583490863886719 -0.17952164198920115 0.375339944264619 0.9001818173180496 1.1966967416681655 0.9638059568953974 0.8436200630845587 0.08943273341795205 1.0061982478642173 1.5322286666015883 1.6846286782357043 1.272274037335811 -0.1781059734759884 -1.3680873049815927 -1.6140498824635512 -1.173124793890861 -0.8049291064838331 -0.10300395658346952 0.30377109593768725 0.18874592663912693 0.0248221298932085 -0.3238508938639996 -1.0817439442121082 -2.039569932813504 -1.8058043409312776 -1.349069645572206 -0.5539398930205123 0.7769303434026258 -0.10086926164627964 -0.6556732195268385 -0.4979533039833448 1.0921803350221913 1.8498419595693105 2.3139318583909207 0.40220901426622896 -2.2639921104653693 -3.9137150791585156 -4.377574990652404 -2.986802332586199 -1.2192239948066883 0.17613779854413064 0.5416211603445467 0.06339089912590724 -0.36462336017747826 0.22811050424250662 1.603858183280739 3.4940155746079467 4.303223874275285 4.201237574766526 2.047639624827796 -0.2517342185186756 -1.8552462201546465 -1.957039433968788 -0.6640679811460245 0.8359329491813695 0.40220573966017903 0.20547001931596862 -0.7082062965358623 0.1809946129550395 1.0536980168468106 1.6427684819505817 2.21336295028709 1.524409432648648 0.32417366791005786 0.030955083465947924 -0.08845378158231866 -0.3408407725083751 -0.30315532330902367 0.7750938680870235 1.1219466844026231 1.9448539685006268 2.0377919913233074 0.4160385872505064 -0.9071994049750135 -1.7167814156378784 -0.8260340617193209 -0.4929672341612767 -0.001213890483591718 -0.5011723687491098 -0.7483582327981655 -1.0156473027177497 -0.7441842196939918 -0.5250779136555035 -0.2268624359385585 -0.0695374484820202 -0.06902497483678127 0.026635736564397855 0.6150571680490569 0.9558394982746362 0.48012232092052654 -0.14633363157783516 -0.45926816401769477 -1.094735396378629 -1.2428780223703213 -1.1842194803983228 -0.5559771164237831 -0.6704865832136577 -0.7132352210484982 -0.3428478558163651 -0.26681657456686925 0.5663618470441878 0.5688013912233555 0.36616689254665125 0.8894822464954735 0.962989628775202 0.005289052872270006 -0.359392726571663 -0.3470055945867442 -0.02420469816256219 0.17347189299721652 -0.7384113757570425 -1.3205979104440781 -1.6033489591050292 -1.073077255214986 -0.08792088498184332 0.38353841130533245 -0.08077123677028039 -0.7717504081878221 -0.8044864524458756 -0.3645624753299086 0.27525109706483253 1.2758486370138526 1.133970971785456 1.0741307163219889 0.30093317960559784 -0.4018876583972522 -0.34439217564265906 -0.18214316774247874 0.7003880442995134 0.9641630808305731 0.7180216617748579 0.22624183484345298 0.21408535730452216 0.17606011973167654 1.1422934355154082 0.5287512274951547 1.050019185359245 1.10334139750739 0.9547616213101975 0.014210322443309414 -0.2722913138776831 -0.40414357567236686 0.12128579905471223 1.16632196767463 1.253503541017933 0.886517061066688 0.39923409202587684 0.07989314699153088 -0.021268430307500905 0.305257704309485 0.9819557567815278 0.7570998867118034 -0.01847833273082864 -0.534061586388967 -0.6535401266071247 -0.5831461512195315 -0.12827463735081637 -0.027050235682045648 -0.02940375814014993 -0.5762773196554271 -0.709075879893956 -0.8079458138560378 -0.23012869747583967 0.4642372658605845 0.8057018352253296 0.3383424083349234 -0.028592476277097933 -0.3274320011010844 0.22758887116289153 0.1615687313963291 0.04633927205227985 -0.4318992805182206 -0.36906069070821107 -0.04527671901559776 0.5997263213358937 0.7123270563624639 1.166434274982819 1.1110420832185577 0.9871318265279616 0.5833580769337604 0.3930902997388963 -0.2303094523565794 -0.3198479925358091 -0.07827118371793665 -0.18675911218313132 -0.633972872237313 -0.5532958032243896 -0.5306576151177462 -0.20442773378537357 -0.05382891198967351 0.3674924510465632 0.062169806480219005 0.1346620137958262 0.6365287747464998 1.1583498472585911 1.4323030881566396 0.8615177233356416 -0.5631865961643121 -1.5716980895042434 -1.4766481756438634 -0.3542249340853853 0.6654230527389535 0.3113101011009083 -0.5447679873171579 -1.1160153233794283 -0.396536129058603 1.1332871288313306 1.6641891547585577 0.30029960172000525 -1.8863725140085097 -3.6298680958628697 -3.4442857172170482 -1.4953817253424309 0.6744638388256445 1.2562996625200804 0.9471721187096248 0.3069959981507117 -0.4756726873455079 0.15017296857732318 -0.08004850890597719 -0.5020839084443791 -0.8297811764128445 -1.574998992553398 -1.2383456063930365 -0.38283911318140657 0.1884460313933469 0.41576175597729953 0.18985819087953 -0.10863593576908878 0.4996431921644453 0.03930956406975318 -0.26432158767734015 -0.4299153887751024 -0.6209404396798666 -0.382298674169091 0.3168685233514402 1.057672953484516 0.2989065777450086 0.06564069284360999 -0.6131630737594455 -0.11061920112664504 0.13801251351856825 -0.4107059021566397 -0.21823490604142187 -0.3912154202056169 -0.373537049294294 -0.3556596549887573 -0.08400215129765516 0.9616761181696634 1.648013508691134 1.754961323969755 1.194840035021773 0.906641999074931 -0.021144077734900974 -0.2770855189175138 -0.7994042333848314 -0.8664418211037387 -0.2171869203825284 -0.3203547983890998 0.2813291336176632 0.5246277995414197 -0.08517495814710713 0.10446342178309975 0.154026175680473 0.8157755774024268 0.3662323222637045 0.4949473907931102 -0.10904433745686419 0.15600924666667823 0.4358221704105105 0.9988316891424843 1.7119006798980416 1.5984070444292815 1.0780800859457549 0.07399215364929382 -0.5030366809073098 0.054710602582669354 0.3390531364735345 0.9300119983623631 0.8478256517253114 1.2125644962313555 0.7715061846385509 0.0969525316873129 -0.6652877583272364 -1.7139958598401777 -1.822659587639543 -1.3797266529671959 0.13710351456501732 1.5818176524696346 2.439652579558427 1.9293150942346966 2.061245068066656 0.3189075789879243 -0.1109303616286573 -0.551684580171201 -0.839047508625629 -0.7618732088984279 -0.5116287895106546 -0.05939226886168703 0.5426335630972542 1.1220632156422155 1.6824573866790358 1.4245320105339137 0.4724067524716384 -0.5961161518342877 -1.2219731918915795 -1.4994123446414496 -1.773561994278355 -0.9673645012931028 -0.07201647857973657 1.6902573931820901 2.0539320386809594 2.120558409999629 0.24967358486292143 -0.5245973378545119 -0.7129087000770016 -0.6911620153161133 -1.209522805220662 -1.283235780121519 -0.7769807493850504 -0.26076945087902437 0.022704458414215922 -0.7165965761662574 -1.4526946404948233 -2.2618115193195654 -1.231693914182355 -0.5088387122090344 0.45272005955798345 0.5485075369192097 -0.011665687909567958 0.28056089318409194 0.26831436189810315 -0.007139924054235044 -0.4795511428140097 0.12843925270034745 0.4432985204841533 0.6887429417988915 0.20108369537480944 -0.11228089438922817 -0.107076855202961 0.3277186893280444 1.1062415145402398 0.20529275875336517 -0.6439903797526004 -1.280805767143618 -1.5526931971766194 -1.5133128209580788 -2.160023567581435 -2.2289645355425898 -1.0610784161450653 0.37303552583506416 0.9526598794962992 0.95170012470199 -0.25433380644330367 -0.45617478901266884 0.39696219586278647 0.9214733405694993 0.24113590727384257 -0.5066709656040238 -0.5924057815423706 0.6381814619145336 0.9324986458307083 1.154482634553977 0.869366700385474 0.6465241581805677 0.6044146807486361 -0.13015882253434177 -0.2872983677740898 -0.7984358541647556 -0.22103218938440594 -0.03513487266908498 0.13026304575792014 -0.5664246069306271 -0.2992492146048257 1.1068777169342299 1.3623508015766395 0.9862011345626206 -0.461446689925743 -0.6754716362817695 -0.3278336528711572 0.411698993714405 -0.9860095842247324 -1.7387245264786286 -1.2007595614602262 1.0093409210344444 3.9536463794556678 5.253926839763614 2.315901000368787 -0.5701144974606208 -1.7212912942371934 -0.6352943418492818 1.004644995736148 1.3520828294768108 0.1146405882773941 0.11674541173859179 -0.0026660551363060095 1.0271691957876636 1.1207484201110334 0.8123659431359408 0.09188477326780785 -0.7745319532766077 -0.6201744282713549 -0.7724258208475415 -0.31258027116217224 -0.1777191480850312 0.04884091584029983 -0.25964977806369116 -0.6775318317822286 -0.2773433666783356 0.30852851426571865 1.0167871202555878 1.2860801146482883 0.5990057654345964 0.11545615453488427 -0.019373436909114878 -0.29964559227130977 -0.41026876536565693 -1.2630852395507182 -0.6230950282548228 -0.47171353080845574 -0.4840736978250539 -0.15456268133653395 -0.18416499556974253 -0.5112452289446145 0.019071331637674188 0.1731161496025039 -0.2189342637693832 0.12483805347666774 0.12273547760195795 -0.05400317770380724 -0.6975299509358374 -1.3568929583884466 -1.0259051816719376 -0.756648970960098 -0.3185654607334906 0.16852235514231922 0.5612954829237222 0.2292641831615233 0.015001438678236473 -0.3588933681175631 0.18443815911148242 -0.359188557848677 -0.547232259745336 -0.1455011525126462 0.5297429241175554 0.8804775059698801 1.1537247167793225 0.8364355040519454 0.03455099220072577 -0.3229444354610189 0.02686296837083037 0.40900376684097284 -0.0729016725778603 -1.1090463292726975 -2.0424449223449646 -2.470431976869429 -1.6266764800515001 -0.4422107827776748 0.12600596098423486 0.21462449854542182 -0.12105289499599384 -0.1572020463918561 0.0882277620401191 0.12492936584595947 0.13389377663404523 0.22967758844651023 0.19524931004575863 0.17133698604438433 0.471712723461398 -0.6582457951472224 -1.769904257244452 -2.140462438597648 -1.739848791236673 -0.8478855368976622 0.12422846717210659 -0.28364858657021275 -0.5538710764349362 -0.6946351359806293 -0.7192544566796422 -0.1011262897862994 -0.2773650295874884 -0.46809120694088346 -0.5428712570846206 -0.15936255060553875 1.0407696410694927 1.9387100568034545 1.5941303072046284 0.8815337459171902 -0.40407626478546055 -0.6836772399585583 0.012507857661725968 0.17192155141984214 0.039751200213773666 -0.8487806784332658 -0.6302897387363938 0.18369191257554118 2.8041902864891464 3.4456502039448367 3.213109256376125 2.1403390490758323 0.10255627792101953 -0.573931341424272 -0.43122194441955586 -0.5329039931176469 -0.437782545354984 -0.19771635818341968 0.21634360871336097 1.177139249693104 1.5659995714395885 1.863076547892051 1.426751440917286 0.8829187191016942 0.004587003274725413 -0.05742446324868235 0.04908000946747505 0.15709056154122153 -0.3842255007670714 -0.41519927758807423 0.12309305791121562 0.31549771036931945 0.6747974292898405 0.16645900990027096 -0.5014697904869373 -0.8526953434151048 -1.5272761718881298 -0.7493744133417671 -0.5410033804481753 -0.206991878028872 -0.03261675760148183 0.012261951133730391 -0.38895801292780474 -0.5961954582654558 -0.4174401386362105 0.16569033758579027 0.16674178034489429 -0.014660920567355021 -0.26364594968580696 -0.6969374444651931 -0.5505107748954835 0.005734449877064461 1.0600275449146392 0.46214198567477793 0.05695970508090029 -0.5712721733999322 -1.1177807031228406 -0.47729233548573724 0.13561081020119736 0.3911566436315621 0.044833125959179695 -0.2533204340599731 -0.5186777156362347 -0.1869219582068582 0.10467104293634975 0.5398663538646384 -0.06000109333179793 0.09910603802124504 0.4130650992466361 0.9869480599935085 1.1494951599978225 -0.05404678153093192 -0.7101438245463902 -1.0924782819133412 0.1406719771776507 1.3980905591910198 2.085030124190286 1.4862471725276931 0.31758893149707196 -0.6770772124980642 -0.49762009515671496 -0.48699569447941626 0.08137687780995197 0.39300669379115266 1.080658726661805 0.7236887600906167 0.2884677197469352 -0.5247196328476972 -0.643781750745874 -0.5265507678952771 0.5540587485726932 0.6615154702106122 0.15281946776674404 0.7816901776055752 1.2660915099175023 2.2344157193209457 1.7812324346239465 0.7090059831222759 0.008716998919771707 -0.22222751071066002 0.3612427989146673 0.6524195117251745 0.6758437576950636 0.3823453768987564 -0.18844511392675775 -0.1809268938451961 -0.5373165711598501 -0.4947720282139903 -0.47748340660412925 -0.6286917908302462 -0.7551847591626254 -1.2776934596423462 -2.158058034448079 -2.226110809400705 -1.1861935423436178 0.01885767257559205 0.9069586430875416 0.9323471022304927 0.9487200429423644 1.0451980000518608 0.4050917511022891 -1.1528735850392702 -3.3373634396591596 -4.230550689687229 -2.752574989032211 0.06910639903688592 1.6393011784783609 2.131506427437476 0.4287859460014884 -0.9069932837091125 0.19827093150083047 0.9735747815495116 0.3968324192989119 -0.49359055400189844 -2.678690876393113 -2.6493018994423325 -1.4101651315776131 0.3106426962047778 0.7079694079543897 -0.18440922110056057 -0.5207025585020545 -0.5637764179334505 0.19833484939869944 0.9516465772856012 0.25930449660754984 -0.7102735512915676 -0.07899834456393034 1.2236420053476758 2.208130924678848 2.804991200892987 1.8154486403657815 1.0684945042688687 0.5029342873980539 0.049997028658274476 0.13352206693009994 0.14259499939527503 0.051560394384676675 0.3167252548677023 0.3079226113204343 0.5187205017641071 0.10938671460113532 -0.5228163017460407 -0.5638079828010327 0.28037780854418226 1.5123825399170414 2.5381610759431195 2.2162291491408803 0.9434104572995883 0.03348052098481098 -0.21567194092059988 -0.10522508801085616 -0.25855642630188597 -0.1809155262511456 -0.48994932935010604 -0.6033985685678934 -0.02671997062687013 -0.09560350805717789 0.21524015720132833 -0.016509175852410858 -0.08950407034206795 -0.22800654597358347 0.1191416055369425 -0.029032045112544546 0.01536398908471101 -0.003164853058521905 -0.007970065117069151 -0.16329984830302438 -0.3511108170259176 0.14824665556604463 0.7045090959440101 1.19960703764654 0.4963343302831007 0.1472399503310597 -0.17748641797659062 0.10751480978947946 0.4127040524592842 -0.041889461610797624 -2.586561746468918 -4.516043671654021 -3.67011961521723 -0.733379187036172 1.9632743322734438 3.0657151704232435 1.2781661021669661 -0.6412963104982538 -1.2528544602786855 -0.3433605071155128 1.0779771516243977 1.0982854840273828 0.948874056780708 -0.15865336954382736 -0.14699736904733673 0.08487157191472776 0.2213016884615201 -0.030633170863170227 -0.5035596658063205 -1.2921940929887707 -0.9143165534028268 -1.2619846333109037 -0.7253580782111758 -0.15953677165098457 0.4168720335363285 1.3224644165337531 1.2007765787974083 0.11245607218833242 -0.6912577346587335 -0.49819538286498516 -0.4225397222353713 0.7426546545990249 0.876729984930864 0.7988995502953308 0.44896923166242025 -0.16492666046589635 -0.1476432103244935 -0.4032906817701435 -0.8266463222895369 -0.6816275596038333 -0.6058109717315194 0.15982062746929412 0.26899784806051363 0.07464992621965133 -0.13251237677226915 -0.29827878245743045 -0.05255908628042316 0.20070420399647793 -0.04788702066370188 -0.5769464412944412 -0.4612937923393713 0.03386210497749989 0.5176454945807777 0.8490621796685648 0.4032000083192088 -0.4448777183630275 -0.3844631897891386 0.3107536134092815 0.47457356641285836 -0.3705341287021133 -0.5968727719013867 -1.5374374545320832 -0.5034873915543698 0.3668483961895692 0.6761286741885923 -0.13132856472402646 -0.6023119811890816 -0.7971583322772461 0.2511628661733614 0.852397460816244 1.0428578816972731 0.8037614905277086 -0.4796631383635423 -0.42673788718383854 -0.5130277440244552 -0.07823869807494606 -0.42103657624240887 -0.8225141305777923 -0.5684331838700382 -0.4339556288794967 0.6716817239714118 0.612378685073556 -0.13781977177353166 -0.3716096939602269 -0.9610139327308763 -0.2185167892064634 0.03334383986986522 0.02229792561710694 -0.19592734361609362 -0.2719746502425148 0.2806941701475362 1.1600554414975788 1.9612243993726195 1.1822772024232613 0.7101532918750018 0.4085021966964002 0.04295487686061478 -0.1054726705678454 -0.21020175174012337 -0.034374688776794525 0.17447470800362613 -0.18059974560963693 0.00029019452534125197 0.2581548311589678 0.15842423032723 0.468299025955099 1.718431030029494 1.3818054442710646 1.0729967284359496 0.2395405059400337 0.0826388935738999 0.8574829436306145 1.9883390130709861 1.6890222537384438 1.6470506884126008 1.0279828002764428 -0.08723029735893811 0.08783853251655648 0.8229107716200601 0.75854160673759 -0.24757227218411104 -1.1280513051905503 -1.9707265189866856 -1.6295470959044103 -0.7661641591685463 0.10648349028308339 0.9053523877598948 2.2291665157720715 1.8742630722181368 1.0681987010051088 0.24539141385016822 -0.5578781938659616 -0.5306458917199934 -0.4250651590346862 -0.10180403083455092 -0.6691299315042026 -1.5645415891223826 -2.297091249921748 -1.6334253874315492 -0.7014495977588248 0.2148562645100357 0.010241695646447328 -0.800507882225807 -1.4856381924011157 -1.6186700663606486 -0.759694394240085 0.1870897246571649 0.22746194622476149 0.20637766601914417 0.2744460951068118 0.33815951930797256 0.36893188272719046 0.0024137975513882598 0.10185222356022093 -0.23970982536390817 -0.2723455345947739 -0.5018254821470107 -1.419173670845907 -1.5606977671941449 -1.158651889242303 -0.33710379631179677 -0.07970989166562727 -0.05096111994238022 -0.17311881821657799 -0.05507116575876418 0.673492338766419 1.1541650950290654 1.1533333029349233 -0.018816383930169035 -0.377454044121799 -0.6337885552785222 0.5307469430704487 1.0138464502889202 0.9921786083576665 1.0354027439545788 0.5554362690802 0.47072002689089065 0.4788358327033236 0.13865492614732938 -0.5219888454219532 -1.379200519419527 -0.9531821976705267 -0.21582659943370897 1.0671705486864769 1.147016861775752 0.058372991782169786 -0.6062628669330355 -0.4017124808389679 0.5071693608783074 1.7373775152087407 1.436605083545042 -0.1804169786478377 -0.816038497391414 -0.4797375407557539 0.7714623598632833 0.5737181117289025 -0.6032009894905959 -1.698307191105893 -0.6394626306893764 0.922483659687032 1.7390075381608452 0.9057565195826573 -0.14775085193920484 -0.474489009710154 0.4820386329943228 0.7316633042548314 0.2927830357822161 -0.5879090185280209 -0.075821841715647 0.7514309446676632 1.0527671254965165 0.7017005483935358 0.1371968850261294 -0.13516705065634138 0.2822531456879485 0.3088066199928619 -0.41139475520035806 -0.5149097938288187 -0.5308164367700055 0.20176880502214248 1.0680056196841878 0.34747483193107387 -0.4568928236633164 -0.6469101011523136 -0.8451387132810023 -0.6317041617836714 -0.6917515620161182 -0.29230951099543956 0.4883931964584818 1.0979207395857007 1.3008221377812357 0.644036509773986 -0.21608703412046423 -0.4811833897444224 0.11706202763332198 0.5489570536896913 0.9637313089976896 -0.027806972887281775 -0.557277323856409 -1.0817480062082214 -0.45723784604117534 0.45250645125103345 1.144483875691306 0.9073795034218414 -0.7197797645149198 -2.5085645027691563 -2.2582727506946028 0.748913785917001 3.7039052672264203 4.5993851465030735 2.4977718007487404 0.06602120509775836 -0.6628562074988323 0.10277513834783074 0.23533339017413935 0.11512288481247657 0.2585459772401785 0.12440192867618871 0.11009659679336858 0.64631661410493 0.3182393180568539 0.26454873548117136 0.20723249232335933 1.1028149246898002 1.176601545318566 0.8980628273344655 -0.16779160905828272 -1.4933681115834847 -1.7649220120319336 -1.1437282918535172 0.08798437608190252 0.9446027409289126 0.6452125421904831 0.564552734598447 1.3314660059546746 2.1632462027796677 2.9328745269382797 1.9678910041597637 0.3780029849321472 -1.182595791845071 -1.4898407390056057 -0.38133070718749507 0.6197512673938957 0.4539348607288727 -0.5098816608476954 -1.2202098743291765 -1.0832117889806145 0.07936207791401008 1.1950135969521507 2.1467284954978774 1.7379259323739853 0.22167324861819396 -0.4680338383843058 -0.6201842019422736 0.3344712076942079 1.772217069818452 2.0910646859110207 1.07034297769769 -1.6215478236522318 -3.415507596251164 -3.2035692856076747 -1.3871106265952022 0.7170516795068911 1.7673884786394392 0.6025913028918748 -1.280059379152705 -1.9064349412557982 -0.5148429541440801 0.9246298589338674 1.6570287691927843 1.322245279533621 -0.2781579530844629 -1.7247041947435242 -1.9039173379839487 -0.7228127425383909 0.10192037659246825 -0.31187464207129556 -0.42569880830342177 -0.6183945056630193 -0.00916385802056495 0.2870435890976792 0.4120025526864899 -0.07044416095215912 -0.506345976205293 -0.13492889236486175 0.0956603306715898 0.5422485115737238 0.5813915174885576 0.18552710253832388 0.1224022795282313 0.9643713103045523 1.2597368341730157 0.8804230002493622 0.9406281281916496 0.32678095855095424 -0.3040488187995196 -0.46763730581757523 -0.44444613176209957 -0.009031754137294401 0.5085470154174373 0.8592609128496426 0.2138748099571075 0.2132408149791618 -0.24522909876088603 -0.06455500218985419 0.1772133096053264 0.651798320233436 0.3968824970795417 0.00644294061295009 0.2823226074852488 0.26456714284482424 0.4695769488795693 0.2992055997800489 -0.307303743786085 -0.5125195168766635 -1.187425777984084 -0.3031088631203238 0.1767479099195115 0.6201639555430946 -0.35351171387427627 -0.8365035025196268 -0.7258523188473154 0.10306307353010957 0.5212019515908003 0.6817318737868605 -0.3024830347033342 -0.14550842152228555 0.41696029396072093 0.9639834368442498 0.8985653764692835 0.3852123023315688 -0.8274193067803185 -1.202227037347021 -0.8421389901381071 -0.5641645265904206 0.029410911534011697 -0.10788846499243268 0.3650887377833407 0.9694458079716164 1.0751783844976441 0.9380780213296138 0.02655404106412607 -0.7746088001834094 -0.5835490020188772 -0.5261047720420388 -0.3768824763065027 0.013573473232688744 0.18471479447070507 0.4700612525020369 1.0228572687158224 1.4926951375062363 0.9274692588015149 0.006850208891778481 -0.9541918348927422 -1.2488170603601734 -0.7553184265237786 -0.12566553247735054 -0.03292568807936197 -0.33256345534462217 -0.6290311756300483 0.2142971416401814 0.9318614436838668 1.164255514869678 0.02527549868817669 -0.4262408527840298 -0.7526048382880072 0.2307582003143253 1.2727005826902411 0.8713873037896914 0.7679121946171257 0.07068706449478385 -0.049504229158952424 -0.09762036421923492 -0.5605962720166672 -0.34044057975970116 -0.46695719379593037 0.0873604052431152 0.2581493680947686 0.046749528668840225 -0.1915964716644086 -0.7189952227217488 -0.8427517543311919 -0.8427612443854946 -0.6285266115117514 -0.335201094831405 0.8403342423857466 1.1350200063646043 0.5995558447582766 -0.38742616760142845 -1.3006573637683834 -1.431952535099559 -1.0626807416039967 0.057406466133773176 0.16672090182196606 -0.020824986250155636 0.09494354192508242 -0.2821283662741735 -0.13510569658157243 -0.20899576735586958 -0.1436881153524842 -0.0032705974926761517 -0.05720614780580968 0.10942451637769053 0.04868214865384362 0.12614322195319658 0.08636412934905939 -0.18849696156803475 -0.3629912319235967 0.25747729202166686 1.0254570801102123 1.8782288537480611 0.7263106322112647 -1.6273419637297757 -2.8758553862087965 -1.6366550595736222 1.1992750039050721 2.4407127682764367 1.395735676238835 -0.5375084343594889 -1.0770765621580007 0.19834950246607777 2.3793988993646487 3.9855354398171725 2.9857260354819655 1.480628026416307 -0.0027091701193373524 -0.6342798007968654 -1.0268166896536075 -0.6476382752999975 0.34606604751182807 0.9316044848370324 0.0840665641183556 -1.3393875611532104 -2.4798104265532297 -1.7652344333533523 0.05074904752772172 1.5666781326440724 1.196010627310328 -0.217694456366597 -1.2355262863953813 -1.4044298119230358 0.6382271751430211 1.476929940678829 0.49508773218312263 -0.7630545622568307 -2.2955180859895084 -2.378922880384241 -1.96597703549976 -0.9831651517136015 -0.7505130928988316 -0.4127131583835377 -0.1017750276345972 0.43783308950618927 1.2311917187379087 1.4012472621700123 1.4066462428516826 0.7110527631857947 -0.13032932175420267 -0.6553361021639573 -0.6932297149025063 -0.529693509141121 -0.17888453841485438 -0.2927585407180509 -0.34175461077842695 -0.34813923922418605 -0.37504400897577345 0.1024511372404864 -0.1254421290525796 -0.12617569463890363 0.040333345331082494 -0.14638134293665345 -0.18517019404385782 0.08013487044530668 0.2055364207740994 -0.33949061878994097 -0.51954499533431 -0.5787461461616484 -0.12667921150826703 0.10042070877013243 0.4224750560059234 0.226365361369094 -0.5097103434501018 -0.3639256772774852 0.5591269268720271 1.384559504247872 1.947511198383835 0.9995861522465511 0.32944442592873674 -0.5047939240407859 -0.32040905092360006 0.6085940538657625 1.0254990431324487 0.41172668920599187 -0.5740727993820476 -0.6382657391061249 -0.40771977193756825 0.05924625801172052 0.7460166175443268 0.7572927154990049 -0.13785405072769508 -0.4221164004133432 0.24523803104717687 1.188926567655574 1.292021309872709 1.060295410188224 0.9040342830290071 -0.08491216128438228 -0.052248987418853705 -0.06557079726636224 0.1768807318568069 -0.136732335147118 -0.384013120815472 -0.4267615473666774 -0.1825233779535101 0.01144326394317298 0.21976901821341113 0.2171714860165353 0.5861018026499961 0.07839419312126414 -0.09052783953577914 -0.6672525144213369 -0.5872691853200143 -0.5943890254722962 -0.07676141773306888 0.17201025197913497 -0.5637372373517603 -0.7044661545460393 -0.5605964742226242 0.7161650354782484 1.982772632136896 1.9463567172108716 0.40440980726978637 -0.6047774599189398 -0.5092620029192169 -0.277609563330381 0.14084965317819478 -0.14281032781603584 -0.6115675542987287 -0.8841214316502375 -0.652952121518627 -0.5508794816646085 -0.11322433107294844 0.23183444036821094 0.26612077300502135 0.35085248036095096 0.7482835969198218 0.560482965793235 -0.5551196294636048 -0.6354955460123322 0.4467771651257616 1.21261243376392 1.8419953126105617 0.7896796867142865 -1.2955306939632052 -2.6737509965428377 -1.9693587137399229 -0.280490279001251 1.981963905950674 1.8732600376200577 1.5468282999167624 0.9326174430934673 0.3653467937797247 -0.10346243268172617 -0.555994062150718 -2.0020451729014828 -1.9309054842239284 -0.8514609494860779 0.20538093846626124 0.8200333531309437 0.33028554794045706 0.13376815621126598 1.0168706756134926 1.8025297529065674 3.025151510446725 1.527791561031064 -1.004199456303898 -3.2978027465047535 -3.5535127418605144 -0.9458524386833523 0.9565985271523724 1.883005231734655 0.6304087864036199 -1.3295220636355904 -1.4267483610507004 -0.5748210304145319 0.8175356806072273 0.9520842689112913 0.4135698327419558 -0.011334710258034656 0.33525957770087306 0.39090860036461605 0.5151642794369372 -0.41048632599082535 -0.5513475043989687 -0.5583587776237086 -0.04081378528868194 0.44231400604653753 0.21795094326945422 -0.17859719268119403 0.07153692485105276 0.6711842923358465 0.978758952236806 0.1869322251986433 -0.596534326285934 -1.035014592008926 -0.44856931331362593 -0.024319812211738668 -0.035944219938753436 -0.39742065029386286 -0.6062071627970183 0.6153872377440056 0.999036901902019 0.9582431838398787 -0.53781164581929 -1.7738069803217105 -1.1395346980138101 1.553248136745875 3.9931456026808885 3.666749636978912 0.9596073635474069 -1.6066520337031047 -2.8583985038834068 -1.6081688845824549 -0.6163256533605892 -0.1239148490099197 -0.6523181830797878 -0.3396950240347527 0.18800594917019983 1.1050906875957536 1.5258912599633272 1.5482264859593966 0.8564097437776248 0.9302039080137701 0.15277025379770556 -0.771062782373678 -1.7242667668768954 -2.626300847968384 -1.433638094419035 0.42449516621195454 1.998934536383761 2.607873383525903 1.567322474123752 -0.17164744062628456 -1.7618497028535065 -1.5093669411587718 -0.3979324623993624 0.5259826484376947 0.899691098611332 0.13758019738868854 -0.8259846385836012 -0.7745915218726754 -0.3492389887336585 0.16666048172524683 0.2035068588226259 -0.020079679537341247 0.3096606986877424 0.8950443472003707 1.136513122182968 0.26449584803886544 -0.39154576198878677 0.07828664028445144 0.6741342144646072 0.5988519482597005 -0.5112526690587454 -1.6588806656876274 -1.6600289553575012 -0.04507553949317342 0.9588193445411176 1.6716566814974119 0.8488207487460934 -0.5866907713159881 -0.20900974538789766 0.9240066864028813 1.5221061351001908 0.9995885328215413 0.3107259190767862 -0.22046508566841488 0.2639416912906729 -0.10265036533573375 -0.11848455494935546 0.03019490028988102 0.10883785301830595 0.6926207951000135 0.8118526421292606 0.05985171967381206 -0.4229360531371609 -0.14860004185111478 0.21974212832539014 0.33178723874114113 -0.5258836811748514 -1.6629822314785454 -1.1584372705816577 -0.8077699078985553 -0.6944554900406585 0.13474106675461656 -0.11665461392728571 -0.37597777354654127 -0.12364803086322802 0.1779195809026712 0.7000440573293158 0.9054592525800923 0.7147804887243586 -0.4421078178381113 -0.47163310898610145 -0.5294980908530529 0.5564576530174526 1.0233036653434093 0.19665581239079344 -0.568397121175648 -1.8670152840956509 -1.3424766982717595 -0.43061164987041 -0.09099428781395798 0.270331920382217 -0.668579530053318 -0.45938274328433126 -0.5760566264104106 -0.056165047614072795 0.43657356815883924 0.003158335243970724 0.07624477165873714 -0.06112344335791275 -0.1809253585168877 0.041820098863766364 0.1939904445576175 -0.14059899676994203 -0.556847144876468 -0.12747991203087272 0.24743571930576866 0.2208284551095423 -0.5828364439029999 -1.3563172827107164 -1.2347809493566149 -0.41154879584654414 0.7980799850225453 1.4437435357780268 0.7830593120614446 0.03562900822064771 -0.432447323754376 0.1437175100384806 0.7762698206833736 0.9835409637742234 0.38841956451207893 -0.04481677532848467 -0.44650078487735745 -0.17862968020932313 -0.46612285922012775 -0.6348912960544897 -0.8300409343718993 -0.45588218510789524 1.125758702826011 1.5195242561538935 1.445363646117852 0.035338472006059794 -0.6138966821658723 -0.47178528133470454 -0.2503495709690081 0.695898354788955 1.1089855286557728 1.1959822109309353 0.8635748946672753 0.7895234517532369 0.22942964284365022 -0.3143991085271672 -0.5863124003322534 -0.3059264623922599 0.13676481748741603 1.1017930631729465 0.7633998324043473 0.13244884075800822 -0.16517660475481555 -0.48824244425433394 -0.5107504187424017 -0.3502773630052172 -0.7040926642119036 -1.1176388586414923 -0.8041018568184429 -0.4681152738389516 -0.1273581614640145 0.00371385157551876 0.45769968582348663 0.9880983810561369 1.7388527767578577 1.7366440621965726 1.0859695019454272 -0.5726457598925612 -2.1231769318141156 -1.9331776693924119 -0.7438167643835392 0.8316648624131397 0.862381930051192 -0.6613674515514499 -1.5836053665494694 -1.7773380012264925 -0.6313428027070181 0.13040786404280952 0.11191644544468446 -0.5377012018877183 -0.9929611664343099 -0.09837563423949139 1.3187924451877564 1.650832283197616 1.5071877656061186 0.1552944472629959 -0.16317278471052138 0.5572806709376287 1.023482890208268 0.6416697636384838 -0.12144653942293417 -0.8532243656663323 -0.13619611984015925 0.3847813344065674 0.7528319512342773 -1.2044390383362118 -1.5490507976256072 -1.785546342498881 -0.15467231898928188 1.0407533884208586 0.9387983128186221 -0.07110113272915664 -1.0952670926031127 -0.32813399447338487 1.4683767190353223 3.5252689196773175 3.869521302524239 1.6285298848857865 -0.6825889426546106 -1.9404602050962805 -1.573301797341223 -0.39398715664324807 0.377209366258421 0.104600999138806 -0.23806180354886897 -0.22995066628719993 0.14704901151685637 -0.11202703974055775 -0.054132225188903434 -0.22948642311902004 0.09521012381264696 0.39775590097580604 0.5555625223011567 -0.061975371467642044 -0.7189532843288071 -0.5653174934470415 0.13724778617393293 1.6784533393272607 1.5929551879136168 1.0333549134990254 -0.596424708516753 -1.3008121596073667 -0.9189352948555835 -0.32957777716985626 0.013540628810325117 -0.2220738169664746 -0.01446678031914983 0.1317943119836773 0.9282742248731761 1.499433678466339 0.4003574131025681 -0.7497137550617488 -1.9363338087114665 -1.2287740426455287 -0.23597380816466734 1.0424226486179224 0.29550172294956245 0.09051628963635536 -0.5765950644727569 -0.4152609122299674 -0.30109961859540596 0.3357543970437599 0.1603454281568483 0.14260727685976213 0.6237037344105439 0.6718117870496507 0.18390464562425038 -0.19614007726895466 -0.13607822624187108 0.3644779910245029 1.417044106069635 1.7313607614722273 0.7974171526840256 -1.605663095946829 -3.7247694418257775 -4.007731449563178 -1.9516313189403705 0.5625450627090071 1.146749569665307 0.13377144567351174 -0.8750980328567022 -0.8377463120765868 0.5293651460082475 2.033325801790688 1.9770655483751578 1.0441781278105653 -0.4214482679561912 -0.332300945743059 0.6730406388224389 1.1688925432249835 0.129346056134087 -0.492161522044973 -0.5870542923916275 -0.4029206572163216 0.46931572034178143 -0.5062387303168027 -1.4659139509061108 -1.8922256679499467 -1.361584326196852 -0.14593678344759523 1.096181451736872 0.48255553520219596 0.03512386653208674 -0.26108983875404 0.6875771243573586 1.7274938747559048 2.0779822740541154 0.5824270714934304 -0.3317135609290217 -0.1816226265485511 0.9522559863465385 1.9872915694004811 2.3579981168507236 0.861942845647607 -0.737990924480686 -2.3101724507219776 -2.6617559104433712 -1.3856803002015587 -0.25292807381867694 0.18718109818852358 0.5497179420603518 1.0638044142690513 0.8595542319272653 1.0997481637503297 0.8864676127252024 -0.0584733654022654 -0.7097814092368249 0.174995590032174 0.4609738393491538 0.6863097125848333 -0.21348421944783835 -0.6694688032648721 -0.5186356516612716 0.16656666676868626 0.566684824460106 -0.015044046839210123 -0.47965674051620744 -0.5313808658781938 0.013804641955905212 0.08682953433567472 -0.328198480033672 -0.8701547427748445 -0.12684934419138966 0.8625870054237762 0.9045682152467664 -0.06944920167783011 -0.9169742092620602 -1.5468881530434373 -0.45197767785522525 0.79683273875165 1.1495774307936582 1.0387856632979364 -0.25770956540183443 0.07462054521315993 0.6491362838373126 0.4390562614777324 -0.5665236473145637 -0.6119792340498725 -0.7802678052445001 -0.07219801036408231 0.1792363983238343 0.24781711493964412 -0.6162458774398659 -1.6672441765309944 -0.6649809484685691 1.0703151994553224 1.8234869250853865 1.3589257439306395 1.0429608761573679 0.24027933671246438 0.0033148175866064265 -0.0008969739937407527 0.178977606796043 0.0865381427401805 0.22335898918523267 0.2700743422880576 -0.06819767195626492 0.11149892519411503 -0.04817244442600673 -0.10916522592454345 -0.4772676514602149 -1.1606764913946157 -0.6360468407277741 -0.6016675811724652 0.0676343324268433 0.12757165358596925 -0.7752351619818525 -1.3062876259700125 -0.7298052026531759 -0.24569460519750014 0.34551795194280205 0.0352538472686876 -1.0297456761387611 -2.016596404426944 -1.952291170684214 -1.161331912614458 0.05737983561212327 0.12132312466777603 -0.8758624614487718 -1.802639390970715 -1.7109748688713717 -0.4145595527461238 0.7845164825804933 0.7764597132132556 0.19880968155581566 -1.5685102172274348 -1.9563388265619657 -1.6700990197747556 -0.18205523647153954 0.5756852252686583 0.475179755243172 0.10229501219060581 -0.4721749499895168 -0.6521078562811184 -0.029842756464721704 1.4682462776911156 2.034562465645739 2.3361052725796223 1.195164110023029 0.2751714209502761 -0.3128720948119555 0.6244378473040453 1.3794407592624658 1.3909819496296156 1.187919311604912 0.17721371382578785 -0.5080599588739287 0.07598417853782545 0.552723470252645 1.3630958955651877 1.3501436179120003 1.172494314938346 1.1237064808792954 1.1372492324177477 1.7802659489833315 1.4956090399118038 1.3996075779699142 0.43176773017665426 -0.1716899849044761 -0.23857493842931304 -0.679567093650547 -0.08315376841236373 0.274497493190608 0.5101367266819758 0.04394947903351681 -0.7493560234859343 -1.6189909987790987 -1.3498095152814775 -0.6091010151365289 0.2699119373550454 0.2272965789407287 -0.5448618210470787 -1.3691132520685163 -1.203634464997172 0.32718521957288527 1.521132064371775 1.9712871561825185 0.33209582291267614 -1.7405779665309722 -3.007246449806451 -2.415014301933778 -1.2263724599424044 0.08901553387832112 0.4932002517228636 0.2504202496430574 -0.2691716227984377 -0.035974298494856505 0.17496903800623265 -0.048064927608952215 -0.1305484786995063 -0.2468251377486942 -0.5106241710593448 0.412929607277179 0.7566813776226498 0.28935780335842276 0.16212314044096604 0.015347164505503826 -0.11089817704116359 -0.0944349405808277 0.24647329198581885 0.2743704896364615 0.3556091060946184 0.13647375435570944 0.049249837407332506 -0.5221754822809959 -0.034344647044893276 0.7791698552597333 1.4013112950076347 1.7842024246754222 0.9022905158206248 -0.81002895514586 -1.1533313598173482 -0.44216446848235536 0.9305443437843055 1.2170209132154186 1.0765719062672519 -0.13903605530770818 -1.0478337681503584 -0.49902898360872616 -0.18825525106730706 0.17876120708826626 0.2054059824819162 -0.3617997602768941 0.10366373547247812 0.9958305117485456 1.1313181363857034 0.5272171015140055 -0.9966251267807387 -1.5916146908808797 -0.3938465775127885 0.6565849395222667 1.0429645169878117 0.6844560954461636 -0.6623295639030239 -1.3415851559030911 -1.174086919841574 -0.5010927016184598 0.667672246617221 0.8004112169271698 0.391911925936292 0.07037452705687595 -0.438709138515728 -0.3837861822659545 -0.36695318491299267 0.43346509080553175 0.32977417872787057 0.3012698344614689 -0.15855139003285734 -0.7051988617137998 -0.6103104242390401 -0.1383020211715003 0.03035983267916946 0.2373137754616802 0.1759722467074635 -0.19970089091985746 -0.47414939357910696 -0.06828686384023189 -0.16052892735986737 -0.5727097277153129 -0.28754908227830595 0.254332356392963 1.5879139055096092 2.327030419543166 2.6371491739780994 1.3806615865547125 -0.22842856304983356 -1.5898874207075244 -1.5843039007294522 -0.20110995636158993 1.2769225263282755 1.9056406901589678 1.116403696135389 -0.010086202242968967 -0.264462615171696 0.4374538567887303 1.3779742420237977 1.7556486982472916 0.39987618076177234 -0.08660143890282358 -0.6076226856131016 -0.13570678778521802 0.11343408737252227 0.24147091749927851 0.119891334879369 -0.32792563616914305 -0.3646186754302351 -0.6234024025726753 -0.5982597937189309 -0.5695711467226422 -0.4752107474718029 -0.6898679612941179 -0.5643081870585883 -0.7649520833167012 -0.7599593568023737 -0.2351137255247423 0.33464574429997995 0.7690628516294601 0.12517238195765906 -1.1640965634641562 -2.1520878124481033 -2.148091277280845 -1.3929308835327192 -0.7163688140389711 -0.3589599734814052 -0.767676683211758 -2.1979964150148086 -2.482676829685325 -1.6530164700384815 -0.23630231157223108 0.47817397285659147 0.3142433345843071 -0.2005832211026053 -0.18626883075499856 0.7339052422528218 2.014571158089127 2.155217628769045 2.121988868483354 1.0787683011136422 0.3678907022548095 -0.6057630878987098 0.019232022932185528 1.1215219576164226 1.8471614280559898 2.6090483443898203 1.6501972731855088 0.3234053631417988 -0.4855422717321015 0.09129081018264758 2.1443045542034382 2.450912094460096 1.9621456922396903 -0.13596191300343038 -1.2211451489289475 -0.6440036020306099 0.6929169618020531 1.0010822920969356 0.12354802099925973 -0.576320360830964 0.10500523094807616 1.015526401299797 1.963983182585685 1.1670562600539636 -0.08523767421277137 -0.6377735649057622 -0.30983867960577677 0.5857627980222931 0.49493910724063683 0.22705923206286038 -0.23867792602073337 -0.06873610152382703 0.06991966361305398 0.36107711738341663 0.0033312207136841554 -0.004239295446880459 -0.06940774348378967 -0.13834987763728934 0.15074485951489744 1.1722104251959737 0.8892138664146603 0.8555768074900244 0.4157595717697536 0.1462008309701111 0.043364110987557145 0.9227323122658556 2.212032107889748 1.6823939635850496 0.5667579738427482 -0.05243724983180163 -0.552197534917343 -0.12385310678769178 1.162754232710662 1.0952363301752857 0.20147567854389814 -0.5845513214046439 -0.5906534603851711 0.24313804862054259 0.8813479196061795 1.791927280099227 1.1028888972184174 0.685885085817018 0.29661865129401493 0.31668662509013695 0.10060544485199935 -0.8666957548958537 -1.9287165491852274 -2.1619311668416348 -1.657342087900814 -0.4691295874723016 0.4241265220799344 0.15538593876768889 0.24927667455388122 0.16615490032268682 0.8878364037422497 0.7674993167208235 0.7196422301932586 0.27286522919733047 0.0463297605411025 0.32561472935730296 0.27036447580724254 -0.5205624587664494 -1.6855618550668237 -2.384355559567788 -1.875066617359143 -0.7085691272396623 0.05892429371247801 0.5842356212591693 -0.4876513132429128 -0.930204443057792 -0.9019731211787626 0.008723344324343444 1.1523887555956378 2.0997542292526683 2.028474852618622 1.0332507556797357 -0.08287558689579504 -0.36452152398882187 -0.8262152012507287 -0.46853122370386224 -0.2951725835543748 0.4002613716405183 0.6529163112426326 -0.3912870458052427 -1.2410328496162664 -2.3392509759996813 -2.01366301831711 -0.3552492115323872 1.2072125611509084 1.6235725760489947 1.7860880437461417 1.2175984036713385 0.46682628574590773 0.8607311722218335 1.4675758491961988 1.8202402964401674 1.0485407740475685 0.6308382176971576 -0.14901946126527127 -0.8552639877241954 -1.340073370898446 -1.5096372690749127 -0.8445973722222793 0.6962830976200425 1.8474808205236155 1.7136982645354937 1.6281468103690984 0.8187431436562626 -0.09038185879189618 0.649580730968607 1.1263201855298766 0.9599505650591131 0.43634662882784775 -0.31683718123298465 -1.0228912262077192 -0.05325844926238336 -0.03708423792429429 -0.07085476317299766 -0.344842994581509 -0.3591938316992852 -0.09095301681172914 0.7386626385675097 0.42562930975746605 -0.13614439660665884 -0.6198166253210468 -0.5268980916721947 -0.44761409730146745 0.03053159082352439 0.12431150274622574 -0.2264490295929459 -0.6940562443465089 -1.0690452990775514 -0.7985042265438471 -0.6167711106379118 0.0786962598562197 0.47342009920091194 0.5547328389186201 0.3594289141767375 0.2054311048007347 0.13038823603547595 -0.0893569742148961 -0.11966394747607159 0.14679733407906764 0.08516423686421937 -0.06490898412098725 -0.09817175317274479 0.687312596670824 1.4281049014771527 1.3351449996584945 0.8433044640641087 0.40924746641848025 0.40419088088476424 0.6069100779497733 0.5723458412543697 0.1583065738764866 -0.6233020962189246 -0.4642694359873998 0.07376528369955482 0.5328802011695318 1.0263543973552105 0.20391949219422414 -0.30386027094237333 -0.6046216042358966 -0.12129822195998065 0.7362186028055635 0.8759259657070964 0.13964665359668618 -0.5171163212075202 0.03894837327444688 0.10951388865864492 -0.4629914461887513 -0.974162051475065 -1.7946729538772566 -1.542723165865697 -0.6160307695847603 0.32748336289714247 1.0342598709637347 1.2820150728756359 1.1607260137397533 0.7725352358907619 -0.13193288033201675 -0.608571165856535 -1.4601705056862673 -1.4015604419436636 -0.9094183062150999 -0.5685292379881363 -1.2628694084914984 -1.5188371128088733 -1.8529932841209455 -1.627378566660861 -1.211182046664962 0.754983767122094 2.420275145808364 3.0427598643752174 1.683689079926889 0.29614039481486354 -0.6312956761667227 -0.4605306143394322 0.7554502448518361 1.7676332711690907 1.6234083649078712 0.848766353807211 -0.3895796076140577 -1.9188001951905163 -2.1511179776319476 -1.6598554372031051 -1.2726681659466208 0.011791412207360115 0.8033141006451134 1.792972647713238 1.8145194903723307 0.07606710344889667 -0.9423313552803099 -0.33418360874087394 1.695359731390505 3.1713697518937103 2.5904378798321295 0.3130923556325145 -0.033245384931818805 0.47767540867171004 0.3394876764969619 0.06167567583881011 -1.0928088251013155 -1.486657971478516 -0.6499962793858153 0.6628706346402912 1.0888334606809034 -0.30951961032767833 -0.5819289951673928 0.2556061225628502 1.7486461144410002 1.732739914303597 1.2815039431489799 -0.07071319479799579 -0.6723062010432042 0.16544330358122455 0.5118765853026759 -0.7613351142165502 -1.4783753917480515 -1.7825275317391638 -0.5374495451821036 0.5315101185589873 1.0627346172277692 0.7833833698133533 0.253685171841648 0.0686368425427773 0.4376314263151031 0.25365318407199294 0.600003948391539 0.2369786863411101 -0.3758223235471354 -1.229404195627227 -1.7651056064233224 -1.3766374663569576 -0.46608863761576935 0.41251515706478453 0.0912138915422582 -1.621778217663692 -1.8818210218865588 -1.7782285786759138 -0.32737800528791006 0.18558608258631404 -0.24982923943550947 -0.6030939118290778 -0.5537273478806148 0.1347480721476606 0.26759318861554626