Best initial_sol
Best: 2.000002 - Evals: 34056.000000
Best: 0.112679 - Evals: 34056.000000
Best: 0.112679 - Evals: 58956.000000
Best: 0.112679 - Evals: 68686.000000
Best: 0.098038 - Evals: 93686.000000
Best: 0.043798 - Evals: 93686.000000
Best: 0.043798 - Evals: 118586.000000
Best: 0.043798 - Evals: 123586.000000


Summary: Results

Best global fitness: 2.198380e-02
Time 190.412979
Total evals: 123586
BEST: 
-0.09063230387979854 3.5177402703461165 4.899274741728249 3.2103187379528024 0.7067864346027307 -0.5891728851770295 -0.10812848983999244 1.1040778256306818 1.2211818381057022 0.29413871948652953 -1.0432590501050865 -1.3495462862095369 -0.44903430593538785 0.42572691403421303 0.96221267649959 0.6941158072556615 0.5422158580129789 0.32218397574109126 0.42708009854760715 0.507485562752529 0.22201896002475377 0.14737932374982993 0.5828887261610145 1.3001518143060018 1.7079991785639221 1.151679457149507 0.26408904964651225 -0.3592270141177532 -0.2391158863105244 -0.09381672486276083 0.052109601681780686 0.1456333958359765 0.02113888472203152 0.12437608713200608 0.09024268882784565 -0.1610206176646371 -0.3584453635591069 -0.4808466101300035 -0.6063070717368874 -0.10039517329172483 0.40986013592144427 0.1347083791238015 0.14431217901041965 -0.11002858097276691 -0.1767143707414899 0.0861117866982622 0.04279528500614981 -0.11958206028275745 0.0856656425842435 0.12314648103926357 0.08480844415110221 0.18526495366662557 -0.015339117034182208 -0.27779163723078193 -0.36077048541665874 -0.2799206555832906 -0.00432199313421886 0.02467884293132708 0.2180984094694216 0.36705612611177146 0.2632030071608311 0.36756459037817335 0.13246112715842762 -0.0419258710265301 -0.32852952399039054 -0.1869675278730903 -0.03345971541876583 -0.0766573760265215 -0.15190819873088177 -0.09436591050646792 0.009348348346082672 0.38130636582693245 0.2878878367363237 0.32373503569374174 -0.030390701389409015 -0.2126399601067698 -0.2129855798523448 0.3250344291879667 0.31751050453434965 0.015539165796308735 -0.3741857450762361 -0.3894692840840445 -0.0516037989321208 0.195306632695954 0.25519341311958393 -0.08366450863938218 -0.43146655890459423 -0.40925630475028635 0.11856225306501682 0.5858079512073328 0.6614963258559714 0.495678105298433 -0.012056154739675997 -0.4903211158035934 -0.41592772394733485 -0.17432445944415886 0.1270547424971345 0.19239877486838194 0.1514349343833613 0.2796842318679105 0.196671436441778 0.10290934597122532 -0.20139481428971284 -0.09029996915732036 0.12406035571846953 0.12511247524721023 0.10277117090812223 0.14881808421865914 0.0853215217239295 -0.1133783929235851 -0.1768309959697007 -0.28017013450861566 -0.304911263489283 -0.1349708279135076 0.1221420472254242 0.07870057371265467 0.1320510803481705 -0.21329225266843402 -0.4386102332582309 -0.2235508637766923 0.195106601193408 0.3643418106591935 0.29474861210354103 0.02169636882320229 -0.05012157934745583 0.08597029913005502 0.09033185168950808 0.09574511771418445 0.07281174452238146 0.4899868785714108 0.4571520805518598 -0.217102022960239 -0.5004981474261594 0.07673344601925002 0.4709673685802634 0.1388358552424955 -0.41688846526628504 -0.4091085049369569 0.1445132623336307 0.9057566768575491 0.34376325499371674 -0.45898708756633233 -0.6652721414043762 -0.06049519406545268 0.6032234910890276 0.3330546551285771 -0.1975194920983631 -0.2898563056655535 0.2967879716468022 0.6535336868929146 0.6500544224984095 -0.19659407929872874 -0.3693864223529501 0.06769125184648768 0.60143425888088 0.37456374497733413 -0.1124170735493756 -0.22069236987628027 -0.04212657972065444 0.44393690650360446 0.23796101072327897 -0.11190518208871925 -0.09301645044781179 0.41269635565971563 0.7095507777440481 0.09101997001025786 -0.6302452588524866 -1.044256621526594 -0.298954143503121 0.49364424781814265 0.05563030031176804 -0.38221675179790254 -0.6921575579747279 0.005023338218910528 0.7560212199890158 1.0282361188670068 0.261662880246855 -0.16428469935796772 -0.55222207970746 0.08570389806991754 0.36419374067106014 0.7394714725031505 0.5433942988924476 0.4261972440030318 0.1685919681001776 0.03830496185400823 -0.13707657075450688 -0.06869176283943415 0.14767404174538729 0.3939968456975012 0.34886935242320155 0.29134924784540306 0.5460580291621792 0.34250085290790294 0.05295973588169094 0.04075013096872422 -0.07857179640651915 0.17761942501071035 0.008966367139782772 -0.025801630121882635 0.19115014795763993 0.5478406645437441 0.564236928506517 0.3340227680920403 0.12260531598589006 0.07514508752529803 0.7757137230335721 1.0029721345481515 0.09408022578505497 -0.8959382631292226 -0.6759118424061048 0.07508827692349491 0.5039327731530623 0.06630381033745913 -0.609374908014024 -0.5550046081179747 0.2219188763142381 0.3633975172059379 -0.523490403001377 -1.47815575338306 -1.113173770254828 0.26754704495637865 1.0639724267166115 0.6373927639525581 -0.5267498414270406 -0.5447500751119358 0.4730359432566664 1.0860385386848463 0.06892123827092154 -0.8369862487628955 -0.24919846562655718 1.3240853351898443 2.012621446556959 0.8614609340601042 -0.5650959182663837 -0.6606934205799235 0.42208025619434936 0.8971020546658829 0.16415769976827915 -1.0057796713758407 -0.36411466770144535 0.9102900969116516 1.174660628669835 -0.42745327561074076 -2.2560919448492904 -2.3470673765949486 -0.5788392796020079 0.07589426190452997 -0.7926275954958617 -2.1498029731389154 -1.4499530852596905 0.4297511237512273 -0.14615725274271946 -3.887680064538572 -7.531424238573648 -6.415956143190996 -0.02949328670939265 0.36849643853998254 0.05501390131469562 -0.16322570534431977 0.08058832821235797 0.6580105788398537 1.7965499930815578 1.885821039097991 1.2436016443277964 0.04383262051904723 -0.8236972389549241 -1.1214145548476961 -0.6909525508870875 -0.31069530092549846 -0.4650415156394491 -0.42396128108237996 -0.6538667041439055 -0.8635494707293869 -0.8654439534648384 -0.6482364963249152 0.02383475704440427 0.6928677798143471 1.1763300002136126 0.7929457578309629 -0.3637088324167596 -1.0000757461488559 0.10779614627796946 1.8844510140453992 2.4661120095961016 0.7647818570777462 -2.1620415168614184 -4.362949772509304 -4.015667422519708 -1.3572693835204688 1.438758244327697 2.092005299149269 0.8515581735277724 -0.3719593711083396 -0.7320695765757717 0.5326422169306706 1.6714386024293155 1.4174273505659487 0.25644919329023014 -1.1240013970460334 -1.1152151470046188 -0.5487578562631443 -0.24581770033812425 -0.25229926324826707 -0.4578979911991831 0.024277107439687386 0.8030789753145968 1.342176302203987 1.224977921570184 0.6043717652542379 -0.18236807511158745 0.19889394899152818 0.761106219723286 1.3645543514214373 0.9230641161589708 -0.4429858077317031 -1.4851705678742693 -1.4490267204292158 -0.3393033865479609 0.5268520023057197 1.1236493249247497 1.052003987664019 0.5094791631610595 -0.07965239162457596 -0.2444837183306484 0.12975838690861147 0.466796900625288 0.5846622995867713 0.15647007598949259 -0.2891031552192934 -0.7111824625664825 -0.5675907043311362 -0.11563559745004853 0.40678992985534096 0.4222610071008399 0.05956187117958628 -0.19803988226325936 0.05068008052498136 0.2738053169967478 0.6060340593418893 0.37035881437114165 -0.515897553040715 -0.8949434883252142 -1.0651276590402592 -0.0954476600071788 0.4834042359065902 0.7660080911999912 0.43279129698741764 0.33129068996129774 0.3316162686318118 0.41908641262354807 0.5678701469476369 0.10716232743401666 -0.16034511928892403 -0.39574999306930236 -0.16443564086959292 -0.08338841630410011 -0.3443793390131122 -0.4118469759575925 -0.5760524773779014 -0.34805652214332367 -0.23722118504313783 0.06282409956409662 -0.30513766821942473 -0.1921379584055406 0.14143568573149806 0.5494059554592845 0.6675649192796637 0.3607358120869552 -0.6947858487562082 -1.4241587609282136 -1.6260123502211001 -1.163348223448584 -0.6189106841751619 0.12494664151597429 0.23056929468807985 0.7380725518378078 0.6693860326490467 0.29439450435771874 -0.4361869370079302 -0.7691712649073118 -0.7760208326405551 -0.6910156876135991 -0.504329381681983 0.043535037479061234 0.702743759322333 0.9720802191121787 0.8732664032540549 0.857400022650172 0.20450197706549442 -0.021706227066274078 -0.40759147517742916 -0.7626375491790907 -0.4491871504030139 0.06871912165045936 0.5449259172263425 1.4178669959353665 1.425112966942188 1.2642239607259 0.809157610101433 -0.19563998951881745 -0.7388956963546097 -0.512266529747067 -0.2757116580662705 0.44834912306362384 0.5416894707326275 0.20559370522881082 0.1381801083276883 0.31623907198781576 0.6879007716772113 0.4364756686505027 0.42094121953131197 0.16234952813479228 0.08905812277354251 0.520641039532802 0.5099137316948393 -0.08663342342307045 -0.4248214804265716 -0.6116947099435907 -0.2976264892345999 -0.40415092412904075 -0.49470260583126807 -0.6573594728622856 -0.4453347869466126 0.32371355337838154 1.091081211405973 1.0102028560042677 0.6626264835802234 -0.35553455859645244 -0.5967511072608099 -0.25499254189346 0.24074563834955823 0.327700073534418 0.07828142486595878 -0.3367958558332868 -0.22209163712936228 0.2999647630456464 0.7594965453294897 0.7797653733047303 0.3277816228765687 -0.2096651752676365 -0.4810684655031962 -0.5037535156553984 -0.05081315309970523 0.23139212172808465 0.09789334649465357 -0.3891096931795404 -0.9222589628472133 -1.8683472823734288 -1.132267343060387 1.1383772285892308 1.8701160995532469 1.269188419565631 -0.036064740550116825 -0.5818365836798369 -0.29504397816718664 0.08534064871810444 -0.31823881790332575 -0.8322415259252214 -1.2662570982419483 -1.1046402013446484 -0.8819936927116883 -1.036900902971413 -0.5012395571203492 0.15932221516108414 0.6106484227802002 0.8941322253657061 0.2870302604395427 -0.2523874699021261 -0.016638278663623125 -0.3073892133562112 -0.7803184922067108 -1.1959402693660275 -0.8445667531235301 0.31960871878768154 0.8212281371168894 -0.47364800759516285 -2.3260227659654427 -2.036501087126463 0.8643825299799199 4.315647247403348 5.136898746066358 2.8807318537515827 -0.7400220320864299 -2.529711833001209 -1.5108596551030424 0.30918957814928505 1.1237015919107856 0.41390074668296245 -0.6825010196510599 -0.6827321080432491 0.10640486932797799 0.6425031934417481 0.4664194338932197 0.6406779087167496 0.3586476849861675 0.7991908939578607 0.495668725368934 0.1656189007304151 0.13736382314685863 0.7330393748055591 1.306730423242426 1.0189350869363831 -0.495383884005651 -1.9033997467442194 -2.568568270101522 -1.9650535574161343 -0.9719604596565261 -0.21118726908322782 0.13658781285454935 0.11423649354236222 0.1522040829137064 0.09047067941740729 -0.28626574208789485 -0.007693592850257602 0.04107367966925763 -0.21334163648318336 -0.4521712887141663 -0.768847920186492 -0.43728676296618 0.14745652627109204 0.9029230674224795 0.9392740699206388 0.3441100532318237 -0.17447325498647942 -0.19649169058046756 0.2366824382198479 1.2531667173679784 1.6196270577271699 1.0705348600256672 0.12821815263810118 -0.5494371694979265 -0.6027353105139955 -0.6864901227604627 -0.3215217470453966 -0.4950661989083553 -0.3964344132566347 -0.7141675482980325 -0.7261441244909284 -0.4793497408783854 -0.18085390857934616 0.10634198401608747 0.4114263995174044 0.1331589077700477 -0.2769799549093433 -1.1607659325188755 -1.2608250417957203 -1.2068138090691303 -0.5693341310236052 0.11204953397728115 0.506686716633484 0.06016342682404414 -0.421693120319361 -0.7599171705590576 -0.4321539418015327 0.03730601674130489 0.5539982082696656 0.5657010090939559 -0.19910185007721543 -1.1242840473997424 -1.1185809474139397 -0.7304493109909175 0.13412368648859735 0.930004866010157 0.35943608545332817 -0.2287123456463779 -0.7511237052443132 -0.47371522100067687 0.5407789373043732 1.3155846794225277 1.6704152234093592 1.025036129917562 0.25401548118864603 -0.3445372102538667 -0.2964664248775843 0.334038510539277 0.2852265180724332 0.07109135329291447 -0.6147572347249153 -0.9795617574927308 -0.9518816173698345 -0.6989292941833138 -0.15889030037284052 0.05080879073459173 0.5523141379019317 0.9753007930576367 1.232406846057244 1.209312975661591 0.9864549886278485 0.5787285830402698 0.624941685150142 0.5955595088286749 0.30169388062360036 -0.031182489163123713 -0.30715031314539887 -0.24233135621844737 -0.08972268541059969 -0.06868493749051624 -0.12524015725483764 -0.04907404810698177 0.19450396370787865 0.7789552480861305 1.4047502492609392 1.2995324840705413 0.6923199219486714 0.37128419444829386 0.6331029946229677 1.4286733281587953 2.0308153690212962 1.4589437430073209 0.10528372070289675 -1.3202412196881683 -1.580217422216534 -1.0276482031496132 -0.28963629274161407 0.3032129760171516 0.10511108776322946 -0.3535723193361962 -0.6721122279855971 -0.690501509380253 -0.7045683685069566 -1.490347364854021 -1.6887369784268427 -1.3531678988570177 -0.681722819325853 0.059995187412617015 0.006132560827927182 -0.3520364400189014 -0.32947376316973487 0.27107758158024 1.1917828394317527 2.1919488498073743 0.9255869561906603 -1.0449822088404825 -3.6507897247803744 -4.795862084047289 -3.9900353616947126 -1.7570389741252614 0.13061021798058653 0.9383179047947738 0.266213198175157 -0.6070448625893893 0.10296014414192031 1.607962508382151 4.334579177289117 4.9491797954652474 3.6699231960428857 1.0526890630620853 -0.6557133128769114 -1.6473013178664442 -1.0683458080307584 -0.017955999160712343 0.7976080094442862 0.48067363820873965 0.14550331906544756 0.03172514236513408 0.8531651234041762 1.5083654383495382 2.1139637072570046 1.4854013563823607 1.0798638282611983 0.6481275616083688 0.5588194001702272 0.32428225921632164 -0.15372266967311238 -0.6878827303248832 0.22483732076284157 1.08281268419961 2.1791610276023357 1.6916637583425762 0.21654005355699427 -1.5611877024531167 -1.877204430359921 -0.9311413190892284 -0.5747930485657555 -0.22105563574572917 -0.717813386300976 -0.8943078207491394 -0.951240667093459 -0.4786857775554543 -0.539583040321542 0.0010420794309336442 0.010470931662049982 0.06969651291859978 0.16805324473766686 0.1017690122046471 -0.022441559646881964 0.013540247428125827 -0.2911434894250047 -0.37042515158693734 -0.6474073113779143 -0.8768475517466775 -0.811490994517133 -0.9682548052924845 -1.0316880782254434 -0.9127702411890216 -0.5318606467390089 0.07067611500120996 0.6521594108506314 1.060745381470434 0.9927639416227646 1.305035625399006 0.8815465580564815 0.4587843614182599 -0.05245345398434934 -0.12394751736998534 0.4400705949994447 0.6659960699648542 -0.023236920912112963 -0.801480106453034 -1.9788339712856853 -1.4659179438775234 -0.3699849936856621 0.9987543938842254 0.9809125284787436 0.024268461052708776 -0.62394656932649 -0.5957480361518818 -0.2181212919968172 0.6117550369780334 1.0770090457650887 0.8793048178632212 0.46508532788005064 -0.15253568253150548 -0.5331665472544682 -0.30086785695802354 0.4042072983243722 1.0387121896016573 0.3772663691159379 0.03452160276596115 -0.4697524702329746 -0.29628589084946905 1.0285154285977292 1.543899182120804 1.622476172946299 1.0304206650197116 0.5639538633221765 -0.00374272727487447 0.22833484441155646 0.0234776303080193 0.19278054588394816 0.5272187725150896 0.48802520771913915 0.7951892465099255 0.2691697898690688 0.4086130614384976 0.18313623837638301 0.7457740706498358 0.9912009160121175 0.7467983940980328 -0.5172930251271014 -1.2694788489813895 -1.7010103717774376 -0.7287817804616109 -0.39570138248205927 0.16314135186388895 0.21305474921092352 -0.44042253595463055 -0.7094808300949699 -0.5569195234552758 -0.101132160420562 0.6350017550897787 0.3483362689529419 0.8545471464780658 0.43299991354913164 -0.02474400917870694 0.05241521018350944 0.10749970547734918 -0.12314080811284701 0.1342623479333853 0.15926287387376523 0.21078548168578892 -0.004636492184108193 -0.65240670600638 -1.3566046126361453 -1.7235620043092506 -1.5205426713216454 -0.6597791123416195 -0.3151074444332238 0.33211185536671917 0.6855776874434849 1.749797126185832 1.5994486294731902 0.7343827502619396 -1.8896813039643114 -4.028785024399399 -4.590286048096867 -3.3710668692852837 -0.6693401400589639 1.9695420718919159 1.7246410057953268 0.8017317358127394 -0.5788001953584798 -0.606477439335358 -0.36283297193082464 0.08933780307730124 -0.09465968026378221 -0.5943635577882066 -0.6243018648626708 -0.4109888418930571 0.5461767516559763 0.7624844205290474 0.951513607436383 0.7868229389731456 0.30315053434720607 0.050537835663895914 -0.04953033430399995 -0.16083482131989005 -0.7089694443057397 -0.5397749737221399 -0.24870175211993184 0.5291271807435991 1.049549660229788 0.9604878407389226 0.5804729454133482 0.034656718220876605 -0.07565930531418441 0.22818747538870077 0.5068726513174416 0.41230463883613727 0.4961215310906004 0.18394644710811056 0.10289908180557095 -0.38306398461591923 -0.4454131608271952 -0.5185663457856065 0.1342205911785679 0.8451063537151264 1.2098031948114047 0.5040688479339772 0.24094348468752924 -0.5423825897040644 -0.6366575325955967 0.03136713904777025 0.6315456642376344 0.2428003092906035 -0.3197786014506978 -0.7171879394225233 -0.37835501020402296 0.12553862560493023 0.26198668408444936 0.46857510653252615 -0.5986817183549072 -0.7161527203984781 -0.3048212899733819 1.0967753732236036 1.647251373782266 1.8451069067526482 1.1170611638522046 -0.22436567304636632 -1.3375085565617313 -0.5808582141715216 -0.3718381185393979 0.203676653938895 0.02588243011071852 -0.7614560553800459 -0.935569216112952 -1.0871828864392556 -0.7104282122519004 -0.44356962610601086 -0.3368287982592141 -0.24370688084271486 0.0040669792351877565 0.33525294900235936 0.40281859292561917 1.0562062010482274 1.1170441293371396 0.41794331911966326 0.11459141598126155 0.06563027888040966 0.011507282179087322 0.11456492741030316 -0.18519440619113445 -0.5553293107732007 -0.4496823310511525 -0.05263860030205319 0.12250479799282554 0.3778974160147115 0.025215025379908263 -0.18713919407998827 -0.42667959252103477 -0.24214780701137317 0.25427601806213607 0.3682632817642906 1.171630740366319 0.4845859654211693 0.9101979240767759 0.9723868385445978 0.5615063005843136 0.2287808383631725 -0.3075111187775096 -0.33417284022955884 0.1808667436781747 0.8333780661502939 1.0575295904651139 0.3570819465442008 -0.043583189860136845 -0.4747587202929917 -1.1320657813216173 -1.487003146903683 -0.4381289932693742 -0.049457402772118866 0.6039894137606044 -0.1404849984175948 -1.122983612597339 -1.672320240569585 -1.1997030855893531 -0.5618980132149487 -0.7221401417449929 -0.8876430710326023 -0.5310688854006806 1.0150865965979952 1.1646279513009632 1.134540886599076 -0.018823832266011878 -0.3651672215994664 0.2477711132733535 0.8779493851028278 1.147150117243001 0.8191958642872653 0.6350160200867268 0.4058053564615305 0.62985951523876 0.08416558479183954 -0.6116243164426266 -1.032054363795215 -0.6775449705848394 -0.7595770588905189 -0.9920511799700853 -0.9292512567469964 -0.481326106758092 0.0021986686488173453 0.07209236475956353 -0.1529993988623279 0.18018484700618534 0.7998397554889605 1.6359062733959822 1.3477248927511865 0.263851487854736 -0.47530767840214433 0.08753514814572302 1.2934391698681629 1.6953619005454734 0.5931258804661886 -0.7149073615800154 -1.3429301769540931 -0.9721601673217019 -0.3619350836017753 0.16673101942279772 0.525804253029426 0.3852344772008517 -0.05890878349397657 -0.23969101249272667 -0.3122933985402435 0.2675997274973193 0.7460244361139763 0.4146023146714115 -0.4558741746132117 -1.1963305677978386 -1.0019282025143539 0.12241534020467258 1.1728644891266862 1.011744271747104 -0.49931371570475036 -1.9773539306210728 -1.989604317391646 -0.4239231227907504 1.1516461313475594 1.3435957337515512 0.39361753669439725 0.007242896776348167 -0.026328095714449558 0.04735664055828389 -0.284080567559516 -0.9381416487884461 -1.1192575959906388 -0.06688506751102194 0.6495619196250157 0.30918131230780516 -0.6324000022381425 -1.4561692235549064 -1.0235880664196304 -0.3194328807196 0.23343517345363118 0.5882437165205965 0.42439841616776425 0.39469321711458555 0.44161757358243675 0.13627668495675055 -0.39463183181277584 -1.309408061921592 -1.6224995623840286 -0.9547855000177569 0.6341554159159918 1.3029882956481802 1.343799057902046 0.7281395036847268 0.2832490620160976 0.6245966843635126 0.8695893120172724 0.4316011505874786 -1.205582888663535 -2.2213188754024507 -1.3673260017117055 1.4282761910096093 4.227035221893933 5.062326748659979 3.274329254015586 0.8197170016213414 -0.9381406082885585 -1.5317534387789902 -1.283106462661029 -0.7906153102088928 -0.03827936573065482 0.5678437515814857 1.2373675650670477 0.996603035948404 0.618596734838084 0.30931151506857585 0.2583664529577573 0.6606243517877858 0.4548328792510229 0.10162935196778632 -0.03568556544005819 -0.06946433500628135 0.027865716400424727 0.08119268441880705 0.015487558472384602 0.24506372887103656 0.19155586652334122 0.002591755334414121 0.17523817800007552 0.22213500427519797 0.311356740268778 0.5471124117947572 0.28327144778435287 0.014572289053687322 -0.16002506449281118 0.10041959253970796 0.10039032671731384 0.08468962428527234 -0.05583119281796796 0.14132166436773858 0.3131808724436009 0.7260086222771972 0.7282840855246219 0.1995862638864985 -0.30448202582568124 -0.367366090752026 -0.21853588050064313 -0.1346725101583919 -0.08738353760632528 -0.22958639165320546 -0.3979741427285873 -0.21320177945370442 0.0039805681388269 0.00011514199946099923 0.06242391673628191 0.035236368165683984 -0.2830841632248359 -0.5568320258194435 -0.7945129619670711 -0.4944097750132472 -0.09650449478188747 0.31709453859957193 0.8531599372712245 0.8651548461284171 0.5195031211385193 0.48755270982608634 0.36921335574814274 0.24586871181336145 0.10604664770629503 -0.48133098084360015 -0.489021267769767 -0.3471803382664578 0.31200900085685374 0.24563247539807243 0.3376659016961377 -0.2056874289104716 -0.3422081137273661 -0.1286506260825514 0.1024850817149209 0.12377066548639953 0.05095931964752795 -0.20276870462558821 -0.4344175823846525 -0.4637595021329103 -0.8457664652372466 -1.2124997469623648 -1.1081438243426815 -0.44765875906643965 0.18750453044983406 0.8358297402631957 0.568263221166065 -0.2447441471135368 -0.45100191987463073 0.1063529891816517 0.5735171181749058 -0.1910553216906764 -2.1614759778722634 -3.9263624414547884 -3.6111748477809353 -1.019010939840808 1.7367039975897727 2.826146044318162 2.0377614010549427 -0.09953875662093307 -0.7503234638073074 -0.15982451399777187 0.38980503743280503 0.9557266297040188 -0.6259110704697711 -1.6759520508336883 -1.3710231803000104 1.0523160266120302 3.5735080951144886 4.380776210287332 3.0168946687029057 0.9429560405318957 -0.7710184956047589 -0.7326055886985126 -0.14740251965267626 0.20256361323624436 -0.05354943390459902 -0.12040197247277655 0.3769819455421327 1.0043540224085348 1.6127275151349834 1.3006397542864756 0.7303822685834407 -0.08478732476731538 -0.16169800479623422 0.013652095558093661 0.16358366881938108 0.3545284077621929 0.5115777844605368 0.3442571816058171 1.103397894212057 0.7858308539956865 0.14632463898345255 -0.2883139410870815 -0.5492186652595545 -0.43869153533740657 -0.7040947170016708 -0.6315841488330589 -0.6021462212706514 -0.19038651111077168 0.09220288791384455 -0.11915396625563789 -0.6765892939726386 -1.0257688543016732 -0.9578883447568465 -0.09226673263209784 0.4976352162887997 0.7308275144315195 0.5562213272118386 -0.05784037287255661 -0.04411765437700826 0.04922782545187222 0.31837347992847287 0.7319529883284794 0.5995607569622938 0.4190290090031968 0.22120037163229708 0.22873442776836148 -0.001780066115658542 -0.16527335047603878 -0.33431905564196596 -0.5965122884564547 -0.267323026534912 0.14512017644200087 0.15456054491694793 0.16721778360720252 0.4259933038000748 0.14085377991441936 -0.281503333848562 -0.9270235173830625 -1.211615231721012 -1.0431230380651009 -0.6146579728189794 -0.17614868494759933 -0.11574711799844253 -0.4326326840287848 -0.03367813140626443 0.5597617284118882 0.8161298828983145 -0.6117669327157005 -3.07862265557513 -4.509572126663291 -4.010653250669393 -1.285165435248206 1.4769923636205782 2.293239111323925 1.23497414177332 -0.5075122949430034 -0.5567141037274348 0.6269432729325706 0.9531093772104834 0.14369471106593087 -1.9908367754074041 -2.8668288930780506 -1.3759554382277923 1.60048582379495 3.6360728372340496 3.5303581544671787 1.582694004983547 -0.006172404459038975 -0.8159406006652188 -0.09981663280173236 0.4068571938851095 0.13233952693517886 -0.5398415963713241 -0.95880109858815 -0.47781285873317 0.351788719899437 0.8357035150549551 1.3015615963360236 1.2621230123684921 1.0568380054868842 0.9911729875474786 0.8824367652103287 0.5311667421974893 -0.022216764045848686 -0.2243599011365624 -0.0015881379029551769 0.5101841059578273 0.8210062401508363 0.5474428884049066 -0.11726315705384016 0.05081756842275488 0.042089194820484885 0.12617525975523153 -0.2084688974996216 -0.7077428913391097 -0.4877553956224701 -0.26597160204508036 -0.22046110193984764 -0.45905188831060734 -1.2449932214628188 -1.297646142242155 -0.7887366494675461 -0.18889463744824378 0.39007675989515644 0.6277971883208285 0.9414137424117829 0.96827465404425 0.8113995686822332 0.33092141209574366 -0.23215626584583002 -0.15302161985962948 0.2340818131101874 0.74299929484259 0.6325670450237987 0.533436929665748 0.42459128393973655 0.5209454106538797 0.45630613018066657 0.010166164323948061 -0.8036302216952731 -1.062376370206245 -0.5113046615811537 -0.1234257224320922 -0.01919112578525192 0.0023244546481432865 -0.3296280456110262 -0.15603570808646056 0.09733656786036499 0.09058813560195178 -0.26394711310380364 -0.3999382552219161 -0.21494397634354975 0.0797379375896011 -0.05533757710151659 -0.2075167250183211 -0.2194045178196773 0.06904925684387753 0.12438020206672375 0.2006628263157097 0.1024266481332729 0.08529997465467415 0.08270140914971735 0.12463581853592609 -0.2720973692818731 -0.608503269739283 -0.5698358774899588 -0.5045762167687865 -0.19213388530655967 0.026111727826907214 0.04796919919840387 0.35331791447390826 1.1248825949763006 1.5741793065183844 1.241381791069385 -0.028307438109593554 -1.484069415866467 -1.954301592213552 -1.0826265483821294 0.036595268983540076 0.42728166508178483 -0.3807142990048654 -1.4872067402521563 -1.718375995901252 -0.6981401256419122 0.26000609891527715 0.5213802685306769 -0.5763069610409716 -1.4715072328069898 -1.1761059130459544 -0.2855503532202851 0.8728413170394397 0.5310767362236977 -0.3349556803109092 -0.5205830776710793 0.1997828171850467 0.9302016955424509 1.0347585778463742 -1.2027401169573446 -3.2900559117284827 -4.357659157865544 -3.3480285069469926 -0.9430564165518506 0.271215302365587 0.4576362539696053 -0.42269658669329474 -0.7247711728703166 0.19529107698186074 1.6620651048551285 2.1827992748838736 1.244173083045976 -0.16974746500499077 -1.262336934769639 -1.2905194525272334 -0.7896999973455938 -0.3646142327150837 -0.15084796537446551 -0.1617297083503311 -0.19895140228165528 0.4471427814463195 0.6048420116092378 0.382412993506972 0.16350973987338316 -0.19126475916373256 -0.1652726319835109 -0.06327831163646094 0.37595717268636475 0.9863464575644592 1.2681031629287027 1.437232815867079 1.2865567336725605 1.0584507082891732 0.4025342230465695 0.2224277275998229 -0.0020537440431697 -0.004713384133529359 0.18600012662678883 0.3668972543467771 0.4475068910311823 0.35645243247699665 0.8146990450621563 0.9854181356620767 1.1883231385412585 1.080728726654688 1.0641690857603332 0.8257797052185493 0.4878139594132234 0.049375332449255814 -0.4065608221769168 -0.35996018456017803 -0.18451912348629382 0.31706210896453746 0.6082240752083852 0.39099642688297015 0.11841514619540396 -0.11829244351063767 0.139903448245857 0.1974715650738672 0.6645585233544983 0.7774408842407218 0.4020057094407973 0.13386882702728242 -0.6070641242256579 -0.9529346638494836 -1.0810089780493997 -0.9529137175262977 -0.07661499938558879 0.20200442135282015 0.49469531468823535 -0.01611603325124973 -0.3736759015449245 -0.728706462260971 -0.7256454104868496 -0.3195743781052771 -0.34423621636769186 -0.40667216945621576 -0.9614228783424474 -0.48081764607391486 -0.21575803740007204 0.5032903747099595 0.5774254447313569 -0.03515256664189687 -0.4868526870763396 -0.5492020342145161 -0.05541194984172652 0.32119280456925675 0.052452331979917145 -0.5366152634010455 -1.2085826747956403 -0.8761650251726467 0.19331105764179843 1.0775431582506152 1.26801579636838 0.3182634498164582 -0.5230394000796137 -0.02049913293987858 0.7451903206861258 0.9065315324657841 0.35668522413876536 -0.4665294444552364 -0.4483626146447622 -0.1486476046582168 0.4611409374237392 0.45629645820059095 0.25900354133883197 0.4768096271516482 0.6248439038868361 0.4567136407769196 0.1524141664358193 0.13038932321257757 0.3544694535302284 0.5975310272030839 0.008323583870502079 -0.3200143797112436 -0.2691558424712877 0.5074890199879522 1.5292525554399228 1.378371182819885 0.6770622548003485 -0.13869338805998285 -0.37910922705937755 -0.2215309138819686 -0.4278135986051312 -0.5425888790703577 -0.6878023129186719 -0.21024824692665023 0.05577109302190264 -0.03061743081131019 -0.3670496275519076 -0.42257769429551284 0.10503617965711606 0.1587967284326861 0.26742964378626877 -0.26805689957407763 -1.0409698540341283 -1.1083918947083085 -0.753212588303596 -0.5002592955203751 -0.9540227638010987 -1.1717802413792233 -1.1567568372725612 -0.5989934574666747 -0.2529963647017229 -0.0036707802758608383 0.035772677667852894 0.4726498416962148 0.7034649242013677 0.23614232199499896 -0.4158087543003462 -1.2610100261778 -1.802802001505425 -1.4977191622137118 -0.9197302778807039 -0.44778891486387273 0.16811602247480545 -0.26143601551039264 -0.851187325499166 -1.2313005807175414 -1.2451236776177275 -1.0780030722433183 -1.148113060162063 -0.8145956519773263 -0.5080855361577099 0.3726761330354279 0.6798086749939 0.37455418276776115 -0.2434430971870519 0.44963449176903925 1.2315952256088738 1.2891346757091673 0.017234019383169194 -1.2014907449563068 -1.1734551887839744 0.2527878257175167 1.6777432380509782 1.0916434322003796 -0.5151380204589453 -0.3892213992704507 1.720211626067591 4.45461537123958 5.365961466273143 3.559302853429876 0.37362794982115466 -1.5825560560812093 -1.4603309961093502 -0.02943870853546695 0.14098747126112135 -0.2587836154443428 -0.8454481110421328 -0.671855591241866 -0.029034283520637683 0.377940016587533 0.13304361194560468 -0.3413037730891845 -0.4282869828288523 0.11300986197142554 0.7544544721410799 1.566472535246865 1.3297143009963341 0.48041336701541426 -0.27526622154325486 0.025740963620928897 1.2059961369981889 2.3188029380913706 2.479995501895568 0.8629828734103575 -1.10154594210293 -1.7177429264478796 -1.1068721925643785 -0.2146542345401106 0.3794752086810438 0.37090855213463625 0.32364041149890543 0.8763405643500588 1.1560127414482932 0.7761223066864739 0.06543004362455201 -0.30689494100395315 -0.07546075978290626 0.1538378829363044 0.10377170971143167 -0.26462550869096635 -0.5588432647789969 -0.5127166045755178 -0.09962075555908942 0.14048222436332908 0.4430445020060922 0.100896301758484 0.147563970240132 0.067593544483884 0.11387100185058262 0.1306672698768635 -0.4314235251449022 -0.8004369377861501 -1.1722649750207517 -0.722591986744704 0.09894783830417364 0.8041152453339984 0.6006976816239963 0.2824338079961379 0.1611575693109669 0.48414879226543167 0.9407049911062084 1.6219326065617432 1.8247442539627368 1.3793064805517097 1.2422977584638348 0.6959272866994799 0.17222169836650036 0.342424236395488 0.637268989667525 0.972544191623346 1.0517902162527264 0.31194803927843195 0.1250223322112081 -0.09203927904999526 0.049837757619448586 0.4163162921644932 0.5361967392327754 0.0824476453332946 -0.6992268950256523 -0.7009587173719085 0.0582829881822057 0.8603096297095117 1.2197818806795422 0.7022949287013777 0.09779442205048322 0.36448281030729646 0.8874804348480089 0.968369751404829 -0.02568755297657492 -2.261074683541132 -4.412875956509763 -4.825147804153405 -3.43011332675017 -1.3492511574370532 -0.08318740637598089 -0.05830082792706442 -0.47447423593443755 0.007216917455739802 1.2771476638840213 2.174558878053224 2.0356571136346546 0.5779556946170662 -0.9764492389620153 -1.2802620319753946 -0.7189795177033689 -0.2026417948916021 -0.4195503656443868 -1.0794200176198392 -0.7835264915292625 0.16582677538825996 1.1863181570916597 1.1940532783531126 0.17680211536237853 -0.9148214914798045 -1.350683063625916 -0.5043935052427684 0.9810458832154206 1.6238086394024447 1.6614331858980211 0.8971586286883919 0.5143332863946871 0.5063939595150627 0.6198266704069589 0.277277045349684 0.0032553862825461357 0.15208629743071858 0.0007245347511015299 0.15409271258676252 -0.3669286754483357 -0.6801919560377195 -0.5569732032607039 -0.09356518564325159 0.17608014888812992 0.2837967467623794 -0.09888662858043516 -0.5670446462846732 -0.7055547550811889 -0.4580756794312208 -0.0862539891441207 0.2426089743469766 0.24581810554190323 0.29273836056915886 0.5414320834965568 0.6023114318427859 0.199448038282796 0.003533902400798502 0.07813648259853809 0.6703819414309613 1.2822712915378756 1.5604111423166611 0.983626301740366 0.08867462214813798 -0.5413723875220933 -0.3903303366451977 0.18409451532498008 0.8668940586625378 0.4533178842016298 -0.010716080879836349 -0.2575936778224528 -0.03742439308454164 0.5603731395193432 0.9352254345060577 0.9486571456081662 0.5450780197382015 0.09160344439921131 -0.5518441688447129 -0.8880698126501892 -0.6883082177840321 -0.17541751060777497 0.15864682228190596 0.13238541574749668 -0.06991947006481014 -0.45227840121200774 -0.5461216039990056 -0.2162818248778223 0.5805405392755342 0.5392112983552112 0.10358029598504181 -1.0481575988024892 -1.473052024063249 -1.2757193014653487 -0.47281947832876486 0.20094595088667183 0.18293250706266445 -0.08857092495925489 -0.6344458888101647 -0.5273052485813181 -0.38923977061126114 -0.2384742565873933 -0.11058688390898865 0.15809310313781338 0.6045122770505309 0.8181013592373058 0.682611739912176 0.13154507223008668 -0.2893022478429208 -0.253118053158636 0.46693352058719356 0.8235833722677445 0.7826668786947175 0.5030569315133595 0.021767955536150938 0.13178713453791233 0.15525236916552906 0.06033023318266946 -0.4654484072393445 -0.37661652767158466 -0.27283810254261187 -0.2316695719602378 -0.9901346814367976 -1.558657525048189 -1.7704092832172857 -0.9024513729551309 0.4121164432459058 1.2730669380628512 0.9384605742297178 -0.2955042054871863 -1.3320118925475621 -0.9339700973383711 -0.07859168274435238 0.967801268129363 0.9716817685266822 0.6625316228285721 0.2904613813732658 0.8801427790950591 1.3671568375362804 0.9854748157782068 -0.46605831474756015 -1.5904096571665551 -1.8873364788591007 -0.5319038612446713 0.4582377903531054 0.2840319167865239 -0.7016694617925988 -0.4597206442996116 1.5547664555166743 3.9459467054364974 5.076262817864476 4.002716287566612 1.5788629006474215 -0.25236409986115527 -1.333885500795473 -1.3825759417050976 -1.0972450301328844 -1.1061238792507746 -0.9889950407794982 -0.6352323676206247 -0.41771516683200494 -0.2475802329969976 0.08821976976743179 0.24730655059867918 0.25137714131000705 0.027074596270862977 -0.036862250221382724 0.07749737302876708 0.342197667307517 0.8644515451407006 0.5136348668707226 -0.6958043663664513 -1.2392089252908849 -1.1040677781323527 0.20611337079056155 0.5818702477186698 0.2858386373360293 -0.7918145171484245 -1.6694011660006416 -1.6296935584766712 -1.0025004070965158 -0.72590470112486 -1.0331198257988343 -0.7552761476791462 -0.24131589887724225 0.07484597210523516 0.11494285482444272 -0.28260055033814097 -0.013768046670249633 0.6026716385844992 0.9480677957051634 0.5295156395437236 -0.12773650151480773 -0.5635440901497523 -0.09293359726153647 0.3096137236513621 0.5156584337427117 -0.35961890857545775 -1.1633108635470601 -0.5714465627491225 0.411802858442083 1.1713565073060828 0.9478874302985895 0.0380515844553395 -0.39682772136160555 -0.14586901781762845 0.4996692902811203 0.5960711355385093 0.698413176836873 0.6606559433622637 0.2077033967567313 0.3590032188929253 0.696219432669169 1.280620276241993 1.1101538971873253 -0.4758647903719281 -2.814338933115096 -4.5502842604070395 -4.718640257115828 -3.1201602132265265 -0.7957549060289669 0.4012335721424565 0.5986869376969359 0.10420881990902113 -0.2930287938031659 0.23797254189709208 1.087017573580481 1.4934404107045662 0.7162118262500102 -0.4637600669625884 -1.339652196015043 -1.5166811219860425 -0.9238996440571078 -0.5471873153189283 -0.20510463982952407 -0.3098667634298329 -0.46282927240514476 -0.40044838933321175 -0.1533410543109138 0.02569017034086774 0.0030817307962315047 0.12234393733088758 0.38579309875832657 0.7526031570243855 0.689182727779769 0.2793548307759589 0.025121662738194366 -0.34900887032401656 0.13863872164636054 0.9376816234672729 1.2643469469881936 1.408810267915951 0.9639134484705165 0.0825934634586681 -0.630006354858603 -1.2501936272291132 -1.316768207668061 -0.996078948996509 -0.3749701847065265 0.0438738435956404 0.1807092770354825 -0.11376442466816972 -0.08999325897383642 0.06735401172044563 0.5372436081721097 1.073777217233567 1.1678590911238134 0.7219402505353228 0.22979133081270248 -0.21001366620628928 -0.02121900970304076 0.28486789506889426 0.06477773826733994 -0.13848028482240476 -0.40018729494190247 -0.42578367608647655 -0.17522519753748161 0.3263087279649682 0.6089239233435784 0.3188967730207447 0.18073651433139076 0.117998207214288 0.620915720841583 0.677531661892535 0.3074076787499105 -0.5198923158564258 -1.1670772036617696 -0.8393273182270831 0.42663989187771517 1.6164281375752134 1.9718164324481153 1.1636782088997035 0.0793231342390682 -0.8010717663087105 -0.7692649072068772 -0.13832869277985146 0.29939836962562194 0.3297361605222281 -0.6186291859192995 -1.4465445458948905 -1.4866398380758115 -0.6027157488781246 0.5110357133372652 0.870906990203578 0.48332646065423424 -0.4118875920067636 -1.003833504839636 -0.6367827775018864 0.11543419968239549 0.3095937600427696 0.3644300074989445 0.041267844392003254 -0.17854544663516675 0.10139275120723072 0.08344802919897235 0.10085616275498137 -0.22775904092536106 -0.3424880488997054 -0.2514251512818854 -0.30385731931968263 -0.3113224525420303 -0.4615583163456333 -0.6123073357232235 -0.3316056631154864 0.25475322778171466 0.7729280914733138 1.0067689759940615 0.4028804223944971 -0.0537875887549585 -0.03225764610826356 0.5532597346707221 0.8491854048792582 0.6300343871610629 0.09526672205540439 -1.1287565554690788 -1.1400289121826168 -0.6537047267643213 0.12797586532138866 0.024621557151619223 -0.3367196285381651 -0.8429445604415703 -0.88230598031836 -0.31685888260855805 0.18552041903627559 0.380051308141706 0.3655945541824582 0.36809418760819185 0.3901859743045648 0.5023560646672899 0.4821956012042455 0.0862814360518791 0.023480469340211613 -0.05287850810220708 0.04432247743090667 0.07307871373653785 -0.1076662243870472 -0.3678137426457824 -0.2972362129040423 0.10782889394129061 0.3206770586041686 0.7975448599032807 0.2851547107240846 -0.572146301254647 -0.9054870070582767 -0.48485229038424554 0.5277700471580893 1.5895813927502624 1.4649163520859345 0.48580211361718256 -0.6075667423794635 -0.5269763396171298 0.39631152126440355 1.1116738770877839 1.1179039548274727 0.14616796835980628 -0.9728798251079893 -1.8052241449311583 -1.4164332283071892 -0.4910864049430545 0.8195803975682788 1.09633508108001 0.6320044954349647 -0.23282729083499568 -0.7008546647345518 -0.6680959805939866 -0.4022241919230642 -0.258969394008337 -0.45119680617213515 -0.6667664530440168 -0.2868047446214429 0.13362039720607805 0.7391777652415045 0.33604157703637416 -0.21078552534100164 -0.3075382330624818 -0.22880591511748738 0.2080779320004378 1.0509869226578237 0.46162428753131834 -0.98736436610302 -1.6868140123103208 -1.4843170390295195 -1.1039665448525133 -0.6350353061302466 -0.6193514112037639 -0.3513031184332805 0.16895164704698845 0.7045516525430853 0.4144720676931217 0.26357319248180366 0.2196291238457519 0.6432420321643172 0.6888050910143274 0.05199755564276978 -0.7177305870600955 -0.8794185130531964 -0.6085159879334919 0.04417179438573673 0.2290706281482419 -0.05273728218119098 -0.22041776413677505 -0.3041289841847203 0.07822203919620369 0.2678786424840814 0.5177266513610977 0.46915713993656366 0.4166018419051076 0.2576966008055323 -0.010415694906839973 -0.058677374537250936 -0.07461665678695442 0.1767001791736338 0.5519121601552058 0.8377540646180125 0.9119264492238759 0.7854622634883118 0.28463131362035926 -0.5296865684866642 -1.6082217632811178 -2.0591290043466564 -1.4564751329895618 -0.28592432899075465 0.5879280947663855 0.12915082985784523 -0.760514850939428 -1.1930434427702221 0.4668308070818553 2.9861712586684077 5.113997248447719 5.218139308521147 3.8473794040149834 1.53791780228186 -0.22184175049094526 -0.6433534499400693 -0.6289320662582261 -0.23810626959978068 -0.03232953127551947 0.1437672476889027 -0.06855353395382148 0.04143019978428489 -0.07225236943065151 0.15995592164265285 -0.23268548143757245 -0.047860189661398767 -0.29972914683572194 -0.22721347227865485 -0.42319752670264293 -0.6164600071490941 -0.6582776649509269 -0.5402846556870704 -0.15742806058346157 0.08707468577428569 0.21629282367835698 0.11817534940202631 0.014042940804450225 -0.09064468864043083 0.3485793977592527 0.7121440151570227 0.9008708673750981 0.06090996596553866 -1.0607078025519379 -1.8822140153257667 -1.966630860443896 -1.0652667876480313 0.030050559242047067 0.9352895277022649 1.0755625099232902 1.2346157253415007 1.1643987429902176 1.0266683977292435 0.9672873512945265 0.5667513630845576 0.011320563802657566 -0.043899971640587176 -0.007410924326839438 0.4290239246681496 0.18569859960737362 0.15196424659954857 0.16696407259830615 0.3867265501965682 0.4829712496508604 0.3900230672532944 -0.18125930265172183 -0.317544275993987 -0.43141459339497323 -0.16006198845508918 0.09899157057155891 0.11577119459613087 0.14598999847555844 0.3039676612620985 0.3772471619147643 0.5377416403440064 0.10770259415379566 -0.4694872773706844 -0.4545920099907337 -0.008138380622164921 0.5678384107252671 0.41199605612563983 0.28242752631392015 -0.7209875807138221 -0.9660606114273826 -0.8721539935626665 0.11568546110706208 0.7517439503773222 0.6960254116072083 0.39358683152371393 -0.026197271994252203 0.08626385627918383 0.33728330157534375 0.4114155419674464 0.21228099744179296 0.23301670451567724 0.9934989449812565 1.658303148317009 1.4389169940572493 0.9952776415810882 0.04876860949855839 -0.3473927915609803 0.2576396733219297 1.3176471953051112 1.829393289225259 1.1271271869190647 -0.19220020683848507 -1.0721563547254238 -0.5989215139168967 0.6216518330563456 1.0856448454355443 0.5909196894956065 -0.24970803046287984 -0.6188558408515386 -0.42038606736740947 0.07776413943156091 0.3287793245299718 -0.1616535288732604 -1.1501479845349798 -1.2451873858076707 -1.1217276639311389 -0.5386997749669113 -0.6446531311074676 -0.7965675359479935 -0.742340196335999 0.03209970102360363 1.1554071457531214 0.8809623233154875 -0.5929295430066259 -2.992644121302154 -4.385571850044971 -4.308771755105237 -2.086563526386717 -0.09415602137333368 0.7360751829781592 0.4214150019161304 -0.5186085465153489 -0.6593358882624474 0.22229327434381568 0.5495523945650324 0.16963227217067225 -1.173103560968708 -2.492937513706845 -2.9079374308001276 -1.8125762661454516 -0.350014124632384 0.5915233413738418 0.44795459302371077 0.0511628766337924 -0.48929692406818415 -0.2755326570404784 -0.19331778799540716 0.046903599675697516 0.16076800003247207 -0.3752272352272786 -0.07816120986620467 0.32515187681759267 0.4505090654016074 0.28489537492586353 -0.2718867946320171 -0.40471562567209335 0.5578750075183829 1.8446928391727127 2.4492440239201883 2.5687356100383103 1.5189075180578364 0.054777135776728894 -0.35574592647601694 -0.0328565784792551 0.6462714899019838 0.3921646373341292 -0.391439385411024 -1.0283081929338493 -0.40789014764080533 2.075454034872323 4.453837269090139 4.574293862704131 3.1455512935505547 0.47278104070638144 -1.3410671145083537 -1.0950696495911756 -0.20134707544969002 0.6465626881315517 0.7621278834253427 0.6723010073548724 1.033944694274719 1.4778341268311068 1.3203854498245107 0.8270889046168572 0.08947603243806132 0.05741014498118023 0.3900957401446429 0.4954108003371047 0.5894481813943627 0.21142105556424176 -0.45676690166133627 -0.993814136800659 -0.6256218640934339 -0.036104985357724065 0.5745693930327195 0.34884368533441523 -0.6268684137588613 -1.7146679507452969 -1.7491889039397166 -0.6673972452483603 0.4557871131362947 0.136538407670507 -1.1944818347670858 -2.007786028312439 -1.6130549170741693 -0.44505436275562055 0.07757258141464592 -0.4467090510598088 -0.751764439338198 -0.4900065178223912 0.4470070367801996 0.8462769085749531 0.4076504161259418 -0.4254967328363758 -0.6735891458527712 0.11003791329351903 1.0265002600433277 0.810841693313414 0.07118175260462577 -0.5462953087910231 -0.24050921587577545 0.2907378361108414 0.3858726019245792 -0.08618259968581277 -0.5199563130471717 -0.6010117981411924 -0.6263582166250309 -0.5805747196051227 -0.697442227763615 -0.49255696387186426 0.10099745158599072 0.6646332509717883 0.2233110080624625 0.12072824549071264 -0.15885983809348175 0.09640234708018994 0.13990888381867206 0.2100624158857133 -0.02054078438841623 0.034486605865582394 0.4132304230130001 0.5961079056921093 0.06987062414794261 -0.26351969166658346 -0.29665076982255423 0.061343556546855985 0.26669083483782074 -0.35903525706352085 -1.2218303526300358 -1.7121268306341757 -1.6232983613949212 -1.2451181936762712 -0.8390036391442574 -0.4395385179002018 0.5670554753201165 1.7705454937531462 2.0281029668159385 1.1337047283289856 -0.253906162077308 -1.2295284043320251 -0.9738535454594583 -0.011999381111205288 0.28340986046913763 0.2150923270653247 -0.2060553700865266 -0.12766224213236424 0.11950041818540058 0.8840168482151547 0.9177495887796274 0.8266152448642833 0.5789740708176528 0.867676620414179 0.8476865464926538 0.4647901481257338 -0.16995877930966866 -0.20041514685550066 0.07826321362037236 0.1205114049674848 0.054923468760808176 0.3459672278293098 0.30420573591482636 -0.21235001846903664 -0.7169552486363574 -1.2401047146805224 -0.5543458639941852 0.2722932297191899 0.7176811346430899 0.503717799727002 0.07726290795198909 -0.44340473941240965 0.10169666560222382 1.1893674022778804 1.5822653946998293 1.2406084413414435 0.20045959921890794 -0.6039223870563538 -0.4641283950259981 0.3062604272683328 1.101274378250346 0.9917398877051175 0.2498278538876261 -0.5645212453544095 -0.44009651518037124 0.26768223860869084 0.9491653492383725 0.8624854029993074 0.48663152139417354 -0.11273416831089099 0.09813251525847692 0.7198797925172177 1.3493480994621891 1.5184232843969012 0.8247722862263296 0.1557766305937559 -0.21352783807434195 0.003456453074775767 0.44338232768059366 0.611548436955503 0.7011926113425188 0.23231744642469854 -0.34329805226446153 -0.543009461636315 -0.7996331620297847 -0.2151925201758163 0.07011887291712098 0.050784366589726467 -0.15206425723167089 -0.5196698223968079 -0.6420263476237823 -0.03446097540305156 -0.002603891239410758 -0.04439044010139083 -0.6889260907739573 -0.9182005095143633 -0.5868649027121011 0.4086406125383362 1.1872269620315048 1.0472146836225258 0.47631442104860233 0.06977806764888961 -0.22963754650558066 -0.05543481844325793 0.1279894771457048 -0.32568901494578784 -0.69611122545382 -0.844814214274942 -0.840812109396292 -0.28187678107423375 0.12316476029527036 0.518534089291025 0.5869501516219805 1.0151061162783765 1.166946619904219 0.9903644582663986 0.47876891712947944 0.20383544310173818 0.37438366097568154 0.8552538966315617 0.5449294547669163 -0.3595497190239563 -1.6008774812484816 -2.1358813807980948 -1.4344469941683295 -0.10601376291974787 0.9912408557389761 1.2064217196850955 1.1988205212745422 0.8482583251756581 0.7268591024943858 -0.3130756273111834 -1.4463610020846283 -2.658063398240867 -2.67834950481256 -1.2576119574443603 0.38374699045771626 1.0933320736607695 0.3064838136092789 -0.27028719707892807 0.09925613783501137 1.318938632719974 1.766160486782756 1.0027662931890098 -1.6541893007816184 -4.065504319679518 -4.129519190871108 -2.119873677114401 0.5073082248196626 2.4337324827328928 1.8175767176056032 0.04630295784525585 -0.7762727144901431 -0.32886025085414966 0.288690870121212 0.45718779387017905 -0.048828485501230263 -0.680379261497732 -0.5448118487484371 -0.6896054069898293 -0.4996590281121967 -0.15125493465336107 0.0732588916554598 0.1744842689348295 0.7560103467101115 0.6615315848901124 -0.009357205611645844 -0.19216226024937338 -0.276331149271169 -0.10310789881939507 0.1660584034102357 0.01745472643624334 0.19262186956338356 0.15264276103595906 0.7204851047091679 0.765097984401296 0.16798110057856683 -0.20403665140905775 -0.25428095299491865 0.13422803560854624 0.2406841490865452 -0.3092670237794291 -1.604561965295559 -2.0364996659947945 -0.41126896554393844 2.1319859828246734 4.592829351615675 4.003491486112734 1.6124344433073647 -1.1104735808799726 -2.051497873317355 -0.6071967516068484 0.4084200712492717 0.6358093260437719 -0.4229182687897485 -0.4884526584461593 -0.1621858170404152 1.3135523161324687 2.1769030506609637 2.348523101423449 1.785843420380605 0.24496492273949833 -0.15654496060012216 -0.9862169819026103 -1.6542981952703173 -1.674768004877663 -0.7595581144128066 -0.07160474754933134 1.4334973599778358 1.6832098868172725 1.996453677087831 1.1164243858563736 -0.447941823394735 -0.9131894480829833 -0.5775273204045585 -0.25953836757265203 0.07016335457563912 -0.4327986763728613 -0.7176724614291948 -0.7165111374089498 -0.5154198962361923 -0.02144173937652465 -0.11602920403737456 0.0784828565119419 0.643930717795044 1.0515719888756716 1.1488684703404521 0.8370066090057958 -0.15877932376237108 -0.5364338335282899 -0.2680750065125663 0.1451226784054607 -0.8003731813467494 -1.5152690499020107 -1.3344717512734767 -0.0821594288906373 1.0738194879998257 1.097210745764339 0.29050314064431265 -0.3224664574085988 -0.3430379971353145 0.7597491655305044 1.1316963184208575 0.9989643681931408 0.44177088881950094 0.17611901968205027 0.32038847744341625 0.7373293625384402 0.7948869084693132 0.6444098950797131 0.7727261750584157 0.3167617229020101 -0.28142134625973486 -0.7270101661639511 -0.9275750501571048 -0.263753162400638 0.06796231579176241 -0.11586135410912547 -1.0618178693405873 -1.7140266452897037 -1.758687941000322 -0.549970260608348 0.12369941820290281 -0.056331965842167375 -0.5823119449408702 -1.077618623330672 -0.5399197755326366 0.08506030326430057 0.7810441760250794 0.5167151454567924 -0.11224298020388135 -0.596906653702593 -0.6552963320734454 -0.2291300708387343 0.5798321273507991 0.9348064151337309 0.1557553115706034 -0.8689535777065321 -1.4076402898776332 -1.0399661472376034 -0.39177538762378195 0.2908105366196693 0.2161158421556029 -0.5559298608567791 -0.6380709141608377 -0.49622560882793765 0.39987302779597395 0.7160024918789012 0.2563665626674507 0.08239238867203363 -0.5625071721021986 -0.5680723699214264 0.08033753123511758 0.14958215792489557 0.04730133451075227 0.7273777413473317 -0.1017371533841509 -2.6239966225853566 -4.532027150523786 -3.705086139609775 -0.7436881634970495 1.6973564358356492 2.9548180828489228 1.6871818091949755 -0.6802622457942052 -1.2305363969020067 -0.5825086570084289 0.39870518159248647 0.9558506610879595 0.8138890283419025 0.03688871339764979 0.1144190829951988 0.280001358162091 0.6341666587628338 0.6106853627993749 -0.3462216372682906 -0.5608719161850327 -1.0315232756165122 -0.7164947501611684 -0.37185310347621064 -0.037015366924970844 1.0366463456551407 0.9877468528277422 0.9703138374848723 0.19598661375501272 -0.4265840725987018 -0.6475157174774355 -0.45253690369863847 0.4166172474211681 0.8850788059013435 0.8761779446039318 0.5651595907784555 0.2986424972119112 0.012073535947769179 -0.14013606484457128 -0.3650616424241945 -0.04845704011011526 -0.18240460826496335 -0.24840033215615928 -0.178039416056897 -0.5252752866200512 -0.3614199101439609 0.03413824213900062 0.14638733469326876 -0.01286876165287181 -0.18507490166096463 -0.5489459308908706 -0.5446598562272104 -0.5627880056351688 0.14033613622015484 -0.02102875616754343 -0.18040271209444758 -0.3093547189677599 0.2251303356183067 0.35207539553886247 0.9641032876150831 0.1137343834690099 -0.6490740683993327 -1.0332056966899605 -0.39792006847033845 -0.042089795917922376 0.336607313540602 -0.4190540825753582 -0.7837411311282364 -0.706690546253179 0.5782549241732974 1.5864102790298453 1.82733613645465 0.9496296929464746 0.3016437521218056 -0.2669863433746092 -0.40341825628243655 -0.5706327032780202 -0.7309963816236468 -0.838867910541786 -0.7258828347750529 0.22955912183367522 0.31368497836198306 0.8734708616280105 -0.08902846538829212 -0.6729871798666153 -0.6037976573638223 -0.32379397404174665 0.268517990764251 0.04405327326328322 -0.29847864188296563 -0.11266676055685268 0.1899380985266469 0.8099227246416728 0.29884605492756466 0.4883771787746753 0.05802583374567257 0.1299118615640925 0.30115948925174846 0.0008245616867811458 -0.32833426323916387 -0.42246598765901355 -0.08516985814512355 -0.07210812932787816 -0.014983647840002012 -0.4749604585687235 -0.06676864572236763 0.4641381622742211 1.345428583156684 2.0344062692891094 1.5619866394739357 1.1161650208627374 0.3508774177557288 1.2461665352447422 1.9359566093691785 2.0708905588146465 1.4738469301865416 0.06218624876089244 -0.34825533452100127 0.10628069194343585 0.7233066306969582 0.4401511762193433 0.01219511779775724 -1.2558976383571199 -1.6964462983256408 -1.4482668676140489 -0.6727080915615413 0.1842711076491686 0.9838485333718723 1.5674495316295463 1.5952679686921138 0.9540242603710479 -0.23242683112842893 -0.6707472197108428 -0.7274664527934975 -0.18242248467797 0.3543423061318724 0.051745263860999216 -1.3794937939966934 -2.412512557338637 -2.4642032597749624 -1.5996653672066585 -0.6670487822299497 -0.4446770976741073 -1.1982211166879315 -1.7665394759223163 -0.7798782823925322 0.16459747400758726 0.6949912372712762 0.23194546408547126 -0.04111952974187819 -0.048711075947189625 0.5310788004654893 0.8394428409918796 0.4575780460260749 0.18256132076602155 -0.14102269991652736 -0.22860935412015634 -0.4866329006719816 -0.9317014237181203 -0.7764521886444528 -0.5651332358189104 0.13339042071502966 0.2182456855664511 0.13352757610403074 -0.3500599934063651 -0.22197981415064458 0.6273681165592582 1.1866088651148674 0.9192471113066091 -0.04596176988515779 -0.39608335569326975 -0.42434327878728956 -0.040628451734391564 0.7488139353764662 1.0310435398179607 0.9592711311133149 0.9317913466301386 0.5363700476887301 0.5611471912429463 -0.1401763414430275 -0.48696918607691847 -1.4026317129188897 -1.6263213429631078 -0.7248063702153321 0.4762012697694595 1.0536867577586166 0.9788048836964545 0.018604704315182703 -0.39161241827548365 0.1703179605704167 1.6334835196279647 1.4560825530832897 -0.26356687662372597 -1.3664251279227668 -0.7402519075921102 0.042935631358237095 0.07701462200060903 -0.5110518069686206 -1.1040370734399318 -0.33467403698984255 1.2372262400020253 2.072998387603258 1.11426514609466 -0.21338599997061788 -0.5755146630092411 0.22505506983465146 0.6564203804763683 0.17862183023869402 -0.061003094791239436 0.8657113283977853 1.2366583569787126 1.315723270074795 0.32558528198714787 -0.3457571433413349 -0.22624997605405262 0.23039005186884665 0.46319867189820674 -0.3774990692029314 -0.9225351945265916 -0.663464925237555 0.2173976313988349 1.1323766471434085 0.3895627818401613 -0.5656745806751134 -1.0183622902722542 -0.8388940325054292 -0.5978536689753566 -0.6953304231676554 -0.5586666313810242 0.22757526179723198 1.0969032588521965 1.024285401681694 0.6916896948781456 -0.5549159365039571 -0.6893897140811056 0.11991965531264863 0.7445944012888835 0.5142878229763571 -0.24679566121092275 -1.2127418448369758 -0.8001499430647225 -0.6070831292196717 0.4901181614815872 1.0914694331869546 0.9387997887360078 -0.5783753890748813 -2.3990728051367256 -1.8172067456363312 0.9433522987572414 3.4653071610481634 5.232653435093791 2.9106430162193186 -0.10391490480866913 -0.8815201980509986 0.11756095441209188 0.0611559751434299 0.05569478230486914 -0.15998622952405103 -0.1924302579391172 4.465758658803772e-05 0.05165325464207249 0.07027873199714484 -0.08662919694110312 -0.15685530379536114 -0.19087976568718712 -0.14493552072884064 -0.10370423448854868 0.3260375027497517 -0.10192612551092295 -0.5816945483567412 -0.4725950060744608 -0.533322692066685 -0.138287423092331 0.0018010111742777003 -0.20767809554773642 -0.3332690328404063 -0.047281841709542194 0.44297206340789286 1.260850756968404 0.29973590071047806 -0.16143771240365093 -0.6273449988943701 -0.6070581961075925 0.6645549649215151 1.068752829188833 0.5788201254341969 -0.41798481124441655 -1.0786747390106022 -0.8596025879889826 -0.05973899694521095 0.8765580369779349 0.8219114632908822 0.05119179687957741 -0.41659883127915187 -0.008196312070317792 0.6530260961007025 1.126886692022342 0.466263019805956 -0.024190897406487725 -0.09067025285769034 0.15539558338673062 0.4413328937776454 0.0750474476412516 -0.6123356093102367 -0.5597209927257761 -0.4532152914096632 0.44758008872413413 0.8883637347567332 0.27584230135893456 -0.02842131185120281 0.008842593285960886 0.6694198085087245 0.9301103578493345 1.0878205252472681 0.5965245871890736 0.1821680955247084 -0.14491058087144085 0.71960151383619 0.5180911459622456 -0.17064368891004256 -0.8903059782311004 -1.139207184014392 -0.4613863389171474 0.5933867830076641 1.3592621051431708 1.4926441823116339 1.1310067757505406 0.3462423213274018 -0.13210957234496054 -0.04692360674192631 0.09743320308204617 0.8216600275320947 0.8392883089966732 -0.06700254580452095 -0.6108335823846627 -1.5224381132815394 -1.799489532132927 -0.9301979532487721 0.3398956656379106 0.42145524295163894 -0.2912817873240043 -1.4721923241702202 -1.7842950152451853 -1.1700199810693412 -0.19134556751939272 0.837621074181528 0.8384005771863916 0.014283956129777741 -0.44543660369824484 -0.5271593091520672 -1.2338212653789318 -0.6160267416495105 -0.043494026672031554 0.3791956687327558 1.1092121852950687 0.37677740785850733 -0.7509323015518449 -2.1548598928437794 -1.8966558994639313 -0.4980462928416399 0.5036357728451963 1.0334240025165693 -0.5465509682593631 -1.6462593229014661 -0.5096433408896615 1.5785879536686813 4.381463784159027 4.475984298940429 2.1781664088524337 -0.07920556998015321 -0.2821754693124258 0.8285532770485639 2.120626694436699 1.0866913759138586 -0.7311715814776213 -1.965557872678654 -1.2511015508434271 0.09814497250412489 1.2239642894934577 0.5870808856446398 -0.771300366510502 -1.078039142629132 -0.005875839739729573 1.2650990364520849 0.7828371331495714 -0.12245280211368753 -0.5837962989445729 0.1428953437866733 1.796543811854861 2.5980936901781417 1.1918041607722711 -0.8283628962883074 -1.9449435856508706 -0.7156854807830827 0.6889417601799567 0.03510692584047314 -2.199346486641832 -4.355383103972026 -4.599972457383846 -2.093146940114167 0.5406660677172318 1.1626161184357346 0.08868929618591903 -1.042659958299031 -0.6037579226441752 0.7400083475440721 2.1393790634004537 1.7749801759722954 0.7277233715570707 -0.36840149996956195 -0.6169572750688161 -0.3441699316532496 0.20792408203411894 0.9706844506994968 1.2479896736815004 1.0059916768260984 0.610583030290037 -0.07319236203056252 -0.4079944551513805 -0.15198949169564893 1.1757409886647994 1.6601906557438864 1.6726434332263966 1.154838253565147 0.3772177039002126 -0.3513809573695764 -0.4334560626545291 0.7478300588364032 1.9244750284642076 2.18910291064209 0.8916023951023255 -0.6226889002246437 -1.4364060246153474 -0.9083541345568624 -0.026952025699556185 0.7976492420339524 0.09830669171498974 -0.24512578216122594 -0.5776362530760772 -1.0940736087848453 -0.7962236410919186 -0.6727039155948161 0.44320211391449954 1.2780730798181519 1.9613850942792967 1.2066622507297473 -0.4365008997937384 -0.5111947916780866 -0.43111937330314376 0.11753449474509384 -0.514967848488639 -1.5717809421076114 -1.1339646525348666 0.13248017704326878 1.0003661696366413 0.4245775528252946 -1.0893509096258227 -1.815373679901529 -0.8775613950724417 0.5423512503013781 1.0078525457923377 1.0041199369492013 0.007459732165847293 0.14750905465278336 0.6398423352350142 -0.026909601798498665 -0.7040416867138568 -1.2013458940429464 -0.4712964650584008 0.3655693586407437 0.9574425002765105 0.8776345585307401 0.03208268611148489 -0.5968238512536111 -0.7687341094532625 0.010425913307140603 0.46159061170476196 0.9818391277490203 0.9785825666343418 0.1332756292280794 -0.6558864078796104 -0.7266084823026823 -0.3540979027907045 0.34476678124984533 0.17315404607404652 -0.5880484120209153 -0.9647422765722631 -0.6251298957737991 0.4832316838952249 1.0567233725555387 0.624043187841957 -0.3927991931533701 -0.22996007117633066 0.4391746016994418 0.8975662819697121 0.7810235843139066 0.15796696915314787 -0.11073222106106251 -0.15388096692872966 0.29389490371775095 0.034012880252013475 -0.26486213658040925 -0.5205612346013231 0.015766694380436805 0.3621119111993905 0.2962324285255548 0.045284557084725924 -0.21402842654773258 0.1988204098087274 -0.01215630888430386 0.15671651364826558 0.07387598032686071 0.3320340907297345 0.44979186522652603 0.40575760935788274 -0.36234930884404365 -0.5535251207134868 -0.7584632562017642 -0.6545880120260009 -0.4710162750024162 0.3625629349836793 0.7153634009168081 0.47396505091144925 -0.032920554579932856 -0.29730923299675194 -0.13167479519555808 0.8083076669830014 0.5392849281457227 -0.1360408420508059 -0.5832890172023908 -0.3490062115796009 0.3664486502326616 1.221322895525198 1.412445600928147 0.7869852054481198 -0.4948848303391575 -0.7745865463113478 -0.3720605935426958 0.0785223783190638 -0.08579817217542689 -0.5874137507396905 -0.028525070092224394 1.1740450425088047 2.1147588965677313 1.8938302734077002 0.4340184213742866 -0.660174442934738 -0.7048028136402812 0.030113040009247506 1.1660337030879002 0.7458263908581522 -0.5759419308877516 -1.8516642694302536 -1.6513338709909466 -0.4489415821692313 1.0551767384513697 0.27954157730706797 -0.32797735897258373 -1.0932727692554014 -0.7424409197038612 -0.5610453310978207 -0.31504542934344504 -1.0525443264865022 -1.717869200982252 -1.2016872320855625 0.8585428375269203 1.606003660740123 0.9769778001785442 -0.45236635968606276 -1.7021793604020414 -1.783956345417402 -0.4404139746318367 0.7206481495287737 -0.38754297620966166 -2.2757972942271176 -4.088041056351219 -3.6627852164356507 -1.8043802317842201 0.9906414163790239 2.306234609908617 2.156733883507692 1.4325910689589993 0.5871767163670882 0.17488080011670765 0.8000329368913016 1.16243555671318 0.8387410583617675 -0.16977239602376937 -0.5141205558520708 -1.3717589363553797 -1.078608332216351 -0.011572165340939957 0.473160118904544 0.9458724069767588 0.3960964533748794 0.38890867243628324 0.03781997162540925 0.9722381917016332 1.2132270054741647 1.027692597113255 0.9862200377300773 0.14716134621104066 0.20586670732642728 0.9888583196597506 1.0511403871226241 0.9673474748558908 0.4789254838935263 0.10012980409149753 -0.11085650254575263 0.7073713277094225 1.0599753846014734 0.726363424351693 0.048062319563805946 -0.058086238903505845 -0.06755871190720009 0.29262490563101096 0.12693855766224205 -0.004522064964097371 -0.10733201194972967 0.6806049667758612 1.2308027132940502 1.0160852993260079 0.973781970135068 -0.04164831999890134 -0.49037690932189754 0.3382560322759089 0.8643811436079032 0.7614368684875875 0.40441148393948523 0.4356619864627701 -0.15288541908689204 0.058845886424898616 0.021356554072536216 -0.059082901013210856 -0.24103317919547096 -0.31540499847931625 -0.5906954629913411 -0.3469122229196032 -0.14961541271625498 0.45716242036864035 0.2122796881497852 -0.1957741683039201 -0.16167836621658227 -0.029245799398946892 0.7061621682285142 0.42986127517982187 -0.3054186322187206 -0.910802063564211 -1.5578648901463343 -1.2259408672025451 -0.48507137636128395 -0.13424745602524096 0.6096430524253612 0.8223993268669512 0.00829590453194137 -0.6582144126363823 -1.2243099108691649 -0.9082799574764395 -0.1772794759782032 0.6771247583988516 0.9578914365511347 0.793516084911103 0.10361333306414726 -0.11725850657469308 -0.1901220991957093 -0.7008605888305107 -1.1014420572742074 -0.8684245653634907 -0.012245240666635982 0.717028511384191 0.07425925342054888 -0.6182006501308436 -1.6956687456745585 -1.6488508719828252 -0.5712643677540602 -0.2079243647887974 -0.6755447115571536 -0.7575758957903067 -0.6554327769320704 -0.08497112905885447 0.2907098966533932 -0.18688017723997868 -1.0206800553319433 -1.3359227466302224 -0.5463428221276522 0.6874874060070364 1.39162373006627 2.0054804822207357 1.0019894986174969 -0.08472727696944128 -0.5072582521828587 -0.8781170767443397 -0.5500641384677534 -0.4231274855907055 -0.32114321604127577 -0.9128511828214946 -2.2602399185323794 -2.8523443578692147 -1.4069461277228097 0.8912034970079102 3.612794007392052 4.066047251990705 2.0337827253610445 0.486498848646602 -0.015049890354968782 1.030938987761181 1.198595766368991 0.9881982374944769 0.3286291930111273 -0.16346756555280845 -0.1954035611644149 0.11195560382573935 0.6651912118504151 0.8819951502691191 1.1833458019678817 0.5154752559316299 -0.015215957413366992 0.5037778561287619 1.129157743030979 0.9907218907781914 0.11650255221666521 -0.48590052540774364 -0.5939191887371821 0.4002459853502951 1.1657905975959164 0.8005788250334311 -0.2133540389132464 -0.5761377055571073 0.29329188199900913 1.3912617862878471 1.1319830990886328 -0.5686183962446498 -2.7124627248197806 -2.9929579550706427 -1.265126158815982 0.9822797873869741 1.7203518967690121 1.1048813428000317 0.22939003871381541 0.31581180804418946 0.8048704341549721 0.2264593541689164 -0.9962159699709111 -1.8736237332365124 -1.4356610916701815 -0.001241288223913894 1.0432368038437838 0.9994639401411608 -0.5106051325768329 -1.2901443243841773 -1.105283193176754 -0.2252444869216069 0.2920891932979693 0.03653775765521506 -0.05001409960482294 0.049542558003612236 0.3711532541500931 0.6281252052101419 0.6633538933642701 0.11513230874424807 -0.0684780219772276 0.07401489842069485 0.20694752017180923 0.3106015654522017 -0.0030522645382321466 -0.08096460582950933 -0.030311803487498557 -0.014392316485587935 0.1914293405374369 -0.056920562692042244 0.1923685216684167 -0.39521051594903933 -0.49020468946287293 0.05393383376998555 -0.03398153659526322 -0.09000207688577949 -0.7206327066931424 -0.6831184452318904 -0.5620407424732706 0.41124567531520834 1.9059090958627083 2.020980768557508 2.0555836845410758 0.28854060719095975 -0.16484320369668354 -0.6278249925269656 -0.6085450702631142 -1.103953960688385 -2.0186667109067358 -2.753385207769328 -2.2891559593377493 -0.7149102216277702 0.9021009238821471 2.001889699709229 1.790351843149046 0.6078802735675927 -0.10088713698319482 -0.016046275884356427 0.9420758955816273 1.1170059824890057 0.5340990768366269 -0.7204255608546856 -1.8524876858620816 -1.6695469174463256 -0.2976997290918647 0.8889572475830618 1.0554160286784382 0.16466359996923796 -1.166491033686109 -1.725148814257124 -0.4278363266853772 1.9272582204653421 3.519585131360395 3.4093262751902236 1.643482052687839 -0.5880650328448289 -1.474908330420273 -0.49642043451634493 1.4581905029324111 2.1518084842582414 1.5637216501083389 -0.09189728489932196 -1.3095397084585012 -1.2123668000592254 0.10383344667566485 1.0859422162749006 1.5374825251740998 0.9859283529400625 0.46242862246386884 0.062046435923089234 -0.1033611217823754 0.17059073750426243 0.06531914372342958 0.34641745108190575 -0.15154339816038073 -0.25136860940808503 -0.27047703710911997 -0.6476659687952083 -0.8896148867322117 -0.6153725376404358 -0.6181241389167644 0.20361101284305566 0.22804044503394486 -0.017704715356986422 -0.9488977864177025 -1.206930786748667 -0.9766638219268315 -0.6533635618213139 -0.23858442334043303 -2.321486646026554e-05 0.17094490016945244 -0.02222976930996774 -0.4877123271299504 -0.5801108859608742 -0.5716439536232375 -0.06359245705674998 0.21674759076192088 0.1267432620780098 0.20413840306257142 -0.27223606023599956 -0.5916754513610455 -0.4419284372177753 -0.33190880125678535 0.01775419398951287 0.2609398466218483 0.7234534591229641 0.8415981568707505 0.6566950219325509 0.3282352051586171 -0.02559835181491169 -0.1922527212056978 0.09032484730637526 0.2891052356163044 0.25239738744952195 0.2843846713532221 -0.10781175355357236 -0.06123476091538051 0.07245160832315165 0.39395134079748123 0.1317829408448065 -0.47548062050532025 -0.6063302799979619 -0.5125335848854883 0.2577492959174919 1.006518587972457 1.1418942098718932 0.5934899946495564 0.1329565072233328 0.12799889919625687 0.05935904299507773 -0.09669279062304374 -0.7383922033477934 -1.1893708704111017 -0.6609796777149238 -0.08434123175650036 0.5574984317594938 1.162254268052967 0.37700081817972886 0.09195200614317453 -0.019762763735233436 0.30653149971501276 0.006694079592804307 -0.2759633435858252 -1.0620882696127656 -1.13073715608054 -0.6214064647550364 0.7511404443411615 1.0215205956613074 1.105578640863626 0.5563216511687641 0.15470235483984568 0.001517298838648081 -0.02087866172571527 0.2074818615017157 -0.23658025228173116 0.055857487727124 0.10490576921005905 0.28175986645450624 0.5286147586114754 0.12934053861177972 -0.7201854167184052 -0.7721421948233581 -0.7550422313286204 -0.6609235534192254 -0.4836588387023017 0.09291107880539066 0.8579668271136506 0.8830879789153865 0.3055171266863346 -0.40846976150186876 -0.5315244343619507 -0.10551963026036701 -0.16323201758405792 0.5784809134479961 0.4817352834049933 0.8541011350376722 1.048227041275225 0.3780739257345638 -0.29146898730521353 -0.22296767641169613 0.10438987582212743 0.9959221701437981 2.0291165257218555 1.759319369232817 0.31398866356302246 0.056840926573601167 -0.1824808418286522 -0.3013700287151333 -0.052908557039602094 0.5571955593424892 0.7466285067101752 0.802009835765903 0.8075764254646888 0.07889872235417894 -0.28335089934801383 -0.3503729303028501 -0.13356257361880852 0.08211151260899228 -0.3507748442658546 0.008276622560680852 0.00975581544972675 -0.030749600317991288 -0.7515451638900666 -0.7609664343431514 0.14168035851718563 1.8507364263486246 1.5999551153718479 0.8966720098248626 -1.4416339535074136 -2.290216263012285 -1.108135928337934 0.4089416654246263 1.7794879189807002 0.4750737926181813 -1.8321191094964584 -3.4688724104914175 -3.4664067711694124 -1.6434926025908454 -0.04343689639211318 1.0180006561379984 0.9281390025887649 -0.10640259723263734 -1.197041024544871 -0.9252650487324648 -0.13129865915807054 1.8969697719801708 1.8220885770491855 1.1541617463816223 -0.4003776804814478 -1.007759072637475 -0.6828986054947408 0.5388615033674635 0.9853543361542236 -0.2646538544842316 -1.5566913850202886 -1.5141231609868089 -0.5679277147973242 1.5275546178155857 2.6987913775621304 3.0656144398323817 1.8425191764181525 1.2371245268563902 0.4087115515426103 0.7066009453147772 0.20272558644420424 -0.6503167842441063 -1.747325102590385 -2.4855363112525377 -1.5967069650612893 -0.6810180125090618 0.7586855737880763 0.9033961206483064 0.6296957129722829 -0.10951397430858117 0.1480069671063483 0.5037749078939235 0.89059781860311 0.6917660015108141 0.22381827794085402 0.02091356743857917 0.037887898033797086 -0.10095388148851635 0.0020394994530172025 0.19320112957812152 -0.24272765428228316 -0.21585292805608336 -0.049108041126183125 0.5653864194203932 0.8865219192498223 0.8833309724306077 0.21059040705438625 0.16328157386156622 0.06417153350628313 0.04899782630053025 -0.032430213346292626 -0.04236362681364908 0.03576900658020375 -0.31127506331051136 -0.003989350526542705 0.2101222455982978 0.13527276300864224 -0.5272147101357382 -0.6586617660146916 -0.259890083873507 0.49709529629148397 0.9344982406392376 0.809832100482375 0.08479958046941076 0.051114570179610345 0.4139355580997661 1.56296492655249 2.5108776867701965 2.0509064619774193 0.7049129038242968 -0.1879161139487667 -0.43317873025819703 0.09991028781573563 0.32935563884383673 0.37864358749960275 0.0967417296197657 -0.1000948845162843 -0.19776657304395062 -0.22903247608947708 -0.2938843687691187 0.12162833294311087 0.9706810957969958 2.2415140787590464 2.2701754140872645 1.1055798240143344 -0.25027374831605426 -0.6873263401391455 0.19721463840121273 0.9843611537025887 1.1983016728431193 0.3103933467459152 -0.859198074056564 -0.327572325260604 0.7447546835873666 1.351658101733123 0.835570609742253 -0.8838144661987856 -2.352180053209722 -2.089736632317805 -0.9268747971552025 0.22650815649520792 0.5330275289084089 -0.1130953574498285 -0.4738633453947114 0.24893164075271115 1.0835914320208395 0.4166121308394686 -0.6321360527622616 -2.586062274730964 -3.612869338279712 -2.973146070564317 -0.9227009626929888 0.6320855607576626 0.9370041929141564 0.19414741351033024 0.26383739108173526 0.7439615762369715 0.9796112912748401 -0.06333055308735801 -1.3170358898832064 -2.224758074115079 -2.2944922522212554 -1.2938663865870854 0.018706369441088083 0.6501981205262692 0.5159945107628147 0.22797472015501782 -0.057361097950887924 0.16515744398576052 0.4985606342946585 -0.13540557812168777 -0.47228784113571043 -0.5964327353914884 0.051303821834671845 1.031922624053038 1.5458010284304111 1.79343418319982 0.8730125680932361 0.3238346930462099 -0.08784781085752615 -0.09426584584002629 0.020766231996358422 0.42603905858345537 0.36267249065317264 0.03356828655150191 0.03744173812593106 0.07642111477232033 0.060660322551497836 0.6703838402168224 0.9320841256085456 0.5332549318055152 -0.04187991651380712 0.1873487033771001 0.25400694847589717 0.2652675072957871 0.9770066750622819 0.5397413898422356 0.1108250817320387 -0.5543781294145493 -0.5704869239846624 -0.3678032739569925 0.312728842597625 0.2481535678292198 0.1531898808402937 -0.25869207219725326 -0.39705243729340367 0.04523654442199978 0.09622218831483226 -0.2543580880932823 -0.49129418142795844 -0.6665158097210272 -0.04556912172634261 1.0181160131543767 1.3135650284361633 0.16093995592852678 -0.761518086505611 -1.4984157193210605 -1.534655689308748 -0.685157791006301 0.1441095750895751 0.6369485285794995 0.6503997838355321 0.4163574856414633 -0.3331055368325933 -0.46492368919927984 -1.3434427400492568 -0.19746774538422918 0.7929616164624325 0.7373267730702654 0.642310041186084 0.07840113820338909 -0.2799654291066317 -0.061528871896577825 -0.13741604683937003 -0.564811216000466 -1.4750283496867664 -1.6021749086141255 -0.7839521103045828 -0.14211708916509797 -0.09428375083410656 -0.43517711494274897 -0.5204166725174711 -0.5323872404911286 -0.06250754796074205 -0.0012963418102890961 0.34800646850241707 0.3015946273031098 -0.010354724236622953 0.18224680032937549 0.047227093659574775 0.9238881890582687 1.9991852898883826 2.4921262350507143 2.1182604749013336 1.1096939243857054 -0.28498698538429745 -0.9791181922022036 -0.6166987648065784 -0.44543767470670004 -0.7797561794831945 -0.7361527558687391 0.957896460954427 2.895364786568156 4.079912100760015 2.997468550756682 0.3864324434146973 -1.7529536260771672 -1.4704673931833707 -0.002134050967608126 1.117023501510392 0.09821256570712483 -0.6995891190276144 -0.7801184445153039 0.6777329728836317 3.154574206660215 3.312776136548738 1.473342828840272 -0.6750273629856657 -1.0953482356264646 0.3300698095691337 1.7505850782428498 1.4070607839129037 0.1079153539724446 -0.8956709435596729 -0.46757932299250327 0.9580658116101469 1.0078767378412017 -0.07102163862582378 -1.4688618444933703 -2.1453346697303015 -1.7378115654109072 -0.8520791353762971 -0.5386986449014557 -0.0955451981903654 0.03278274586919585 0.16861417488614175 -0.008839984575367435 -0.5599281609458175 -1.1277772013559468 -0.8644810926159724 0.10716642585166461 1.0626077352504062 1.1140065078707135 -0.2880780320477876 -1.9249227913311322 -2.5627706290600605 -1.8843502799140976 -0.7322408913988802 -0.31862054884284663 -0.18034602354487794 0.019995957733316905 -0.16733682415578321 0.044450406472244124 -0.06245034449340807 0.17767385985466988 -0.04008288754344918 0.03637612811171838 0.2518900044686151 0.44021685087146095 0.7812991422369471 0.5300788042667162 0.1694492745480053 0.21518315278654865 -0.16183687010832154 -0.23006170312029828 -0.36911928788708814 -0.11852629365413449 0.07201718436346455 -0.055104140365067666 0.02026151490867843 -0.3308219702845122 0.07267069503411651 -0.036976334952839564 -0.08067148683778971 0.32056031637036114 -0.390172225528767 -0.4947302226568187 -0.5603890003954008 -0.2566954061271112 0.4445130163771783 0.8431743464206402 1.4262886337499059 1.213580319504868 0.8884739790295904 0.1246519748005612 -0.5005799794075436 -0.48897444799075374 0.004701205351119689 0.47117831154081496 0.1404018125533328 -0.22513471211932629 -0.673667311325456 -0.1875950061973709 0.18903187311361727 0.22642286541069717 0.008767128510071472 -0.3979417922321052 0.2777534298966393 0.943608378597989 1.1804956124939223 1.0450494617494166 -0.23229922272584544 -0.7925436281977921 -0.8413170267358845 -0.0012137068572913709 0.5771253527004424 0.6374109240287189 -0.3159144302601304 -0.4986103543610213 0.13399974804621786 0.9370489723996365 1.5651251626248324 0.36552929365479164 -1.6539677002220268 -3.378399686238942 -3.1251276521859945 -1.7269226457698712 0.14395479664432725 1.1499881011392485 1.1159215812958903 0.6484500208175267 0.5004764967846284 0.7710036348255614 0.12116697755280584 -0.7529751584622361 -1.5529608527609546 -1.5380327924517516 -1.0703442559286134 -0.043423659376101695 0.19721831006753576 0.11396795311183455 -0.2594011082904516 -0.5444334888154034 0.17642765684144449 0.8811618285438251 0.037852068322347776 -0.18160968192370577 -0.5523029427699876 -0.5969763536356372 -0.08988325851910277 0.4540888712467759 0.8973042622104972 -0.35929657949293753 -0.5990165699170156 -0.6777897896144187 -0.07604374123444932 0.4693493140291508 0.33364792024599527 -0.08523046373722283 -0.3106589838558722 -0.570202938280615 0.17457961901322505 1.0155849042593383 1.2902482598016372 1.346356593253868 1.094278334507141 0.44444384307529594 0.12174736936557158 -0.6662856138302361 -0.9470188273915651 -0.9999220725221053 -0.4419624650112396 0.14832837128209814 0.7534235182492306 0.575935876525664 0.1133582772423867 -0.030188568937765243 0.1546180405872803 0.3515449440732049 0.3282051771705655 -0.35649593872811464 -0.6234910629487507 -0.3700657430294314 0.124996407715056 1.0742993866368098 1.3924830269149429 2.2221389544673342 1.2607427363187065 0.7199716667309134 -0.04299620269783574 -0.7043467320898998 -0.5769578720211078 -0.030461694562109058 1.1773779049349211 1.4412995427871333 1.1512685129738618 0.7654524949026019 -0.6033839180702892 -1.7259566962019486 -1.9222887652822047 -1.008626303561022 0.2994981422169347 2.1161477756021347 2.585461121079602 2.384336959653713 2.1925722263315173 0.870118641129323 0.402234117354762 -0.26923424879620184 -0.6014367855520476 -0.9595125199201833 -0.7522874034944177 0.12782282687809207 0.8850960032497854 1.3158373080229029 1.6773188427114052 1.1625521119601092 0.20775684357817864 -0.8899742606138391 -1.4470848201411928 -1.8879431742976016 -1.829097517030598 -1.2782113979672993 -0.16595208694277536 1.5108528554100653 2.7301793864059474 1.5247335418754042 0.482514930847 -0.9942129335875145 -1.5876927545313535 -1.5959461082260622 -0.961490111040813 -0.7071484338878024 -0.372758326408221 0.1686263395616409 0.014972919412969035 -0.5527926489647463 -2.0403824357013702 -2.3131773713343877 -1.854476103936742 -0.7062539984678833 0.1329362755257628 0.5655219590522866 0.9189758941960373 0.9042245231717773 0.879680157889149 0.24703934718310724 0.19474715549311594 0.2420235325707382 1.0324795028598068 0.6175804624320007 -0.2344800338960737 -0.405191849747336 0.094408058206704 1.1729610757912683 1.1113376534547827 0.48043820110822133 -0.42457120829463507 -1.1447880186597545 -0.9899164474369898 -1.2286847887156234 -1.835471829165249 -2.035111900100394 -0.9471904786819099 0.3874096825889075 0.8890109571742533 0.44927682928966095 -0.3441986820509806 -0.46407342708441895 0.8191478128321935 0.997533805961446 1.0069345049363259 -0.17372410234426888 -0.45131725439206594 0.3408328572745613 0.9675036443392464 0.9563369027915226 0.8274442926321639 0.11434598618575376 0.0757258238615214 -0.15280961284894057 -0.2512367571011085 0.0879517086795059 0.5860874032743388 0.6872834230603795 -0.12049820478913886 -0.3455525697273887 -0.4108023254613777 0.3813595649992032 1.6328311456555156 0.9806689997655098 -0.12767735952609244 -0.6291569701906241 -0.5552129449069092 -0.39008003593952645 -0.6291303529317558 -1.7322172026931395 -0.7577121913736828 1.9152628449754563 4.117536419791527 4.415445569387709 1.9050141733786912 -0.7122347900939642 -1.7701610792654008 -0.7101169922926286 0.4345466091410263 0.5826997220062375 -0.1051764243883232 0.05058763372664989 0.2794490843520544 1.0999969115555752 0.936422756043803 0.08586187749083904 -0.466762362738285 -0.7198523394620706 -0.6226050508913171 -0.774751603337642 -0.3119415585050399 -0.013314152901942879 0.10091565809325602 -0.06373139113598641 -0.7085097451961015 -0.20327792320098903 0.2800391766361798 1.064455890253764 0.8029195436173591 0.04323369147253476 -0.2833039520011948 -0.14925222467240457 0.03453300975485208 -0.12371059119080507 -0.7569816823680355 -1.3365599514416542 -1.4228669261496993 -0.5346011218107255 0.05498946877518912 0.1568253537742464 -0.046192275741243655 0.027608333837809678 -0.10192338006231857 0.15280982572774998 -0.2682025959850549 -0.2895560954326982 0.07665304227222255 0.2604254932741504 -0.4657003331220416 -0.7724710513509132 -0.8258305099286213 -0.2855832331573097 0.8979608629539337 1.401583078915193 1.002658504046879 -0.13561584676041258 -0.555154188507329 -0.03945816170064806 0.3303668099502051 0.553948550304035 0.10318935984526409 0.06659262592815393 0.04917782761463967 0.10170582281553808 -0.5358049849417786 -0.6965987766682518 -0.7808174928798413 0.06676885066190988 1.0057448130056006 2.261734151758572 1.3744939840377328 0.2263890347263345 -0.9156301218957776 -0.7980883627118817 -0.35321466606582264 0.7033580559385587 0.43131081760096746 0.5221923600177296 1.181780462570393 0.34922585993605293 0.33263028988218024 0.05504886660265342 -0.7327269358079254 -0.5888171976009083 0.22605394980096433 1.0042681517019465 0.9929612227995396 0.06677201843445496 -0.717982958380615 -0.544176400250093 -0.5134632787619363 -0.25513035717388416 -0.6094812173459067 -0.7424779474018044 -0.642593711361522 -0.724036238534815 -0.4628326624941274 -0.08276851746745605 0.17507562387268796 0.43464767169648577 1.8481676257245923 1.677662017891082 1.0257819859183952 -0.792213726792852 -2.5494076906127328 -2.2831399104745635 -0.6851925775662168 0.9032837759294062 0.7331838280229835 -0.613211305282228 -1.761079142034914 -1.6855605382747734 -0.5385950570929192 0.5748894718664643 0.08466901190301197 -0.8711484202813236 -1.1545032871793368 -0.42477432846203633 0.9197849132910574 1.8130243157293058 0.7776906723649643 0.33246874562954715 -0.13884432188428178 0.754379583602731 1.285365943882218 0.4280024100077138 -0.18145335721041642 -0.6286419853946955 -0.48232901608529594 0.6340205560980826 0.3246353495029032 -0.8219194339093386 -1.6237559331176374 -1.5362472506505012 -0.14341004992831363 1.1840011222141344 1.1972633059452793 -0.28612477185622986 -0.995142206924073 -0.6664038780191403 1.8289796343990652 3.702608412172865 3.7001429115719118 1.7614855867889203 -0.7550663077918469 -1.720584110413737 -1.546890477136158 -0.5627766301917531 0.356767583239397 0.25460563835239625 0.0681620100360062 -0.14448996202422268 0.18078557397110037 0.18101253937980816 -0.09780382180527565 -0.051383535176934406 0.26550971301628945 0.7517817350559303 0.5505034535845136 -0.26428750470912965 -0.8482762691894824 -0.7323120075730705 0.28823583759601956 1.8320950098947775 1.944240733211634 1.586158524161515 0.12316308025969652 -0.7609760457614644 -0.6429468984926845 -0.20886549333651847 0.1719389096461707 0.16575410649874633 0.011513170069162415 0.3355261429271849 0.9955896940917532 0.9805415904880294 -0.0830480518163155 -1.4530216508431553 -2.064295464311093 -1.426848958788984 -0.004508278204279877 1.118156642274769 1.0319431254403288 0.07967778727126575 -0.28532186328507825 -0.38954056237782597 -0.1417460645458777 -0.17206076074582882 0.047185878894358754 -0.03849612770854047 -0.06095006191878574 -0.10763910802761573 -0.3612921497513416 -0.36739011621540596 -0.11219488876903722 0.6419158795849932 1.328064550611298 1.691940821627963 0.5999010080807053 -1.7372700681448707 -3.7574628827779155 -3.7633610813936587 -1.6851810846771804 0.6505886556556332 1.7000678753456797 0.40843926478005277 -1.0048133272542727 -1.0699854535723687 0.3458826866158333 2.133698708505166 1.602291375025213 0.4070705284079579 -0.31770952275624176 -0.17390569142788656 0.7509585446736537 0.9474279021083462 0.10920670923282702 -0.6513296500038381 -1.1871594765261022 -0.5318301810303192 0.2927539388928548 -0.012526376063369496 -0.9934497468574102 -1.8187667448338494 -1.0872317806958451 0.06874365727345025 1.1596930188015242 1.0447052233340188 0.1525481194660694 -0.09694238980824499 0.6432884820396825 1.522193645278909 1.832637948592246 0.8988025132374134 -0.5561047473688032 -0.20776452166812576 1.0526200107965402 2.1079935739925038 2.747734653156245 1.1980651366978075 -0.3152238564259431 -1.997089119470186 -2.202691795484169 -1.1643218780023203 -0.04787030568840345 0.9373581431336834 1.068752996464986 0.2813344025818092 0.9488163988635668 0.986230278724342 0.6356556799096543 -0.314124925297302 -0.5279542576338867 0.2834205037378845 0.9677200025623375 0.49233935779104177 -0.6383233051665936 -0.6768169831860817 -0.36211673881182493 0.16843129893886402 0.6901761048963515 -0.1650653405331624 -0.6553386258714058 -0.4304308618294827 -0.3286507578557437 -0.06711630230156788 -0.6262094031607753 -0.46271066439282627 0.21028862970734677 1.179148268952775 1.034580832952301 -0.03897450467658937 -1.4389880202763483 -1.7746285856025121 -1.1964649347967131 0.6053244912533963 1.0875158405981327 0.7750084187854078 -0.04394973499136209 -0.2597628846151337 -0.03623523211481605 0.10447621446472458 -0.21674165281130686 -0.4121295560520445 -0.28587061695697724 0.4674540822519808 0.779087516941833 -0.054565683677514326 -0.7575213489525029 -1.1006251881474782 -0.49986665085990123 0.9861030181476805 1.1227032459563013 1.1410134563455094 0.5801491144768455 0.07828361755477302 -0.08244225918710191 0.01233547771785257 -0.09211699133303972 -0.13594811439541543 -0.1962375818425193 0.043002261706186144 -0.05500378744663041 -0.011098160177143454 0.22817004512495495 0.0422995522330574 -0.7510682365395733 -1.2734477312653445 -1.3199892629885281 -0.5652100363443175 0.14609975508697515 -0.037345317589766405 -0.6232933099744745 -0.9540536087962951 -0.976889537519594 -0.2132180872078409 0.8986737702298996 0.16373181456234795 -0.8958036258832479 -2.1593938117994154 -2.1578586750398845 -0.8020124635487121 0.2529223024834006 0.17174295280329013 -0.6520060799831421 -1.5776817435926604 -1.7255008535688083 -0.39756844206566355 0.9761988035011169 1.0979449671935986 0.32989857477137047 -0.8212462252863082 -1.430328112417909 -1.1660820386868727 -0.01771735216894897 0.5461397653869263 0.7748946232913799 -0.07143800033682497 -0.5048231897037142 -0.8650972915550388 0.17502077017663242 0.9973821459724449 1.9191627350629623 2.4720475838148652 1.4304398801163447 0.49626551218500314 0.059459194932237176 0.7659409735664864 1.3018056689716646 1.9695023206459672 1.2604266745798571 -0.12449996548762973 -0.5346898834649076 -0.61961785565107 0.3009122936776414 0.965668810377235 0.821682366276778 0.6945605230152679 0.6056443508083851 0.8871629022642294 2.052893328218953 1.6412310747970962 1.2623765178392445 0.5640246503100382 -0.563812704190962 -0.5405643312414777 -0.5283736446103496 0.16006234416056184 0.6374210359487112 0.40937500533846244 -0.42208844095751386 -1.1874102073432455 -1.637738408840705 -1.3739026923305868 -0.553517611180352 0.2927270892041882 -0.028158495110616574 -0.4837050090479442 -1.610581216566148 -1.0243322414112896 0.4308717111582835 2.226940980535829 2.2016159265116793 0.01374703012158588 -2.0183677453700763 -3.003579807032636 -2.271632948134981 -0.5450905331442674 0.2246446429186262 0.6051037308532549 0.009364142919523661 -0.031641166104185964 0.015346062878144436 0.14177727018001918 -0.06963449076221932 -0.3492461476704626 -0.591124727308734 -0.22092515620368475 0.2891349558067798 0.40887195400832077 0.7914810762361109 0.4615794872609026 0.25208692813935446 0.27112783178019023 0.11802545375356953 0.17741854933189008 -0.030133293182075548 0.25484967481605614 0.4349322377041227 0.3264269758208901 -0.1220047216730906 0.12023190895010738 0.6907861192754124 1.1912303930004349 1.5629361848511496 0.29812908829354745 -0.5627529189602894 -1.1030573822508722 -0.46124336142334044 0.9752456618265767 1.7432806789318882 1.1182006369514277 0.0951319189737237 -0.6114382666547725 -0.7809253589020212 0.016065478826539078 0.2851514489872487 0.12853317119685276 -0.3065458058089594 -0.13326177977835474 0.7865127619194805 0.6681449664435756 0.15593391574102597 -1.2418588695131119 -1.517246245576966 -0.577926294358181 0.6797542401276921 1.1370540685449912 0.2801156970460268 -0.6842174099305358 -1.3952092010944885 -0.580609986110125 -0.12081383331541631 0.07361676163795403 0.1502972061465549 -0.03317541287005962 0.10607256508483981 0.011422913929091892 -0.03866996230554203 0.20507852874459506 -0.05251999965917739 -0.07835564124002997 0.02859105765506615 -0.5626168740679323 -0.5122052740743038 -0.6254219088291072 -0.732365529328217 -0.08733840195353217 0.6296500732114738 0.4884653308292528 0.17834996533466962 -0.22616890919872018 -0.006863746136589636 -0.1827707825709442 -0.25888929743434175 -0.438616333535921 -0.062032178555736284 1.2248125031688248 2.6179935411954705 3.2975728528650103 2.2727287613910443 -0.027595197058542267 -1.9804469233977953 -1.886773999855936 -0.3031796299425492 1.3743119061249496 1.5942950946085588 1.0045455328173731 -0.04147717264348493 -0.5448984923370999 0.1666339918449851 1.1993297499312812 1.5991271929372313 1.0787082878807108 0.24584481819229692 -0.2772122856907746 -0.43560599212990014 -0.056430179282210266 0.04812542425745872 0.394888347200929 0.08365271455218308 -0.3109198814561639 -0.8488844385719044 -1.2025991961897544 -0.5039152776172715 -0.5363920224136824 -0.42222017118106747 -0.7693726184675068 -0.6942178527926252 -0.492992564878897 0.053434710436186625 0.8284610474119608 1.0928545756657557 0.16714934870305379 -0.9018606804090485 -2.287804419774979 -2.4563360531985268 -1.6702194124413872 -0.6973166890193834 -0.6528075467987613 -1.2180546518347393 -2.4428835495581414 -2.5138657940868248 -1.6068191911560077 -0.4996086760723718 0.4763673891482516 0.35206497216426247 -0.1906301160514582 -0.16784773662077368 0.46971778848882534 1.4029980714750452 2.1746325426568243 1.7402340274878678 0.433494825419384 -0.15606963286487294 -0.18914018338486394 0.0707801511920311 0.7466475651292892 2.3744932433478834 2.020931139529978 1.4561329936530236 -0.06498191874067849 -0.7322690125775116 0.12086099886816401 2.0181208099548513 2.6894878479221838 1.6975638747541626 -0.28056016544099266 -0.9650239549147295 -0.29909828416498696 1.017188100248743 1.1063333788548408 0.05727810344184086 -0.5860710570512021 -0.22193962671845188 1.0461033871112484 2.229893603774673 1.3232718938301646 -0.06868058987614105 -0.7652635013465829 -0.4234178598328459 0.29706717595460264 0.6282233419826625 0.26550476807282747 -0.3406526874323995 -0.15683411434061265 0.013014826953753606 0.14637886141553222 -0.15230344568701065 -0.2553209195489244 -0.563747761315439 -0.23811033481139732 -0.1271718328234902 1.0144847873422038 1.2728173909938283 1.179099211157451 0.13103671977643463 -0.39492326892482954 0.05766147340581861 0.9258961898838742 1.7977189397794497 2.083763255477736 0.9884624315516308 -0.09196710392979589 -0.5151274154358768 0.2836592767122415 1.0028560761441412 0.9631539733108835 0.3592881776827122 -0.5824098089931997 -0.558716392953242 -0.05324427022070803 0.7950564153471279 1.2583546861981665 1.1076819926809172 0.8846472818108363 0.4432548247974936 0.1489100021899484 -0.2440395226921036 -0.7105126737135259 -1.7360133317434272 -1.993565673000446 -1.5022135439989823 -0.6491928943074203 0.04021895368319142 0.3702905697568283 0.07250593368452152 0.3950768014989851 0.946991744999269 0.8369074896438389 0.808742039645753 0.15901999318692228 -0.3237660097261398 0.07168358891664267 0.24884833055741493 -0.5602111954767635 -1.5298573377223268 -2.3321233633897562 -2.4473992648612515 -0.9090607239087662 0.036105172062500766 0.5454257435294187 -0.1536355135306823 -1.0666342652605019 -0.9477751068011319 -0.14398573889344635 1.0858521304917672 2.332515019602069 2.022687082614887 0.72243250560257 0.15403633453863694 -0.45636271555555874 -0.6059983670831297 -0.5864547981074084 -0.12282128248633817 0.16766722632759593 0.46230372178429036 -0.3806612960792633 -1.5180761062393033 -2.272593380708372 -2.0783362237404233 -0.5459072958195876 1.2882137344740752 1.661750510076456 2.003800603506794 1.2057530981026567 0.6450158784685672 0.9477138220434269 1.6957665399615647 1.7721085864258646 1.2122696640110233 0.6919432802447184 -0.5067701430129881 -1.0121290644451222 -1.3973517614870228 -1.558784466233568 -0.5705962218079433 0.48429707222922413 1.8740933465602303 1.9360411120008207 1.5776860339175705 1.1290584222290994 0.39047022521468866 0.6732573670677997 0.4189790599377363 1.089556345424841 -0.04106001636448352 -0.617686251514742 -0.5718194635152116 -0.35735113911181915 -0.1278982593797276 -0.1152577458999058 -0.30499277103986283 -0.3838998606497605 -0.07091761811558847 0.36981791031328 0.4574497738093064 -0.0911427365894853 -0.40651235393972984 -0.574170253661284 -0.26580257704179316 -0.05420369013090802 -0.06922294554094603 -0.47433839650363835 -0.8912725889322629 -1.027555729434159 -0.5621450463840513 -0.6210807937323564 0.13681877962292924 0.2996272828396325 0.7575152148494786 0.15340727975051027 0.5033586494746869 0.1133849438485392 -0.013444242798534683 -0.06852844287061356 0.15417970194565583 0.15810794878560877 0.22976415944757664 0.10331733754900474 0.6265237064691801 1.2870394240758392 1.6060060479800482 1.1741389365232073 0.537362730054377 -0.02005738540244191 0.1282351246324514 0.22065735878694148 0.24341501546040334 -0.46533802436469873 -0.5903659726016097 -0.22706837765002164 0.6091861914418999 0.8669726561311745 0.14716392801945985 -0.38920619843303306 -0.6348046748852588 0.28967149995314856 1.0952520914382717 0.9763150256118275 0.1862544839579321 -0.1370807742043076 -0.007582884295108647 -0.2806329983657452 -0.5899550560719158 -0.9802142024186484 -1.5960135769718895 -1.8010095395847308 -0.7213221666372993 0.3945373129684968 1.2246717439573258 1.5458287749605535 1.3174824170767807 0.9013483841793779 0.03896841723907299 -0.848368334166384 -1.3097918546676557 -1.3726116664976085 -0.9164389703108405 -1.0223955722143008 -0.8801922003285425 -1.4097409295637986 -1.8367662029600842 -1.7762976465532965 -0.6609915952732126 1.1251318526005898 2.2629819883009934 2.882473521168604 2.0708639282609407 0.4776974706375011 -0.6059221700050202 -0.4012756154379656 0.9152100652082222 1.754523167899619 1.8177206158662116 0.41807346614485574 -0.42690466083235196 -1.7576719648142771 -2.2778464376496124 -1.7588610324073195 -1.0333737303479678 -0.11971936900408092 0.9083702605100136 1.867975071143953 1.1381977015241187 -0.04266376771857414 -0.8591011300927518 -0.12799710102334538 1.9514838260370204 3.0676127307046865 2.600088808787364 0.27761144913691216 -0.15699150781180765 0.38447791673976517 0.6804004215545307 0.42576192750389713 -1.0086831954577826 -1.574936601474057 -0.5721633663229075 0.5403407095304279 0.8796214172752178 -0.2194860401995263 -0.6600171391448941 0.010493060571092637 1.5856193176310547 2.2589079585180563 1.2983488601726352 0.08035908447276043 -0.11221082123709382 0.1947644512680901 0.12066001943551043 -0.6922206366367855 -1.5549268637746496 -1.3917024262851716 -0.3379720604529899 0.5852742392703797 0.8540313300820636 0.4569018771495512 0.09310637999589144 0.15444907587344356 0.3582410602514176 0.5827431180295708 0.4238758448400719 -0.051001472630271494 -0.5875382005123457 -1.0227468064510707 -1.5682764377513947 -1.2791559028571635 -0.2657106486091089 0.494914835859183 -0.07350243343755819 -1.4653762876985448 -2.107003477741757 -1.663932776965781 -0.49123087340760585 0.007090269445821912 0.0214723046478814 -0.4303808531592662 -0.4025907175134996 -0.09283389007872611 0.1849997831468611