Best initial_sol
MTS Global: 2.000e+00 -> 6.027e-02 [1.94e+00, 0.97]
SHADE partial: 6.027e-02 -> 5.154e-02 [8.73e-03, 0.14]
MTS Local: 5.154e-02 -> 1.972e-02 [3.18e-02, 0.62]
TotalImprovement[99%] 2.000e+00 => 1.972e-02 (0)	Restart: 0
1.97e-02(1.97e-02): with 54901 evaluations
GRAD Global: 1.972e-02 -> 1.937e-03 [1.78e-02, 0.90]
SHADE partial: 1.937e-03 -> 1.937e-03 [4.79e-10, 0.00]
GRAD Local: 1.937e-03 -> 1.937e-03 [0.00e+00, 0.00]
TotalImprovement[90%] 1.972e-02 => 1.937e-03 (0)	Restart: 0
1.94e-03(1.94e-03): with 95166 evaluations
MTS Global: 1.937e-03 -> 1.937e-03 [0.00e+00, 0.00]
[1.2e+05]: 1.936819e-03,120166
SHADE partial: 1.937e-03 -> 1.937e-03 [5.51e-10, 0.00]
MTS Local: 1.937e-03 -> 1.937e-03 [0.00e+00, 0.00]
TotalImprovement[0%] 1.937e-03 => 1.937e-03 (0)	Restart: 0
Pools Improvements: mts:0.0,grad:0.01.94e-03(1.94e-03): with 150066 evaluations


Summary: Results

Best global fitness: 1.936818e-03
Time 124.770739
Total evals: 150066
BEST: 
0.024714849908895276 2.569564219907194 3.7258394454697714 3.2143678900481176 1.9559203290343528 1.1281686153278385 1.1309138612862744 1.4191853943143313 1.2324327874417442 0.395441572657675 -0.5854017578261199 -1.0969663717511902 -0.9754944935067715 -0.5025781371785537 0.018107836098893236 0.5351988134630062 1.0900829396257858 1.5195006711020635 1.48805137401539 0.8886192924993508 0.12716754808782577 -0.12816202399250387 0.42616486508112683 1.3651405413079603 1.8632440455037296 1.4458505906340364 0.4325678988496916 -0.36268506994477695 -0.3789331540071029 0.22292990066295476 0.783805718507329 0.7835178735881906 0.25538055423279427 -0.3607659287797354 -0.6825776274462998 -0.6729954259142051 -0.5347874622239638 -0.4305620108945807 -0.3601265870897171 -0.26830544358084185 -0.17217650263985357 -0.1304975612361649 -0.11901820012940174 -0.017238768044034864 0.24092161353551114 0.5306933724652455 0.6090529536728638 0.3482709662482097 -0.11587476597747802 -0.4944259109223255 -0.5985285949162374 -0.4688705349671012 -0.26494138082300916 -0.07081186450884121 0.14322356759764132 0.3800891239320898 0.505910401806938 0.3505426162527191 -0.07003665889889077 -0.48173132791715395 -0.5662364950052862 -0.26824272706461577 0.13041870641592057 0.2721917038867193 0.06454000620730789 -0.2464773830298934 -0.3416875553377473 -0.15030112957035002 0.09795125328838243 0.12329024602612934 -0.12969177573455842 -0.46191750206311677 -0.6246864812289976 -0.5193499629155196 -0.21346902823950187 0.17071273670879747 0.523051956383372 0.7168699505438362 0.6052138704258703 0.13578651228569572 -0.5129226477335362 -0.9770631512030802 -0.9735503085191506 -0.5554977766466582 -0.07965857977912279 0.11892244003361939 0.03214736487970688 -0.05186269824829367 0.11663306548132986 0.46531284902298053 0.667680465652491 0.48308503663509583 0.00397988415975253 -0.44075608779569403 -0.5947014040553492 -0.4563774216822462 -0.1779470814433794 0.13799659655141114 0.47614146657400974 0.7671532652001938 0.81701222999678 0.4832107931809714 -0.07908350978682498 -0.44273915193483143 -0.2883515174364968 0.22352245594549663 0.5383991062173755 0.250857320822019 -0.431268514534222 -0.8334652389640188 -0.4946569370807784 0.303984411268969 0.7524714853632516 0.3111036748523394 -0.7059238322067963 -1.3883712528347583 -1.1019739998672993 -0.1035923498994858 0.725120822884118 0.7445000886294353 0.13630142847985074 -0.3686387609669279 -0.28039603306953337 0.19099455299935164 0.4539978934288063 0.22512664246680356 -0.18707147044448366 -0.28469378931687045 0.02469471168739835 0.8690866946087519 0.5377339718428181 -0.5686300784325611 -0.988224421536155 -0.13150028182189347 0.9103256787724436 0.7474337982933131 -0.52355812645611 -1.412276397189398 -0.8440364314140952 0.6051720507396728 1.4851738657009426 1.1380973693932384 0.21241844344492702 -0.3399515838550714 -0.2984762476845843 -0.05615538599464778 0.12794605628885095 0.33555210355344406 0.5541747531806481 0.5028744610528718 0.0888328094678884 -0.2641077924399507 -0.08395905463705268 0.4380678162784112 0.5676131626532374 -0.037254250719490865 -0.7951371454988311 -0.8608250507775494 -0.1694217759210636 0.4974268826068321 0.505289245138828 0.10099858435630236 -0.0481610548007854 0.18635405248266362 0.2662992956649301 -0.17534938220736032 -0.7459921530636556 -0.7987023190330752 -0.3309658905425869 -0.010396763731091956 -0.25693893432980425 -0.6250119847159203 -0.3470994648199954 0.6413356974481665 1.524258740624072 1.5018907002556239 0.6438900750979051 -0.2841126318227374 -0.6777016850980039 -0.5535647116805956 -0.2203494392464934 0.19629168811335163 0.721398167839603 1.1924247348566115 1.246287356506105 0.7314421639679869 -0.01463624865301733 -0.43577880152968085 -0.28218079188684014 0.19495003398806293 0.5311236290326945 0.450567378612114 0.10624599039894024 -0.09556260989162144 -0.006253967028710182 0.3870291497019539 0.7587684411962733 0.7023994409406135 0.19774909013731296 -0.29825120954422585 -0.35695693181395394 -0.08385974649458791 0.07613627739968282 0.012146417038579386 0.14046076557968373 0.7501938652763317 1.3800129715825784 1.2158506036738257 0.14502470191210023 -0.9363951453924343 -1.1106557057420632 -0.5169362961954617 -0.0880445574806162 -0.27062491430384056 -0.4769012683403373 -0.049026209581254594 0.619406018936897 0.4897973388729901 -0.603341191999211 -1.4435862562579675 -0.8501615360795942 0.7116145089756437 1.535939466349748 0.7382442703791774 -0.6535060891144994 -1.0226988187279398 -0.18910490786915032 0.5142169415264327 0.13946386784628156 -0.6194179195923257 -0.49653218293047324 0.498515052810496 1.0688824253832916 0.46929650681558177 -0.4286052701230333 -0.40534729971828115 0.2852788660942235 0.2195017347598251 -1.052796510075248 -2.059977330397455 -1.225207261535396 0.8513676306862524 1.8545512114760359 0.6015547615060476 -1.4220198847478045 -1.9572020090549975 -0.8559762855351176 -0.11544618056310157 -1.0388974078441222 -2.4421313876545243 -2.432575097008822 -1.3207038959398831 -1.4533810282080037 -3.8553633423445324 -6.147088982625333 -4.923669572048389 -0.001838283702823334 0.01597330004331477 0.1421474696544117 0.2876409079106937 0.22227685797747238 -0.16551013324521727 -0.7078039495749111 -1.0911366006686714 -1.1452825815917467 -0.9647179012326 -0.738505072957652 -0.5021732653422634 -0.11766795541282205 0.4905471358645356 1.1267927035588945 1.4152536278979564 1.1256076885536508 0.3932180134497869 -0.4010683701834658 -0.9570245589209241 -1.242466228326452 -1.3760649624881771 -1.3904756692600697 -1.1769034084554841 -0.6629752139322475 0.021191579661152385 0.6176748892607747 0.9794301041596801 1.1766303471289203 1.3256865239447804 1.3546812066290024 1.0274790445116175 0.2590332255161978 -0.6337102316253619 -1.0926411217345753 -0.8026040182321103 -0.01029667263040983 0.6884823792968694 0.9053796140500202 0.7899874237313416 0.7877087851914609 1.100493567714004 1.4529887227996179 1.4250061070732503 0.9682382080495617 0.5073866143417363 0.4884236824592481 0.8762203072857832 1.1842520312315905 1.0292725508263045 0.5881444197429728 0.4158609454556757 0.7920042800108861 1.3257329759684853 1.3081301577542606 0.48398540231773246 -0.5851462969521073 -0.9989981933294613 -0.3800968511593029 0.7666779161633587 1.5665171703777943 1.6136451590642678 1.264857819275768 1.123192112953141 1.318801138517506 1.3859660981296391 0.8447847815150452 -0.192510247612813 -1.0872407755310192 -1.340538302787344 -1.1092120403899162 -0.9812782969769668 -1.2606208151357272 -1.572404435759644 -1.2650330048488463 -0.19425196056903238 0.9739391303891959 1.3190074701774686 0.5417431236664112 -0.7338888371170864 -1.5403475696160174 -1.4370467230590729 -0.8185791908469666 -0.4166521754330236 -0.5722604800170531 -1.010839212636254 -1.2573521804365475 -1.1613893662349843 -0.9735312688101331 -0.9754544090962823 -1.155794037977808 -1.293894401535592 -1.292897495594772 -1.3097629476865082 -1.5041938495751308 -1.7233767606928052 -1.5489203269498966 -0.7279867872478074 0.463512445809243 1.3491699606509138 1.3952856157721816 0.6521541770247398 -0.32532472969657267 -0.9694169950535398 -1.1139657763443571 -0.9793603013317324 -0.8408010982402606 -0.7681033384585677 -0.6574597975163516 -0.4213178527442373 -0.07563065907083745 0.33416320581935705 0.7956273827881662 1.2514068271944079 1.4910993664099779 1.2313271660584546 0.39335131181132615 -0.690435795570323 -1.4230673702782541 -1.3753890765444972 -0.6249756980169892 0.3246667346313589 0.9650528093999701 1.1391217699510803 1.0283588107723798 0.8587947595398975 0.6758375971002702 0.3949474387398678 -0.0018221787309492276 -0.5952697597930444 -0.7517317634088142 -0.6350344448254088 -0.7543450784031355 -1.1761153376648577 -1.2934425873451647 -0.5443550052944609 0.7880293529779273 1.7268169885329283 1.568073208675971 0.5421877767865173 -0.5432036013812072 -1.1449847494839107 -1.309277549940069 -1.2687433758589957 -1.0177430474193558 -0.4444303335220784 0.28285060493498515 0.7337558318208804 0.6936485554048664 0.45941576420519353 0.5118736252683469 0.9323353858066705 1.273056711283187 1.0350448925953268 0.19285562751740729 -0.7855131712577154 -1.3518748336872777 -1.2471468981578737 -0.5545216220891455 0.43209598119135445 1.3380129437387702 1.83984114467468 1.8398721180437319 1.5386662264348956 1.2581752107079753 1.1519650337068035 1.1304643852502405 1.080490518801743 1.0588494372651227 1.1719137875951022 1.3180655698636152 1.225825725713686 0.8287126640669001 0.4822003954135657 0.6158015878404293 1.1443671188220306 1.3960627714687157 0.7921477731752004 -0.42372251450370213 -1.2897355170333415 -1.0515468873540617 0.06849806314791924 1.1099896558790616 1.3618757006524742 1.017330212541398 0.8158609375547623 1.127614851448525 1.526636088701182 1.2972059615373828 0.27305964059843185 -0.9329705667093947 -1.5455900818754515 -1.697702395213514 -1.1831097753615591 -0.8972305058747928 -0.9550054821123525 -0.8568166097310044 -0.17963409332602578 0.7722289826737836 1.1591320420837536 0.5038162332577875 -0.6966657295502412 -1.3946074043684002 -1.058204390470966 -0.22062150719919404 0.1104461822274453 -0.4650942541724076 -1.368075528362777 -1.74720519151727 -1.4089429012752945 -0.9204575247729914 -0.86199775552214 -1.1866888065026535 -1.410732966680557 -1.2931964605709756 -1.109275452349347 -1.212536630007361 -1.501008292371524 -1.4766686940910911 -0.8159295509277383 0.24223323145227357 1.103137652067439 1.3227600709641065 0.8720078179766563 0.025210837873257935 -0.8571208658500221 -1.4457557391079245 -1.5250885077779808 -1.1143752259968427 -0.4864612648458081 0.04694840945812718 0.4016050760750527 0.7203795632007574 1.0973026885164952 1.394249748972229 1.404005594899187 1.1249996912003855 0.7455980820160959 0.35536788996405183 -0.1712911314152832 -0.8942441278027123 -1.5129170406891128 -1.5533067632586246 -0.9044143175825757 -0.02413315620173064 0.51902999937421 0.6405406553766667 0.7188579687505363 0.9894584067799689 1.1679005668315456 0.8301857729838521 0.058055769008272806 -0.5370131259535763 -0.5007820859438042 -0.06638329061158163 0.167447550614475 0.006676342173221614 0.006026869123736739 0.22397990803757434 0.6131600033002146 0.8694520576411805 0.71098750800252 0.14828540156757394 -0.5052778467846156 -0.8742988242234628 -0.7751379009626006 -0.2824896794320476 0.3814430771819905 0.9825281711770766 1.340323111053294 1.3546994303179254 1.0488248721276756 0.5900703128262916 0.20325900554327037 -0.000653683396980131 -0.12033427761992883 -0.3517889260753042 -0.7485157234794255 -1.1099584695092624 -1.152273460188783 -0.8165504668078637 -0.3854653767914957 -0.25174688591662325 -0.545832211988329 -1.0024411185868787 -1.212675817018213 -1.0086419574244843 -0.5890189503239338 -0.2761893971014617 -0.18509318455070564 -0.1622294944604034 -0.028208362542965264 0.18408705363283723 0.280321303667296 0.17051032336809616 0.008494904869630391 0.011296517228176326 0.16363579016937055 0.18138347279298656 -0.17514066110521126 -0.7760026967577816 -1.185098080419233 -1.095717852842198 -0.6690875393880065 -0.3681303151723862 -0.41518905813838214 -0.4666005930401521 0.08863878929883459 1.4551765241074366 3.081346067664728 4.047415654466123 3.8492391758136892 2.805926889762039 1.6903909229963419 0.975167981713419 0.4728862430483791 -0.28671310735406197 -1.3897004127756916 -2.325472000948614 -2.461521814070565 -1.6922519237797486 -0.5665604913882893 0.23373418063885879 0.49846536109678685 0.5492311168548165 0.7450464750378808 1.0224912268166328 0.9884409990099164 0.44043458795967877 -0.3035364070771965 -0.6687466474747122 -0.415307500048061 0.09080176307290394 0.23636441053388782 -0.22110404402818035 -0.9268401512133744 -1.3187401296293477 -1.1987918633622243 -0.8791118256881899 -0.777761240874611 -0.9377369842437351 -1.0015108532354935 -0.6487613652182428 0.0051626163992654316 0.5006414450612213 0.5115814697795038 0.1844755955783545 -0.028759406205997713 0.14596719804078997 0.5285341366670028 0.7015312232901605 0.4724755785651093 0.0819687650839779 -0.04991583996588572 0.24188214450380885 0.7038242937804443 0.9162777990431433 0.6822101830240607 0.17429976114503204 -0.25312560779625376 -0.35713451588820483 -0.13568981834981206 0.2470401476816136 0.5862749802013544 0.6982606520370952 0.4546949242257588 -0.13500488159245 -0.8437947166568884 -1.2951658028104651 -1.2143755117715598 -0.6707413575005672 -0.05813116041104701 0.21994390688135432 0.0911152268177845 -0.14330749372551763 -0.11616411831134768 0.2419682104304276 0.6250750960179278 0.6271988098033272 0.10488811279779259 -0.6938109314264852 -1.3135444376393313 -1.398806412729152 -0.8852354567568692 0.006651181056136539 1.152829032476313 1.6459582894361753 1.3248524487023101 0.5277489185055371 -0.2824308290818416 -0.8014308654489156 -0.8906416671062902 -0.5494994437843238 -0.004120755422474845 0.3247318700951254 0.17678733428982008 -0.19766232164738873 -0.22036466264225588 0.36638136428005225 1.1316054470227845 1.3808907747196446 0.9132396034925323 0.1979299850643779 -0.21549155873170958 -0.27200898582383126 -0.26778983107883414 -0.29806030800660643 -0.1377972736150864 0.28348951434557074 0.5678592227102234 0.2689317818305304 -0.45745327299668326 -0.9119157808579722 -0.6627964054310094 -0.0974216354810084 0.04049482114989306 -0.4270147763661877 -0.9052079207338918 -0.7929169434933137 -0.2315286444493052 0.10077048281381347 -0.16343048310413313 -0.67936691653355 -0.8636761865025648 -0.5497275019579292 -0.026380501657964843 0.42328400224998924 0.7782617558284058 1.082786076149925 1.2446765855683968 1.181655515973637 1.0238500298895674 0.9607823209847565 0.9321242854258858 0.6986922394960733 0.28428987596588573 0.10591003939813701 0.44444240641564653 0.905842308184343 0.734724714727976 -0.24322302185672384 -1.2531016313991696 -1.3944353102731222 -0.7124899621158053 -0.12416099568291951 -0.22251965188428038 -0.4846590524768089 0.03577339243480398 1.0677057411394069 2.2377346019380613 2.3507598891853787 1.0694516749614222 -0.44433473243631544 -0.9491414306752048 -0.6778696496337995 -0.9974547424512761 -2.566598991255138 -4.330474995682151 -4.642969481737429 -3.13508031405735 -1.0660097012810372 0.15143394922317724 0.3665478058273061 0.4475603973234567 0.9561095631902943 1.513690282737591 1.4906010578466513 0.9064188274588317 0.35067017176653176 0.18867337940963094 0.20076101576294209 0.05185823343319871 -0.1908873442011995 -0.22505931820289304 -0.04140559989217343 0.010983858973842965 -0.2723569736762271 -0.6164984179319374 -0.5900483528362961 -0.1405083857324591 0.3824744384335808 0.70125788538016 0.8858732265093011 1.0804097048609473 1.1556806967886648 0.8711364800341849 0.34434995534555646 0.10390838514006746 0.518146799990068 1.2883168954932873 1.7036331626450516 1.4089948468323534 0.7575974703118901 0.32658141792126727 0.2188274563723836 0.017795767149741938 -0.590558996158894 -1.3453865848700857 -1.6734914619935743 -1.3307016127934992 -0.6316503791622794 -0.05081572659055794 0.2424469342876315 0.363115143443174 0.35305701996418176 0.06372353571518653 -0.5384145890634033 -1.1054339746041533 -1.1456314975671678 -0.5700115793797266 0.12554083968011123 0.3389620742098629 0.007387357264290691 0.3089240775145157 0.32123224378141707 0.031388937153516726 -0.3240803469110305 -0.5302831871027868 -0.5735193630154067 -0.535267179188089 -0.3903272266906931 -0.024431622773453128 0.5174176377237248 0.8969133657631179 0.7351131832067433 0.049162074569260535 -0.6427653661845216 -0.7736533637828397 -0.32705896962621017 0.0837219404600726 -0.17284264381873657 -1.0362977263943227 -1.7214584969400326 -1.4650302665835073 -0.31013209164398775 0.8973490446762479 1.3205654972111762 0.9124218728293312 0.35935478743847593 0.28285899123831804 0.5901317687443262 0.6751100943429293 0.211390219598569 -0.3931938154288555 -0.42849364895726627 0.2651399494177711 1.0031999653461927 0.9150796446409343 -0.111078950297294 -1.2286877371082057 -1.4416431534293987 -0.6090771293009989 0.4030897897463558 0.5853921743671973 -0.22467168282940772 -1.2262246066600444 -1.4870322455945464 -0.8368859381442679 0.06074677102853404 0.43845382400953775 0.138747798586944 -0.38314038892150715 -0.6388049059248438 -0.5630871018258189 -0.3987199931146787 -0.2732339065771282 -0.04417527128779913 0.4087132034418904 0.8604477443143623 0.8588862155594489 0.2151846423411714 -0.6899083927820127 -1.181122093168952 -0.9042183411127356 -0.149101819224827 0.4509219399802533 0.5169360057400061 0.21253175043114791 -0.01200233714435265 0.12603707053400226 0.5701472534557211 1.1148635799319864 1.6286172691154766 2.0357476558648853 2.1809573620054388 1.8884120770627946 1.236371996040103 0.6791951257661762 0.7179334710698586 1.348529429287256 1.9073979820679923 1.620985837875136 0.4076104726114021 -0.904491377125393 -1.2667495611744617 -0.39418729789435214 0.9387934791056503 1.6152668962737904 1.200855901773877 0.2559049080354885 -0.33731335619899216 -0.281998796048739 -0.05642957237475814 -0.24936860314741535 -0.834606798509024 -1.2030739982687393 -0.8902185252912144 -0.1463949825307305 0.31358895243777896 0.1017007765337468 -0.41961766307738 -0.5833954920847472 -0.24333391378730687 -0.027160731840733303 -0.677030088089827 -2.1587705555608174 -3.5228616073516172 -3.7313214212064696 -2.631557424289708 -1.090622686090023 -0.1646197782148092 -0.1560594489682003 -0.48480484497299714 -0.4188772298503015 0.15048499578833266 0.6679828948952911 0.560137099625803 -0.1696063866358812 -0.991393783906973 -1.4008267162953427 -1.3397963082283413 -1.0959912621036658 -0.9013632870159696 -0.7270586690265503 -0.45225388928943777 -0.11807219487240114 0.07890682694524959 0.033260309868008944 -0.1178521890365676 -0.14422023313576482 0.007383544880781864 -0.021786413942618703 -0.4127713123162511 -0.8743730047956625 -0.7574115158399066 0.05944514578751227 0.8953180058799927 1.0340656921715872 0.5766298274169623 0.2751886414461688 0.553489929799698 0.9774297602993017 0.8563864322771617 0.18833211517601037 -0.2851327808229455 -0.004344100016173518 0.6758587277054355 0.8898380150642109 0.3370685260517187 -0.26353275811692867 0.10398984793959508 1.6558153719084063 3.511435102573789 4.44947473051666 3.905267966098955 2.3115839745270077 0.6400205794054765 -0.3270490666007978 -0.4276031349359783 -0.05803805689918929 0.23733913825296918 0.20682925658698323 0.02763514063828806 0.023097534102350444 0.24487417723430172 0.39763793333120734 0.23249755402930508 -0.06149235039309889 -0.026128212181543167 0.4439883141107622 0.80075766800904 0.3769201318122107 -0.747164055177507 -1.598063812248198 -1.2255617589566066 0.2352430108111569 1.5629870796457745 1.6011762690866245 0.3664691277950191 -1.0496567014616165 -1.6231390042892548 -1.329717978924601 -0.9484897121998614 -1.1087846357975046 -1.6881798445018572 -2.118800800730868 -2.087313830717447 -1.7902342768744939 -1.561452027101903 -1.442382338724402 -1.2239179671540696 -0.826648173059465 -0.4646531838521817 -0.36026563536284245 -0.8937280814088003 -0.45829599433554136 0.7246420632896674 1.5461665594337004 1.2999140566742402 0.4099833720400697 -0.19499714121773778 -0.15205332412880404 0.1291331966662911 0.19024447046191126 0.10900328899011454 0.23809069394963794 0.5922609919360187 0.7669939325973487 0.46667960730255253 -0.09276458876746277 -0.40988067058536976 -0.2254414484563386 0.27062237621045915 0.6791035194210489 0.7076048342100953 0.29993986381344057 -0.34011021320288287 -0.7647635185697638 -0.5072339900777104 0.4531843583478689 1.437647383469201 1.525679834437719 0.4737814313411215 -0.8823703186541895 -1.348787289731195 -0.5704824318857238 0.6076733084042449 1.062008203644729 0.5663483241644344 -0.11254737193667026 -0.24935616298695779 -0.03175416856732632 -0.2104460089101624 -0.9954054674391811 -1.6105021998307922 -1.120475434674246 0.41747439684706455 1.8518688905441645 2.0544984048370725 1.0295774930808157 -0.17118203657855083 -0.5602042221324838 -0.11417779522369961 0.41212248582481653 0.3885655634923596 -0.10797697954837014 -0.543342004831345 -0.5616805103581547 -0.270221652377965 0.019588046056883888 0.1698129147285885 0.2756243489801799 0.43444984591334523 0.5733191846842968 0.5397528617978666 0.3106112099965069 0.04938473953813151 -0.0565986258674022 -0.01318526751359145 0.4281335756460256 0.5699893967219478 0.39974443524724257 0.15026667833628826 0.0002348988037818466 -0.10656992808149969 -0.3067149752702113 -0.5447073171062511 -0.5655168842052399 -0.22893663999270208 0.233893543255744 0.38861682750077264 0.06632315704779458 -0.39822850528826975 -0.4937989391092169 -0.12099049474842438 0.21525591256654217 -0.10980052066783927 -1.1462589989649734 -2.2160692511690323 -2.516618270203127 -1.8881564274182419 -0.9524520190026045 -0.47864885710331123 -0.6432854568579887 -0.9375614662986953 -0.7682690988576263 -0.0717257751376049 0.6945412918288425 1.0897772223909963 1.096202267129458 0.9561237803102381 0.7179718869289718 0.11889273383106987 -1.0018570706290866 -2.269563768473033 -2.9336742721444677 -2.5679419061502937 -1.5675348883063542 -0.819448888312067 -0.8026492327990513 -1.0532337605598756 -0.6209950709566543 0.8912354941004089 2.7717683799314954 3.7451072674121377 3.116026369125824 1.3954081391456388 -0.17999706574090718 -0.7238875943360247 -0.32618866564386484 0.26974175804367234 0.4695300014763155 0.26643237653926444 0.0023991403191331007 -0.10731624428132776 -0.11331552207252152 -0.08694123276590202 0.06488772023258052 0.42795248716628786 0.7975887212768893 0.7552049617245402 0.14257937768824777 -0.5939804537648302 -0.6984669363861624 0.14011872578949064 1.3468219343500778 1.8816022501388916 1.1881267126908053 -0.26065225740913195 -1.3899743193877598 -1.5060326056686677 -0.8576873806063742 -0.25949251512747784 -0.23440421507291054 -0.580484587613529 -0.7399328461245062 -0.4690973840423078 -0.04775796911644886 0.1366848976350835 0.06980665681812608 0.06923403081099481 0.3055391650172413 0.5129277218984601 0.28888068742454615 -0.35116779104868273 -0.8551237790937324 -0.6708261989206611 0.12190663527861138 0.8185685940995548 0.7937605427786777 0.1667663137508599 -0.30997712236915803 -0.0473021308972449 0.7448591971688665 1.274779514540314 1.0087222089235297 0.227536717329356 -0.2936307372783799 -0.11952314855557068 0.40890981803577847 0.5979032017199755 0.19694385311097334 -0.3148200399138896 -0.26278225936350846 0.46085467754818155 1.2347390871137243 1.3155146467533025 0.5639263587288974 -0.4545044539133048 -1.0480676549126369 -1.0145919935920904 -0.6887773003068348 -0.47401308628032474 -0.4325088995665207 -0.3456027387777307 -0.07528827594483435 0.24834691828105468 0.4101656637122688 0.38152447382925764 0.3147675703042815 0.2803836137797908 0.11859010288457407 -0.35299398624266304 -1.0004141306430303 -1.3473405512600227 -0.9837052679134648 -0.013226629539774902 0.7377954158589762 1.3004528250223637 1.366882014303907 0.7826973769152951 -0.10829953241933028 -0.6506054818006617 -0.5286445872841149 -0.09069046440190448 0.10952215644731034 -0.014950206629439513 -0.06811157823402367 0.20926975887374258 0.5714981077040472 0.6576052073663677 0.5418090750298674 0.5932736685457745 0.8106826461244534 0.6474421164132792 -0.26406471265132064 -1.4033850068482536 -1.748636184558846 -0.9562253339070304 0.1294380885420431 0.3904500268518385 -0.2702516793415871 -0.8550662617091533 -0.5404586499266796 0.281970085012331 0.49528119276951044 -0.3323029091378833 -1.3662638929391229 -1.465499331192926 -0.5050236517107928 0.5076840103737109 0.5945156036210683 -0.15982359062475837 -0.8266649915255969 -0.7041356561269967 0.02567113131557878 0.6530935892295875 0.7236291679502701 0.36125512904773494 -0.043175462333253645 -0.2674359395222901 -0.3567163283314027 -0.42278932544465736 -0.4585953142450194 -0.35011822449452656 -0.033019040915953694 0.37304129216597703 0.6028028798616026 0.4837530641851435 0.17992792056904552 0.12417984385316555 0.5699565274279237 1.1855923291988026 1.239905973586806 0.35137109874807665 -0.9694489340409504 -1.6818456324420112 -1.2186046418368748 -0.07138045746364954 0.7092113111274544 1.2976135007965703 0.26288431927928896 -0.9682431577622795 -1.1636685906147648 -0.4683041568149678 0.0021945610975613095 -0.3254359410353189 -0.8447379157016905 -0.7280025422553099 -0.09077940591324822 0.211119660673162 -0.1832292252740473 -0.6126811400287955 -0.3442315046434248 0.26370750581054514 0.025729137404429017 -1.559641623341404 -3.4170993485694856 -3.84118290599911 -2.2927436943068633 0.00023583813333882781 1.3154546549712969 1.1461416067629842 0.512059126385666 0.6943378838593618 1.8908026485003486 3.1641491570754066 3.50804964867616 2.7571918351787024 1.4965719071084473 0.3304393052838871 -0.5739264652679995 -1.2897981849404097 -1.722827853142461 -1.5872219135709165 -0.7991239624197629 0.22791858260040368 0.8148155865552426 0.6156558313134539 -0.01788538101849569 -0.32218954553196705 0.17047075142367296 1.177989877875672 1.919563342828456 1.8324348378086526 1.0544236677904972 0.2261952398134698 -0.1353421489121698 -0.04162487980613854 0.1376116073950584 0.1455229274879778 0.07534197412426116 0.17729250606121588 0.5254798807521739 0.9273374995433505 1.1263077438799822 1.0330169713664081 0.7557121233501514 0.46040950346387444 0.24221439242660653 0.10942483401231735 0.035628384995117966 -0.0006891041703391496 -0.013122694544929803 0.012147531203801356 -0.08829668248243457 0.2713192829157966 0.9357786206966092 1.2453444625408154 0.7712168759257809 -0.15370143468625747 -0.7443022002102336 -0.6174130998837123 -0.26029360248714023 -0.5531079608843653 -1.7981978922481479 -3.2758366415666242 -3.8372277649919675 -2.9789722428803813 -1.3322160395591662 -0.07829513622745735 0.12309908068949581 -0.35353591929249556 -0.5973173019917788 -0.11232134615405523 0.7279956886336888 1.1099394633438673 0.5882405221357493 -0.5320789081356732 -1.5379121865038008 -1.9447091115513553 -1.796543678186552 -1.441456592727901 -1.1305268645524333 -0.8695115951499575 -0.5805726444443672 -0.2889124139846218 -0.09552523173632191 -0.010817675120558607 0.10020959792986954 0.3676268163162469 0.7381259027468374 0.9910334500740685 0.9490382188914704 0.6572541512278997 0.343472247221695 0.21179818163220243 0.28783525604200866 0.4469662849311206 0.5502671747379616 0.5281269907060306 0.3657167798687283 0.07675443348754825 -0.2660155601603 -0.5031687072637966 -0.46894947950051347 -0.1498009737177396 0.2490801631050175 0.45411095476025004 0.38073337934372703 0.2358199745855705 0.32599988829100773 0.7406933887135339 1.2314145346259993 1.4221967822760821 1.146661018495646 0.5776596628858911 0.037330210226549546 -0.2885334014213747 -0.4327040095084335 -0.47905151410274843 -0.388843792560352 -0.05051636906474981 0.5017996242827011 0.988150907716915 1.074534877430199 0.6930498870630055 0.14716395589826947 -0.1447580982157032 -0.03451789493623019 0.22417277538974237 0.23433945341278611 -0.14675829407105603 -0.6541299784891994 -0.8409394043413421 -0.46148437025547506 0.32791020195508713 1.0887985169023338 1.4014285588291906 1.1100438773273247 0.38391236830406117 -0.3879735853952239 -0.8013006355993817 -0.6654346562723955 -0.14701960566455693 0.3024193086164817 0.26064290333075957 -0.31083043064537375 -0.9887586338898562 -1.219365773831671 -0.8070186434620107 -0.10695616725882526 0.29171854777552714 0.11073809635010305 -0.3730182589708122 -0.6263405946651439 -0.39113063243818513 0.09727775553809193 0.40999948256694535 0.3886857778598395 0.2559625423428056 0.27226821182552113 0.3697305325931829 0.2243353278343881 -0.29283500842296456 -0.8312979427971688 -0.849450698914234 -0.22733029926297943 0.48354128146715897 0.5389107213048727 -0.21849900905161454 -1.1073355325283813 -1.22401523152351 -0.34942773747316175 0.7929332355264471 1.234299457560838 0.7237040581618511 -0.040204992508796916 -0.1609620081164457 0.5020314086703185 1.183214442711479 1.0273006023121771 0.012173984507838697 -1.049069771336805 -1.4855660651328229 -1.1540546518618728 -0.5635007134044411 -0.47285084013721185 -1.1084651828858922 -1.7872373105219785 -1.5567375215651054 -0.3253395834393587 0.8506972131773279 0.855969062062114 -0.17743263322105463 -0.9488254360608882 -0.46270011507004016 0.8392488414646092 1.6536582338790426 1.3533332220083498 0.5796943559123633 0.264839047214101 0.4704463538039561 0.5319284390095864 0.15226720583997408 -0.14861816980207063 0.17454609035038168 0.8318653023652233 1.0043786433735635 0.39876389715006577 -0.39242051860253757 -0.6639921563903861 -0.3962502009114495 -0.053540188446275706 0.15008169756015172 0.3706601219076373 0.5638095701735439 0.29365121014276796 -0.5817909404950079 -1.340088656359925 -1.0220102431263982 0.31607871446568997 1.4100383156947496 1.1346655917980526 -0.18911781175478964 -1.187564579428676 -1.035675847264712 -0.2376721946353392 0.292026203987287 0.45198679239782175 0.8110697906613031 1.4605514501300245 1.661236363939722 0.8848496403595475 -0.25913593359667975 -0.6719967524082919 -0.2163307730593908 0.06659319281276692 -0.6091248648802551 -1.6080941912893076 -1.6451453457059677 -0.5369272474046968 0.45023100310744035 0.2036720093668743 -0.7916217980791715 -1.122232008385031 0.23812166275221985 0.9038582936558122 0.18636797551700202 -1.2510308896110485 -1.9201336394372834 -1.3751538315830703 -0.6057327397911891 -0.5544421641577464 -0.8700275355626397 -0.557987903664511 0.4925850983296536 1.2719607427513595 0.991173205582202 0.10225718172435064 -0.3771427772297358 -0.2097091256367999 -0.07268518446940121 -0.40183379924556956 -0.7017521243469516 -0.3349975128899121 0.3835448769024015 0.4421944008658999 -0.5284196159841653 -1.674068943507031 -1.9225014640875349 -1.2334907044115326 -0.4645705385367126 -0.16954156738511186 -0.05162687971447714 0.28698964973723884 0.5654986808672388 0.25675199465604487 -0.41206690690719017 -0.47397287389346865 0.5888244166914844 2.0807874064228975 2.8552174442443614 2.598828330245563 1.9235078924370101 1.280994058067459 0.3979910431031534 -0.9055096493543087 -1.8388677653067274 -1.3103723122448527 0.48612849713593476 1.8267484128148357 1.297297877610265 -0.4050996542978181 -1.1039593981645093 0.36183483122637927 2.7793859520458195 3.98762807102559 3.285196241638563 1.9099841705517209 1.2502176934185467 1.2426171423757268 0.8731320027592966 -0.1942429581470149 -1.1394014601317493 -1.1379784137107738 -0.4175560358408203 0.15390980414748126 0.18925645829431312 0.03192081700591151 0.002834400404489761 -0.17151268312057358 -0.15189827736836875 -0.0578621347495642 -0.2138143206452566 -0.7112519139127664 -1.1682904460984513 -1.0413795522808351 -0.22334635873668487 0.7249766045664262 1.0361004689106044 0.49332708420987964 -0.28742881453659735 -0.39762719495353355 0.4823823109582749 1.717977371222905 2.2579891596996715 1.5846554576103833 0.17519767247781418 -0.9475084825699672 -1.131288195968244 -0.6075205042001791 -0.16279731418903345 -0.3438555308042021 -0.9744886844873805 -1.3966510066395996 -1.1326620762790582 -0.30934789253120293 0.5060506714292867 0.8227081209751755 0.5803170472554178 0.07168377941421972 -0.38506215831918583 -0.663352721276467 -0.7823516837509653 -0.7555680853043574 -0.5552613824917638 -0.211516936544905 0.12527505389339344 0.2858893303658745 0.2521038074759711 0.19063227718855813 0.27718467763620613 0.4833339663609036 0.5647410263737341 0.2951134459989337 -0.2729507176925234 -0.7906699562346927 -0.8862979852787211 -0.4858835295695698 0.1113608448451332 0.47902479819236155 0.4126824556549323 0.07771608185667647 -0.15472467968126025 -0.025860922934274052 0.4159294477435263 0.8853517359161818 1.1045336355624638 1.0014848645466752 0.7157339039302201 0.4453096873817018 0.2859091493694434 0.18928525873828667 0.045557975776093024 -0.20737933548166076 -0.535865225249123 -0.8408803800460604 -1.0168248646740135 -0.9912773243424584 -0.7398451827645129 -0.29780874010629005 0.2292696934891493 0.6864441100836474 0.9385211793486525 0.9531919777928456 0.8231685723161964 0.6887721335732973 0.6173308219671704 0.5526080422939503 0.38445659745311633 0.07833184219769684 -0.2737684939948747 -0.5343253201313745 -0.6466883620535018 -0.6590526140027742 -0.6138815698835826 -0.43737005367708287 0.007787129246143365 0.718153813662374 1.4145458652506813 1.6825306117366736 1.3300408521926732 0.6258121912537876 0.13121521332213867 0.21052421074476485 0.6625888376632687 0.868442796074395 0.37520489489448333 -0.617586268314529 -1.3640202676202589 -1.223623154039716 -0.27318862492858675 0.7068495468508451 0.8779142759140988 0.03830666708623717 -1.2523449089490346 -2.187154562298435 -2.350108342399354 -1.91169018707581 -1.3058816899962342 -0.804176716186467 -0.4131407544424453 -0.08333440632008705 0.12056684842528241 0.12392285464992875 0.045826775198501514 0.15169105872708613 0.5032579811412713 0.7000716645417859 0.12558786692666085 -1.4022036494538663 -3.2097186865751577 -4.123189948612154 -3.423792616087802 -1.5499671893862816 0.18010141894599435 0.671269973103118 0.0028409770080334205 -0.9520231230532147 -0.35637239287378675 1.721167986244714 3.7057865792123312 4.13334045739481 2.95432440314647 1.2719635662779707 0.10435455836318419 -0.35969093637797417 -0.45177175227071054 -0.4001623484047834 -0.210893624204492 0.04814683884608047 0.18209992109990406 0.15569124261888342 0.24175067217351312 0.7237825232629683 1.508923821987849 2.1595806109893725 2.2914870123849607 1.844324757791348 1.0055359744407926 0.05339888329800106 -0.6457528545159859 -0.6882073634696844 0.03353766063831194 1.0076009289929324 1.3605026969371499 0.6701541342526167 -0.5115810776506815 -1.1412655277284236 -0.7612177756268999 0.01826293488701768 0.20110318361118648 -0.515011879760317 -1.4689275286197179 -1.8030093691439317 -1.3175530150823702 -0.49559760807912767 0.14760714785879758 0.5214477596784037 0.7849197611953789 0.9541807955840099 0.8696823735358566 0.48824833334605466 0.023251605419901806 -0.2730930458331087 -0.3704605497473107 -0.4295686871721345 -0.570733679464524 -0.7703063992701236 -0.9623509956234285 -1.120609484193996 -1.189230951988291 -1.023313689948277 -0.5153028089111762 0.2195193892995089 0.8668809662342645 1.1632587293945413 1.0901076685073936 0.8085593681884091 0.47188734705191443 0.16450854977920504 0.10654313417169185 0.2918694472483397 0.6140384137679632 0.6366758149124799 0.10385421063556792 -0.7153554874795764 -1.2003271113368388 -0.9827908621588105 -0.3289466208623563 0.15378119870507212 0.152559656481144 -0.11417686479852883 -0.28135288238861433 -0.28694034076776537 -0.3188895066415126 -0.4261086468495445 -0.41578832244275704 -0.19802227179581172 -0.033116138417269736 -0.2369042007747568 -0.7011575088124773 -0.943057839857787 -0.7125348703504767 -0.3601195251086672 -0.3933761372268398 -0.7401056825514493 -0.726571615316009 0.09449972511773663 1.2814798635648346 1.9007723870090811 1.5523623594593714 0.7603728687129105 0.26771063230155734 0.1729624000911281 0.02681324242553071 -0.310068661810422 -0.2991100070228529 0.5480747348926553 1.776437337828228 2.2317456296745855 1.3450679790771187 -0.06511930325192879 -0.5743599915366757 0.2652940291084104 1.3634600682043563 1.2527019846393814 -0.3078028964949093 -2.06981590102755 -2.614429522036976 -1.7526538230557185 -0.53863988323935 -0.05848655006175071 -0.41306888113686946 -0.8801833252544808 -0.8328017161519665 -0.3036347525636032 0.27074037594538003 0.6024404113158875 0.7190653147806654 0.7158707371286207 0.5689381811986974 0.2593119015696934 -0.05566456617126601 -0.14854706741789597 0.0010644754032095 -0.06778674628276642 -0.17217758934850624 -0.34101367314475745 -0.5446923086048159 -0.6569494545503957 -0.530853397054755 -0.15912812559620232 0.25918231163291716 0.4680309990108812 0.39831516258695315 0.23717344075123942 0.21038073387069633 0.29874974926006465 0.22491179649362109 -0.23411244354024832 -0.9340327375032503 -1.4230311482412958 -1.3516529467264933 -0.8092866420801388 -0.21914200217701185 0.09250370430509365 0.16897262658782825 0.24160669858463768 0.3395557980798107 0.19750643360107437 -0.3835875240097381 -1.1489282793753537 -1.5035431470545468 -1.1005009421568488 -0.2701208919490474 0.2545318288462958 0.09743187843533889 -0.33763852677646017 -0.3122767925144312 0.3568573187192126 0.9558543456476776 0.5522151843153308 -0.9497064905711216 -2.5246145361928916 -2.913136799687215 -1.8339240384452642 -0.26106324652508917 0.5473592025886396 0.2698800946780323 -0.2824389905692843 -0.17318826634650256 0.5722878477726294 1.0012802676047348 0.3473070720895241 -1.0239573903351407 -1.9150865650451854 -1.544933572131571 -0.37542241364613427 0.4085553652698773 0.20718630266200944 -0.3505995906796283 -0.16099277880505508 1.0270652147549393 2.209612326043218 2.157038675270299 0.7892339129438095 -0.6269264764396643 -0.7400861443502205 0.4776026960612655 1.6873005102410805 1.5768927261370342 0.22085037341680405 -1.0293714903285003 -0.9888114726196181 0.14043544907466904 1.059425870821993 0.8214923259305218 -0.14953722707277198 -0.5626811607188671 0.2944187605841303 1.7519581954993002 2.4585060396187775 1.8084316234605575 0.5483810257579692 -0.06358399149247392 0.393700431428848 1.1077425809365415 0.9765443259017049 -0.16516297159718665 -1.366710220334909 -1.5865011844573462 -0.790019617929539 0.04878296654772661 -0.003228986118640359 -0.8882907976305486 -1.6891334883511473 -1.6251236636518855 -0.810099484987711 -0.01290450690992752 0.2205516124405135 0.08021667783274962 0.129334088867202 0.5611241662194963 0.9538182717725452 0.7832350066004946 0.07669173987299217 -0.5527007681710812 -0.53824357156483 0.04322523121546666 0.5604078381684013 0.495128066866008 -0.03618541125049749 -0.4460011494042487 -0.3145705302973076 0.18411903863992385 0.4912301448393812 0.24706900871701037 -0.35938981629355277 -0.7871146686878274 -0.6307728567044648 0.08213088201816598 0.9894454076741023 1.6956954446613308 1.9737764545721077 1.7825619670042658 1.2191001310450675 0.4975517145057656 -0.09377969784749766 -0.33474970672210014 -0.22942555529949454 -0.006757717482386236 0.08458752283670559 0.0010258391299523962 -0.2599014681659369 -0.32914233047504404 -0.1454904413263179 0.1662509503126166 0.3401623130613915 0.10337944699644255 -0.6300117689588953 -1.6082481701029177 -2.2948714391686127 -2.1971792900021256 -1.2652393845209036 0.0030751843879714366 0.9097905905677769 1.070074809581042 0.6288079853294164 0.029576409845329034 -0.36747127558993575 -0.45871848320721825 -0.32266442466307277 -0.10282186263633816 0.049494525214030645 0.05077134266954149 -0.022708805515855628 0.002905104449076017 0.1450633045767223 0.13379886970938829 -0.29817889175602186 -0.9578885370361055 -1.2170087100147493 -0.6847427840311474 0.21516007227269193 0.6047852876703582 0.18901801467764082 -0.29198724697142076 0.09226435294025087 1.2389115295220001 1.9897090869785048 1.5040523006095339 0.38598730075030574 0.048453636318549556 0.954382017522469 1.9165667165086073 1.4674699414283154 -0.2811100444201751 -1.6209435402503194 -1.2241111837991936 0.23194932467125176 0.7994876319983419 -0.47056865542617327 -2.4160433746062684 -3.0986502726348752 -1.960878261643688 -0.30161908047791575 0.32396412540152564 -0.22889051186959097 -0.8189762019976111 -0.5316714403942698 0.3207441387554852 0.7306567065889018 0.20505522640340787 -0.7630195229087683 -1.2871546073566855 -0.9261349164588273 0.4017142541181794 1.1538710069435785 0.9387869870245755 -0.37452255277814206 -2.0272603383509913 -2.771406503451854 -1.922291867557018 -0.14781265260722 1.0286733327644781 0.7546106049308994 -0.22699087475779445 -0.4565473099305193 0.45585377924267656 1.2980125946467536 0.7551187153007148 -0.8342808160880243 -1.731390368065295 -0.9004224837038998 0.6218312258257706 0.9162317116614406 -0.4078190223713549 -1.5770677072280808 -0.709534231382973 1.8533650934380983 3.780757625485639 3.321206161412824 1.1746449557767378 -0.4650977715601509 -0.41069899425996065 0.46811114817231814 0.6731112900306331 -0.007149812713193494 -0.4398821226128992 0.22046435208310092 1.418442154407174 1.93004967964562 1.347987574201569 0.41652763142735433 -0.03813350064746648 -0.063353001509599 -0.24682243281687294 -0.7210184398358469 -0.9278182302568135 -0.4156644973255857 0.47238082435321543 0.9664144249335391 0.7871136934041558 0.40069593553227395 0.3281077616508865 0.4749717456811368 0.35741498066456934 -0.14354057243090193 -0.5595740127985532 -0.4466580357970976 0.014029702742415297 0.25669276119940193 0.10035910996469424 0.0035225222399765197 0.4283545846335962 1.1351587442250333 1.3722268208437236 0.7857601330932954 -0.0854165090661627 -0.3986670460318886 -0.004994620121436868 -0.7487930970246766 -0.3349518841208878 1.116732096744649 2.2889068465077513 2.0170988750693803 0.4890091378431902 -0.9541721481754971 -1.1641110286027256 -0.2588117209561861 0.649244080808304 0.6848853028689165 0.05301591673208082 -0.34250746862718917 0.024123825433053563 0.7501594460602933 1.032068183419728 0.5988202335315014 -0.022122270510621968 -0.16402815851358157 0.19949547755645528 0.4603681066731892 0.14358704363308977 -0.47724483293520376 -0.6503244063358615 -0.018726806768842787 0.8920693597351484 1.1547851892826948 0.4012951147872377 -0.7618019554820785 -1.3342754416953153 -0.8952293030841493 0.030718028425541635 0.5453238642096887 0.2516458377782477 -0.45176522787316403 -0.8689029872497369 -0.6958719041876111 -0.20399076865195748 0.15581591457824684 0.20422464961620154 0.07731531339314275 -0.058987705148614435 -0.19973418726069941 -0.3866199587611234 -0.5144762740148193 -0.38222293562287335 0.0388106116106511 0.47487680508082103 0.5808607266459405 0.3117175117058283 -0.003075225590082174 -0.00708773844796343 0.2826279807545301 0.47879812350866674 0.2465117730612057 -0.3180957496992882 -0.7786490937359254 -0.8149628867001113 -0.5308581124378073 -0.27384716632299283 -0.19113655663828932 -0.04992321229124535 0.45793927503538884 1.2726316683084402 1.9062413867060068 1.8667717453902053 1.1265638823460145 0.14387724197114082 -0.5658367452306311 -0.8468518810682486 -0.8999442704331808 -0.9442571580634603 -0.9672895368458452 -0.8173071227178363 -0.4546786559895004 -0.013994117201102432 0.3854111752280095 0.7940049365238837 1.3049644326790777 1.7901688643316471 1.883131528686796 1.3374456301577615 0.4008860446939547 -0.26726550578176483 -0.15757904018410646 0.5844842018024337 1.2545963008717578 1.2308684411618613 0.5287633324105285 -0.2765404305781289 -0.6400427285111849 -0.5163534456699987 -0.25983451462078305 -0.1619019595728429 -0.19235587965861853 -0.1915172779561525 -0.18139084767251057 -0.33689723440518726 -0.6403953293855658 -0.7187742229447867 -0.19947865561742115 0.7438460646317036 1.3475908937541847 0.9365063859024946 -0.31010780058096427 -1.3842226418935857 -1.3856717873934354 -0.46952098579832513 0.22170746281785278 -0.331744094896388 -1.972522216900023 -3.474159827655358 -3.733457562301798 -2.825568313292441 -1.83102079564305 -1.6447816282496412 -2.056120240237806 -2.0725210347617824 -1.100445221501397 0.33750554566936986 1.1425073258843221 0.8356101036071463 0.07586848331620667 -0.0806434315783365 0.6358919108341818 1.3986606091792453 1.201207250142087 -0.005000646879860549 -1.3430914370839735 -1.6427400275143855 -0.8909936251534152 -0.0368257606813649 0.06038984159673018 -0.48538434330589564 -0.7957581266350692 -0.23906110735453517 0.8895715923217645 1.7346095724202673 1.8471989334216878 1.6693936106715594 2.0000627858163327 3.0135618966267597 3.9104620926438707 3.644965046725585 2.0452794672215044 0.16145560361334313 -0.6178031225073987 0.11856216164785492 1.3772317828995104 1.7153474229725598 0.6530668083899807 -0.8934564133506324 -1.5923281773179923 -1.026981111616661 0.027793373101037067 0.579319880718999 0.4517773259908055 0.235161797734901 0.37045138942031447 0.5996943589731737 0.4398476206895301 -0.03411094040534875 -0.20630842041868766 0.2418075977537363 0.7928084325674932 0.6419366405902139 -0.2889424379577529 -1.1592538554448533 -1.141560387598007 -0.37079408095055916 0.22629458174194705 -0.010337315722362439 -0.8121670383650853 -1.4271216493782297 -1.5059571337705198 -1.3300692410683201 -1.2437572628162719 -1.1630500964544057 -0.790828738102985 -0.14123864011753023 0.4138969643883125 0.6298923793862592 0.6963839841645947 0.918193040192191 1.210935774006513 1.1251044107451744 0.39789807331951205 -0.6722486172947193 -1.4918790898939325 -1.7220556492218122 -1.4636745942726743 -1.0202441959066486 -0.568836911133256 -0.23011243935892375 0.22232182095766168 0.6862920955485733 0.8748176128979339 0.7294692014369603 0.48359417678510874 0.327816155281013 0.2033537199674942 -0.0020586218669641537 -0.20208572832597316 -0.2181570151917975 -0.0861143924419991 -0.06576448943492544 -0.2799348198337763 -0.48088711889491187 -0.3240790515286205 0.16899008578391309 0.5755804790170066 0.5413485635032417 0.16950415992079784 -0.14525504521899632 -0.1838747300544333 -0.06054644736774407 0.060165586437881356 0.20963412306962245 0.4569177059430248 0.6330851610368159 0.45043906598672145 -0.04356676127786161 -0.327133321752726 0.06870154883444347 0.9059000950210446 1.3178712825499095 0.6908298450587093 -0.5898851802764937 -1.427888196068674 -1.1053007381278717 -0.012153313297824422 0.7750302991101412 0.5975463845477879 -0.19187153288940473 -0.7288453558865026 -0.6045731797432264 -0.21966578705449014 -0.19781343604581228 -0.5998892524715731 -0.8610269227327951 -0.5113482773194762 0.18372143374002223 0.45606483101328305 -0.06313151768455404 -0.8011735837367795 -0.7733051988601083 0.2926167294214392 1.4786275200797523 1.4987849281476164 0.05905543339968495 -1.7042045715948853 -2.2805520479028702 -1.2920417590162803 0.14830323449577906 0.6436920037496036 -0.0025675191168426717 -0.23685010914478244 -0.20471152380800567 -0.11361242505444813 -0.45179777058548176 -1.306218451115573 -2.039476349044578 -1.8304272643452917 -0.5764219197249734 0.8520650924486056 1.3811608886571698 0.7803047573561902 -0.11247942348665284 -0.24452587393198572 0.6039031663454221 1.658933171005973 1.995495833502293 1.4427641472918826 0.6154793926226768 0.1427253249664709 0.030479307657662175 -0.14554190111200005 -0.5424607221741128 -0.7613493207598343 -0.35934452091120467 0.46009311647007467 0.8899282049344467 0.3814883022350974 -0.6040519532080213 -0.8897405563413072 0.24454755228226124 2.198660703135502 3.4693616029043346 3.0190992985918332 1.2531008218745492 -0.3748139563407873 -0.7258091003062829 0.046235411354618595 0.8110009629570204 0.6501633518230986 -0.31836024886890246 -1.2194617993224288 -1.364174432615369 -0.8317691925313944 -0.1963540910016513 0.1322705116648969 0.18221658423781276 0.11711854008948393 -0.12553659152044694 -0.7416347802082255 -1.639274116067141 -2.285081217481488 -2.122734634352169 -1.1649174553332828 -0.08565445330393283 0.3596614303628742 0.01999954423231129 -0.5548650996972928 -0.6944571107198029 -0.25689596341726745 0.28873746699151787 0.3621888808519113 -0.19789927922497894 -1.065286718697982 -1.771124624257426 -2.0394736324733884 -1.8378661448217106 -1.2583321867137538 -0.4691204909959841 0.25439231269773876 0.6144891349936771 0.5405485172632986 0.3357041217839731 0.4462672963570219 0.9888580036771121 1.5353932941772384 1.4810460673216261 0.6856633777514307 -0.2915314611094885 -0.6823152090312695 -0.26160729395395277 0.43718474378107 0.7022165504761482 0.40666098333121886 0.11424706966204866 0.39846636227666055 1.1261371137461256 1.531721635823532 1.0381583444221534 -0.07139215931089934 -0.8972635143611334 -0.8468996235427384 -0.23551515786146215 0.10361794717864103 -0.2263262224274056 -0.7325011609234435 -0.5940061353912427 0.37619675840000866 1.4499032811648909 1.7146986360031784 1.0256888605740377 0.1287064202846667 -0.17083083627777426 0.13530955381700638 0.32724617718635274 -0.1448883625155887 -0.9674664115980366 -1.277327490369887 -0.6424133144745685 0.3990619105527003 0.8728016902378989 0.40537681036085604 -0.37751726771319927 -0.5408011565072136 0.13951340732626893 0.9420622962144495 1.0001868697428613 0.24828522386851978 -0.5192559028533668 -0.5161347940686607 0.20950673159198568 0.8782534504075938 0.84928820796833 0.27080840935540323 -0.1750760482490429 -0.07858417768888447 0.2825311490677208 0.35304928565442745 -0.002582608719781605 -0.1423068682587801 -0.0003831353860242343 0.28133367963344447 0.2528780489717812 -0.2813956234485283 -0.9105359106840731 -0.9612379169721972 -0.24507510436634422 0.6221276673310986 0.7791122092645354 0.03240055488243447 -0.8835773070534974 -1.0605691477479486 -0.39986466452868863 0.28321203876195594 0.19398182877466533 -0.5143412161262568 -0.90108521112617 -0.33261326891553444 0.7483086600628367 1.2841707523981607 0.7785567172944996 -0.16598203643543916 -0.5594113152263295 -0.14721454755741495 0.34770406264962317 0.10968603939868789 -0.8057683547536294 -1.5226032230817919 -1.3123551183904765 -0.3627319217781748 0.47528154198192185 0.6140542704255023 0.2830098020320339 0.1540742498739359 0.5250686882989654 0.9709445832123361 0.8121334252756099 -0.12539486810364872 -1.2607956124197537 -1.7753070480871653 -1.3776704481278044 -0.5603236593098748 -0.0940129896235348 -0.2681523266393442 -0.649156667242255 -0.6063835246727299 -0.04692761574684072 0.44603466054637614 0.24870668526592604 -0.5821985472992465 -1.3191953694484326 -1.3212541105741933 -0.7023451950452629 -0.16747446320994205 -0.21712583429999566 -0.62526241607226 -0.7432122104377421 -0.2156641179419143 0.7118659720309436 1.5392019181140233 1.983465569624597 2.029086877583345 1.8104645803237254 0.8700486274247934 -0.46757240145669327 -1.0575388171809612 -0.42082447707372145 0.6492616042821561 0.9413278553128783 0.1774989984230326 -0.7147316657707892 -0.6771920503102113 0.366029404339625 1.5861812247278604 2.234027703670562 2.2639681603015585 2.0062883668969977 1.5655314951531958 0.8234871748468416 -0.07262914512858529 -0.5622822403715074 -0.19597558177445137 0.8056788668651883 1.6786232637959277 1.7968022963643597 1.1470592797378916 0.19388892699344926 -0.5482940745361546 -0.7808453667356868 -0.5036061588407243 -0.08147671602406607 -0.15369536294127428 -1.1392357766678674 -2.6348663933998155 -3.491962861594356 -2.827015801245579 -1.039074861187592 0.40955011749894854 0.42678116712191105 -0.5709272020783703 -1.1488440325293974 -0.4679539859558283 0.8184870331687734 1.3983649501888566 0.8204489074920348 -0.109601076805972 -0.43590652022592863 -0.20311089948761135 -0.2342618125225189 -0.907705804454284 -1.562814025106725 -1.3208111912015195 -0.2811901919728338 0.4457173065397627 -0.015813407447254336 -1.238574001762199 -1.865674919719191 -1.0236783372430067 0.7771845850483109 2.17132566482242 2.2450963351525512 1.256129066665963 0.17397173327506638 -0.3030501872706418 -0.2255201967137776 -0.0452030872596319 0.009772045303404258 0.019519106623503483 -0.04657564062671187 -0.23731326526165372 -0.5016165359976744 -0.6441194628229409 -0.42847007538557663 0.1918422881929708 0.9328653438230371 1.3308438098590243 1.1145196561151072 0.46758985605550224 -0.09527105273884928 -0.15440444970382453 0.27867194784371574 0.8224423284947334 1.0999815473713987 1.0403407524889179 0.8305390253195093 0.6306078942295987 0.4011979911677227 0.02625163001180932 -0.4462900525619202 -0.7646949596701742 -0.7105384203989512 -0.3486654959695712 0.00964918717679945 0.11073754403136427 -0.00016050656390118335 -0.07260178336007071 0.02275033674329044 0.1079517882943491 -0.12501422554658906 -0.7562290728368029 -1.4934661755656473 -1.9085577983410322 -1.8060710334193038 -1.3406466239027457 -0.7871784033126601 -0.25485734270579763 0.3226295251800508 0.9368106314603886 1.3353492119469348 1.1977122799821418 0.5058033117449509 -0.3170656005362674 -0.718184494108417 -0.5184288651545373 -0.09688457529253411 -0.04078307701749466 -0.5807872377200478 -1.3543703225439767 -1.7250274355526196 -1.3428780501530118 -0.4271326874625069 0.45199862992853534 0.8392913565513231 0.6832454249183667 0.2653323686813779 -0.06681459214686508 -0.10461997779762224 0.1680608151394085 0.5959951553017775 0.8948945310015344 0.7725832009545143 0.15361840591922937 -0.6490884109663019 -1.0567280503051804 -0.6638385569737566 0.33953146159553077 1.1910887410311581 1.1108320150225222 -0.04446088189219651 -1.6099960668309703 -2.6050162832613677 -2.473178896245163 -1.438584016844176 -0.21741672344607849 0.5920552584569607 0.8901251512346873 0.9693054692544868 1.1375400923046974 1.455184981230933 1.7527918840356533 1.7942582486495366 1.3971813912465394 0.49701512442862705 -0.7621948909092202 -1.941286849090938 -2.4087195705909408 -1.7218721900859475 -0.051587620492005846 1.772726105629055 2.7699680456321665 2.524696045361851 1.4944294475882247 0.6007019554720893 0.4459960890572433 0.8529317259029792 1.1229375565924986 0.7365812054752772 -0.17169364865312628 -0.9700101123101001 -1.1082432813373475 -0.5542026170744645 0.2659920284225202 0.8666081841966939 1.0286344075416805 0.8154320863553685 0.40225203100645046 -0.037685658962526264 -0.32769653903555074 -0.30329911821000777 0.05800631780296224 0.5172352249234689 0.6704672034276702 0.26516586868436665 -0.5365526051627513 -1.2330013171473038 -1.3735893715479817 -0.9198520615512155 -0.2503103357564258 0.17943452355435352 0.189885841613414 -0.05810727085052599 -0.2830064879104233 -0.32446080428093466 -0.1972272995589071 0.009757520339779228 0.35935634020046414 0.36415094136573173 0.06623257872627723 -0.18612319209762923 -0.14560177997151924 0.1299860514413222 0.4653511078748092 0.788856786243463 1.057724280429297 1.080445532224469 0.6407231841158842 -0.1379782969896801 -0.7185790641120565 -0.6253753762954314 0.014856506878556911 0.5482366314506235 0.4607498636969938 -0.12271592235353955 -0.6665917392396001 -0.8383891691774804 -0.7341680038067849 -0.5308605543463488 -0.16312940401000012 0.467829383820046 1.0770169439092148 1.083553786918031 0.26882093335076945 -0.7979740859385466 -1.2300204418499285 -0.7776508342659862 -0.17339200596634788 -0.3893610699293058 -1.5735721412302497 -2.817296285759094 -2.992554600432565 -1.7705194468390644 0.16421723436246236 1.7598635008433583 2.355588250494722 1.9186935825064144 0.810122078442536 -0.4978652311467048 -1.5493081378338105 -2.0039316453059524 -1.8059873446812358 -1.2622543432899442 -0.8406138479183255 -0.7838737263615748 -0.8848326978923234 -0.6594826643556352 0.20374833608570164 1.499389250629114 2.5623650672120455 2.7130401793078365 1.7738886791232962 0.258331422869898 -0.9431722078017919 -1.1804578127069936 -0.493927250957366 0.4640538880016606 0.9599632540540528 0.7089491741898769 -0.01172089828183322 -1.0344330403690327 -1.020153462811225 -0.22362816409122413 0.12583157482309384 -0.30729610074339303 -0.7247202375469387 -0.44813589945746246 0.13684306326475798 0.2063591567034065 -0.2494982508609607 -0.3438603814190917 0.45450058215970923 1.4487926257477703 1.4967345168302448 0.5055268560327668 -0.3359889248604556 0.0067306585704460095 1.079262377112763 1.4125258633315994 0.26978005412473793 -1.4564862607502616 -2.2527636534734397 -1.6307626694970676 -0.46491267545070014 0.21801925893860225 0.38058414315537 0.7077293333735329 1.467303022103611 2.0615026409521366 1.8084595787753002 0.8755077453514885 0.14584063331806302 0.204153117005696 0.7126355738093962 0.8938499172534364 0.45907486452613216 -0.1336881575501044 -0.29287664385470513 0.05362644647058785 0.5039955864822968 0.7232939344372641 0.7446362636358055 0.7350339023274267 0.6513729984003562 0.277668895275734 -0.4322257285628934 -1.1790646269828122 -1.5431759313367708 -1.3474018418569023 -0.776114029823243 -0.19277380075232675 0.10131292014116923 -0.02147295801909344 -0.5054282341481489 -1.119477492957622 -1.5175134490351379 -1.4163331093557627 -0.811225018730556 -0.019477505873265178 0.5318627508848113 0.6154529787927551 0.3424631287673017 0.02737902761247283 -0.0837676050813823 -0.007181850694274356 0.095640428776121 -0.10939320130558138 -0.5379976370916763 -0.771597328146913 -0.5119075535364218 0.06769749648481817 0.4747248381631615 0.4025516614898744 0.0435238768266972 -0.13523737090857596 0.09119869674167404 0.4715269743550851 0.5970237289221381 0.42621405555861963 0.4028063565902553 0.9767768254085821 2.007346373849708 2.7172888736152965 2.3451914526357767 0.8959897369503531 -0.766370766648312 -1.6300436017166675 -1.3958032224473766 -0.6685543443126067 -0.3115386425564663 -0.6109574433926808 -1.0692915703757457 -0.990607705334816 -0.2367795710893422 0.6128539062865439 0.8294462190217603 0.22922294127503592 -0.6932633028076671 -1.2732938498438588 -1.2623290263753888 -0.9106644291603662 -0.5561090261272752 -0.2477383449368867 0.16680669743538531 0.6482925115824596 0.8088785589278665 0.2706480653136389 -0.8122290993523346 -1.6987449186039338 -1.6606614450172834 -0.6982440615778953 0.37982419053058564 0.6805438318243826 0.08625411388956124 -0.6182413004809227 -0.5274173077998096 0.4426358854133634 1.404963139277441 1.3412403615793629 0.1306825633418431 -1.250325610718525 -1.588826733488258 -0.5455843537953585 1.0431660315088274 1.9461421293299188 1.632827044813302 0.6515265295586975 -0.00807665845212003 0.12593577452940277 0.6689064394649845 0.9169742548578755 0.6289664989643186 0.23340772540411495 0.29955297706603035 0.8858277969442062 1.4662423550046189 1.483198677600482 0.9056655262823807 0.20143890527468014 -0.2093307276641672 -0.3839460655764133 -0.6902172916885714 -1.2486553541025038 -1.6523330449197446 -1.3418189283850137 -0.27261356897240824 0.8687174047413145 1.220261398060686 0.5715242206066484 -0.3837144297241508 -0.6767658120179841 0.0058897936266818895 1.0117467963435745 1.3583215166582412 0.6956518551108971 -0.3582706582818952 -0.8447054900577157 -0.4255339482547727 0.279630860256113 0.31265474188899645 -0.6666498044458241 -2.025977730207429 -2.7347359007309526 -2.2848958624994697 -1.078749805359627 0.027790737967215515 0.5048811059846311 0.4840644441340787 0.40982758959113524 0.47604793508982196 0.4672053441269467 0.11837837141295807 -0.4736818877028213 -0.8788769931931255 -0.7724182256093123 -0.284891388387179 0.13655860926858643 0.20211894165234104 0.05898990533415208 0.06365540916410971 0.30666473082786566 0.44498026007649283 0.06753583238854018 -0.7834414499517313 -1.5233757913035395 -1.526643267259453 -0.7397211690501343 0.22876671039488852 0.6603512053740821 0.3810081066313863 -0.13379790426605592 -0.2949217476424008 -0.007183779681997072 0.15139616342125967 -0.40862094780631353 -1.3001033754335527 -1.3732004136600964 -0.1305828963266551 1.525070119413001 2.161264608030286 1.30388690699972 -0.15277106983685587 -0.9867709158128857 -0.8449315216206197 -0.2995620497223201 0.0449884075220214 0.1754985989787145 0.3805635888625082 0.6590943321585171 0.6984489634076078 0.38220971792717995 0.0407728680367863 0.062388520317214514 0.3896124062567612 0.5762595598782222 0.31668701074187133 -0.23345698308354745 -0.67533909172114 -0.7406533766723971 -0.3567352929156042 0.48029248306913563 1.6246914090531275 2.5574332807362645 2.553699113598097 1.376694949333877 -0.23577994835452148 -1.0817616788482936 -0.6760128690922815 0.2046447347911751 0.372314861484062 -0.399690688503571 -1.1020114134163408 -0.7148811753504325 0.4802723209033618 1.1174333810858994 0.32241496182460017 -1.1802296374427532 -1.7681284520709697 -0.6686704894037339 1.2239082299575543 2.3371184071720155 2.022710134557649 0.9917059495061675 0.2808310786858381 0.11732468667658294 -0.04611158029567291 -0.5949699477514505 -1.207622084577791 -1.3273954839501256 -0.9356144496468589 -0.6035213488731734 -0.7892079979169146 -1.288139985984396 -1.4836618313821421 -1.0459504952854173 -0.26393752143851146 0.551134121639962 0.02822354904623937 -1.4480194762817793 -2.311056167680128 -1.858504449556699 -0.6994091561147054 0.26137344841040855 0.7524274785128604 0.937301585363586 0.7823037609345166 0.12929223418724367 -0.6942832181178399 -0.8953721935629005 -0.14898455224280707 0.7843618794967031 0.8341207645246147 0.006477922494443965 -0.45156889057647587 0.44739014717255354 2.039557108823328 2.5829612232396304 1.2720890852604374 -0.7230968016018435 -1.5246135172132915 -0.6331360973753853 0.6630130007402318 0.9691786371789003 0.4069788877829957 0.2038348720910234 0.9101213121043192 1.6052497783415478 1.1080858034876842 -0.3991767733394178 -1.4484029766931605 -0.9973519974700142 0.3428180533398262 1.0606448572141285 0.5191864036145052 -0.3862052692335782 -0.3843031821209627 0.6664764098724494 1.652167335345633 1.4468536358993438 0.02079952423473062 -1.6837891323508174 -2.703802690622502 -2.726315513595249 -2.0211278633057144 -1.0548680328835818 -0.2507775688929695 0.11702818638677584 0.053355855420577004 -0.13536704492858823 -0.10816138362805806 0.1641263273099374 0.4116168583818653 0.45915523051338525 0.4801491344579319 0.7280881812905334 1.0929786545450748 1.1359913334591176 0.64153501055415 -0.022262456320985526 -0.272921839379822