Best initial_sol
Best: 2.000012 - Evals: 13326.000000
Best: 0.058966 - Evals: 13326.000000
Best: 0.058966 - Evals: 38226.000000
Best: 0.058966 - Evals: 39251.000000
Best: 0.058966 - Evals: 64251.000000
Best: 0.058966 - Evals: 64251.000000
Best: 0.058966 - Evals: 89151.000000
Best: 0.058966 - Evals: 94151.000000
Best: 0.058966 - Evals: 119151.000000
Best: 0.058966 - Evals: 119151.000000
Best: 0.058966 - Evals: 144051.000000
Best: 0.058966 - Evals: 149051.000000


Summary: Results

Best global fitness: 5.896639e-02
Time 35.089135
Total evals: 149051
BEST: 
0.026058169506624134 -0.30751903435471684 0.13896809323562145 1.0494116360105932 1.5966861324951196 0.9733094980580713 -0.5718513765901461 -1.1663884630008394 -1.0396213596060537 -0.4526585217078436 -0.5379845981425903 -1.2456083267127682 -1.4877054275810404 -0.5889969651368836 0.8778779868289949 1.8993259292929077 1.7174595548861968 0.9681014434969809 0.6987952907706769 1.076464892124506 1.3264451212898367 0.6857902949855527 -0.6916697227830044 -1.3944175664296357 -1.0584502313453532 -0.26221284284895574 0.18673077705772775 0.16285526369172698 -0.4347451909251956 -0.282929213208224 0.3993751727339466 1.173817538258628 0.7034470521248828 -0.6234568874782204 -1.9032289852620257 -1.716331739343028 -1.1218008483021336 -0.8291495574936208 -1.1663033333114725 -1.7257540895654537 -0.9717063678832364 0.5036498183390251 1.9670109952448283 1.7001232278127658 1.393364342398849 0.8584965900320047 0.9055262947207898 1.6226566184435962 1.2409778710966939 0.0865490251901358 -0.9096518141717287 -0.8933245778188786 0.1380181007068487 0.8157049003446544 0.8320508595187492 0.2805191378302784 0.4203046417821339 0.6413382792902462 1.3382010793703238 0.8508508265310657 -0.6147727961206894 -1.671954934997528 -2.1940669614441104 -1.6688758537926411 -1.2213156640390808 -1.738779567576063 -2.046569372412524 -1.7006658858478927 -0.4905409528643754 0.8872700773508769 1.1635879610556514 0.8758814409670157 0.12369318895882148 0.46908142977538897 1.0240282620998324 0.9733124224483233 0.13808284476808466 -0.9932990292595296 -0.83981742176251 0.047528182392978624 1.1604829282358435 1.5997310395869546 0.993120245076239 0.8536597160656154 1.331456779179249 1.8668300239757625 1.743563264144063 0.4472147705685855 -0.9633066262779211 -1.8405697979426765 -1.3126583073660936 -0.9369210972308994 -1.4502271740193025 -1.7993235612421024 -1.7089963793552538 -0.7930260148474761 0.6454197245546165 0.9292346297001836 0.5280928222304148 -0.3035775963914052 -0.3851279441828685 0.10255219181101184 0.24625913928320678 -0.37295562703574886 -1.2884341207706829 -1.5820703879284097 -0.3919541384869635 0.8321307268060043 1.3822194895091116 0.9038788922487168 0.7547002301797717 0.7661873542495685 1.6819357535396802 1.795765779760143 1.0690202794727715 -0.5055659609147011 -1.2888189198311772 -1.172327383474399 -0.4834430398578732 -0.5286158641694978 -1.1606711588869085 -1.285889343319069 -0.48057475000504135 1.042832735293128 1.5738384159295482 1.039018829734573 -0.03115658452568982 -0.36441698694633123 0.07732105871038783 0.3663596081101779 -0.2263759523307541 -1.0106430139570588 -1.5309666449453885 -0.7482019365366299 0.27807531787254985 1.2629650412255924 0.8626721843235229 0.4553877949362729 0.6887824914235017 1.2101052826865433 1.388250220639715 0.7249202863350577 -0.8898884439561416 -1.8191371466037312 -1.551017516045509 -1.0791111800438897 -0.6818520307034254 -0.9017802949044439 -1.458639872321479 -0.7663612892302328 0.6214300708690583 1.5076994832609556 1.4330448654596435 0.21488179809190358 -0.44051135783491635 0.12349819914519533 0.5635025516864403 0.09565237282463741 -0.55137712303552 -1.4888214508413196 -0.511627841834683 0.9255813093474405 1.8273165064532337 1.8381526182164363 1.3232472184991386 0.7193937105779986 1.1441613620979751 1.7772471196170587 1.2741051226493174 -0.24335192898675462 -1.776384415991693 -1.8390703532606136 -1.265807040817853 -0.9105328466688742 -1.2228446521176821 -1.4629150693252229 -1.31551200894089 -0.13592635921489418 0.8341848570946896 1.018628161327221 0.03810769815192652 -1.222633229604575 -0.7682862285971773 -0.41625782141295037 -0.16087286068217635 -0.6417046391625546 -1.1808490506637919 -1.1449695620547846 0.47770940756362434 1.7308970200872116 2.128078370568793 1.500104908336196 1.2484102151045924 1.6068737174810876 2.017679853747024 1.803257890653471 0.366905884063851 -0.8343739524490649 -1.2544977812013713 -0.8574650963589918 -0.146822028488713 -0.352330788454178 -0.9510173818224039 -0.9639395374612509 -0.1510822196221974 0.8117429389401377 1.0112376166294725 -0.2505576737417164 -1.2040902424286313 -1.6004541136523995 -1.1634016609369755 -0.6568513986705327 -1.2521589115355638 -2.0290856765802157 -1.3803459653563528 -0.4293516099690638 1.1187009187457906 1.5041678381392514 1.1563259546197067 0.6621414767645535 0.9163596996704204 1.6045957078615845 1.7670968756130676 0.5529153030635625 -0.5946815307079512 -1.1412970369972928 -0.6718471262159843 0.3289877457319485 0.4973473040907639 -0.08633381555879586 -0.25285995975048836 0.257312859115191 1.3743707057534402 1.442617873042827 0.645737216979476 -0.7156661526241896 -1.2447743591573037 -1.1431665671762326 -0.8300687729873456 -0.8778747381637494 -1.7333009506245154 -1.7727255160635313 -0.822546861897385 0.6081547129454061 1.5243125115447456 1.4414940027475907 0.525574184213709 0.5719270707253682 1.1152821053921296 1.2822476872026976 0.5476543512570118 -0.9388419796662052 -1.5432101659614486 -1.1215010423520524 -0.040657218015860905 0.17096795853631205 0.10269701783493665 -0.08184764864533128 0.2952510066573945 0.4799494185179153 0.6627445721028605 0.4185685433291638 0.23645481687849704 -0.018951329617376212 0.22421278532274558 0.28671779497093264 0.5155910178766454 0.30341163931175613 0.012526497870652574 0.06764902135827217 0.1984249882263229 0.11944203850234243 -0.05584170573302877 -0.5469276755009672 -0.5964149860024683 -0.4221677275361248 -0.05199158702927438 0.1267971977508274 0.08279248848025586 0.05554860757749578 0.4983942283861804 0.9785723111062133 1.0092242779525429 0.9989194150128731 0.533201277735192 0.320011295915493 0.05479397603157422 -0.020670817572038366 -0.090431241487055 -0.4836749039648529 -0.5275826472856587 -0.3468943214561706 -0.05492321351236261 -0.10475949108568708 -0.14096418682244982 -0.5904824919523621 -0.9203688518206293 -1.0044173289743275 -0.7726408017097796 -1.0176863061163945 -1.250645615460435 -1.1441334227391344 -0.6330474992440482 0.14135053973645129 0.5850838369948528 0.8271513459187678 0.5937779346926378 0.6230855201570087 0.7928462396040038 0.8135107741624165 0.37882683417779417 -0.02217849744349203 -0.12758475309692463 -0.3531462208928155 0.15523863505215052 0.058381179140775716 0.12703456385969997 0.003047798698082183 -0.1568008356090471 0.03213897691509243 0.061617759202388434 -0.1369276251467334 -0.5434046478941196 -0.630904336251433 -0.4146752263036823 -0.03831750545100908 0.17024178849782615 0.2621854209432149 0.37750180397523114 0.8967010031692331 1.1502795659284042 1.1040524101513243 0.8840502984088975 0.43701520987387893 0.19236830454224563 0.3916261886395162 0.4274765855243288 0.20510140628315393 -0.05592356576050259 -0.39769923194347545 -0.30336608350520544 -0.33749647365962376 -0.4483362885283169 -0.6484993868023128 -1.1109644495464708 -0.9759338320699142 -0.7084525501771088 -0.38852560473812653 -0.40031575523404495 -0.280411357473856 -0.08591106878869291 0.22408734303795322 0.41645160639780676 0.5032674023611389 0.2818239618209237 0.023963525993777178 -0.0351981217476029 0.12970176300422284 0.47150501670945033 0.5077885228506288 0.26646041541915994 0.44214994500210764 0.28659313034452055 0.5148505514134171 0.26999818610256593 -0.1317104717310886 -0.5224578419456024 -0.9357842048948946 -0.6438988844087495 -0.5140776974306432 -0.5418264773231986 -0.3905080545834144 -0.1777566533186547 0.17474568654256445 0.8171885788176233 0.9083163660114729 0.6254227549416468 0.4133599556641641 0.19312377852330748 0.1376728846409874 0.12241079485535433 -0.1760451727009258 -0.25239166194779467 -0.3283834745621462 -0.05815332684591057 0.42997527644921835 0.25019073966904437 -0.3843050247228522 -0.6005946635922009 -0.12161850668393083 0.8176747249623707 0.5362911259892434 -0.32633621242649763 -1.2599964996615576 -1.4114609687041266 -0.469626952382096 0.025479856072230998 0.404272221674847 0.1451629594979462 0.525447898995349 1.448768244872086 1.6632902859920968 0.816766142611177 -0.36510090597415173 -1.1307911508246786 -0.8358527968845256 -0.22211955707862774 0.24137316424248315 -0.3282748125940328 -0.38629971751946013 -0.03840405696264336 0.06587772847981435 0.11705271728858457 -0.6435881106002356 -1.2713950247146226 -1.1362424875291979 -0.20338012870254654 0.6884635249091637 0.7088320768049898 0.2440840492304045 0.2927575792518804 0.6042009318967119 0.6947101685684589 0.6341230834961146 0.46210466005551426 0.268977366860247 0.8071275810617424 1.2652216436852748 1.214347823571959 0.5515661616890687 -0.3658575758681401 -0.6457278557218913 -0.44118252115968304 -0.3123391878192857 -0.4366262742856944 -0.6958641281548555 -0.47124476871814514 -0.3201515187963425 -0.38263458846562515 -0.7355892219613012 -1.2506922444717863 -0.9752427920325367 -0.4021825686220173 0.26384755821832157 0.6406200262770814 0.8450543453296684 0.7671814575201253 0.7324693610006088 2.538315591076328 0.7424809253294276 -2.0047671461591094 -2.367834074444507 -0.326915838444115 1.4725737003864168 1.0122936783300536 -0.3257905289214915 -0.38957230709013746 0.9161247789271962 1.429418801901464 -0.7373902202335363 -3.2116191377189423 -3.3125988235620305 -0.609156572264749 1.60852192943982 1.3497386251254941 -0.49175898638036103 -0.7473704435200828 0.6017191850435928 1.756364996677822 0.9968492642909604 -0.6128320161872728 -0.6062148354617367 1.589775435031971 3.3261145923320017 2.186004448632815 -1.0502349444497039 -2.076445038580795 -0.7995573458870123 0.9047037866088902 1.1970283511816235 -0.19393271419521108 -0.5310937492009151 0.6570295372893226 1.7309293955713958 0.4189301235776634 -2.401661113578187 -3.6418007460549418 -1.7333940085387713 0.6130230038047753 1.2964004689932471 0.0666016736522763 -0.6729823878116427 0.268518063090575 1.2223063624185027 0.85787964110723 -0.6256308908943775 -1.4801690417883684 -0.4118976765130987 1.1700590793466974 1.3916063691035792 -0.3131094464980615 -1.3465636219110695 -1.029412286098881 0.19789824474067857 0.29466764735242246 -0.6069870097627786 -1.052478536895892 -0.25596365968720497 0.5433063913067545 0.19874261482432856 -0.8303716589751674 -1.0714449964011643 -0.09704243794450604 0.021097066522090258 -0.14133601518005665 -0.1251969990761815 0.2754996276742374 0.8359138733665836 1.4319685769278625 1.950660701252953 2.1183639199656343 1.7946447471917388 1.192094754983317 0.5734463152617911 -0.11362662598662744 -0.750868520928198 -1.519309048908869 -1.623048510733414 -1.4053202646456329 -1.1161827270427285 -0.3073698746793619 0.01035375747728596 0.09593258845023826 0.2219991912500594 0.10286103105796122 -0.23817623616241126 -0.5095371353325359 -0.7572421306914534 -0.5683137353459442 -0.18621830066638706 0.20592066561647387 0.9336420906562181 1.0778436811992724 1.7642621126521296 1.686723056983121 1.2915928533725882 0.677454573040199 -0.3846003882004043 -1.2725497377788264 -1.9423190680064024 -1.8801178803026597 -1.6605044801687399 -1.36939477587691 -0.9618453828507247 -0.12791513138634297 0.06823396330196543 0.6028907601366478 0.7309638337081117 0.38363057068053685 0.0836827729094974 -0.3369534927879865 -0.3722853140302564 0.024846610974075225 0.46728553144207885 1.0888989141643346 1.6491462735445939 1.8171617832561202 2.274115843312031 1.8771304178701627 1.2945673418526087 0.4912730266040736 -0.31249433627487794 -0.6226854737056755 -1.099682837738265 -1.4816816620274966 -1.1346352543557932 -0.8367935270772554 -0.3483642026516421 0.5979406980591582 0.5893044706912686 0.6628329617965243 0.472500104594797 0.15693861603097017 -0.057630340970990464 -0.24019230221154253 -0.3778889476590053 -0.38444059047302453 0.3553122791156495 0.7653954550773467 1.0874102261256147 1.3351577021525405 1.1316051984264444 0.5258871826854724 -0.13426436170532316 -0.8414621143260952 -1.3930530987689675 -2.151489056106159 -2.296908487770751 -2.1888911357775096 -1.4762492050088754 -0.8807293829560386 -0.6348799085357718 -0.17299309292566706 -0.06022356285179611 -0.42510066879680636 -0.20518013794489898 -0.23694668567061067 -0.6621630322169135 -0.3438268909567785 -0.24405248369316013 0.42854484789322905 1.0728128136668416 1.447810901190758 2.0949185816807616 1.498337865865593 1.2371175747899394 0.5538439075715296 -0.11425541912126709 -0.6063998199650221 -1.1596029940111041 -1.5001323039787424 -1.2827653662916065 -0.41202505393371314 -0.07460598902545715 0.3470303965923863 0.7658418539835742 1.1052823148721824 1.0793036747539955 0.7673801867119089 0.21074913291695 0.006889906860665957 0.036825526988005744 0.5787393478263957 0.9437713441874184 1.4757731432034873 1.8273553784629206 2.17899729665735 1.974616113101491 1.7680470704522289 1.0005390988540934 -0.10525824154878238 -1.2152975743214616 -1.515569461488563 -1.7209531408313536 -1.791223573580647 -1.8656444124426834 -1.9013969823034829 -1.6504261472333988 -0.5438009580745231 0.2847537784184208 0.26771540199796584 -0.2863359193597327 -0.8168763396725381 -1.0244030594568345 -1.0103014706046087 -1.0117317445534901 -0.8661351452404604 -0.27343407814748555 0.4880815880476665 1.4479426643383404 1.8827435956396843 1.4307551696976952 0.7520281959631313 -0.005315492907609412 -0.7725565561608673 -1.20807542798676 -1.6946115451326635 -2.082513992915018 -1.565498864152917 -0.8645082906241087 -0.13772656612382478 0.3511782047079008 0.26771779771932874 0.05638731068976498 0.2811609768071209 0.13009935104697898 0.29340510708407924 0.3095088101281634 0.3691645762904252 0.7298225902162836 1.4241518370838864 1.9411884381169546 1.8821934993525529 1.6424564828756905 1.587176081990816 1.5804637280432865 1.0999893183008767 0.4657377825169375 -0.324111507138745 -1.2232692574335355 -1.384425512837724 -1.203743732686711 -0.79966522172189 -0.5823838175571702 -0.40810395064927285 0.19331280271430956 0.6191683988947702 0.6734217550365504 -0.09659003008183421 -0.5323728042899348 -0.8566711585113651 -0.8289802200329904 -0.5475493001408919 -0.07087880902205959 0.7448958250341772 1.2731903712212005 1.5179371551686172 1.3726203735368339 0.7445488246458076 0.013548352518796459 -1.064823619843489 -1.7526348324161012 -2.144263599670118 -2.1018223895826353 -1.7876068587140095 -1.419761096556283 -0.7740400018840335 -0.29917503875975876 0.26190559086544973 0.18353242965557348 -0.06959940181876148 0.12560600807821018 -0.37244047164952404 -0.4270395185670994 -0.3053906437021501 -0.13854287851011002 0.450806388123541 0.9876569261056631 1.5409159972815296 1.8172541813452425 1.61488961682186 1.5232358008003943 1.2282900531304486 0.7405479672834414 -0.10701893047515959 -1.1624711703029258 -1.8491706314716876 -1.8086918799932665 -1.0708443736923305 -0.9864479008133618 -0.4533593417999092 0.12661839810307784 0.8121795463982571 1.1897556002686809 0.9504528499549609 0.2132389013833779 -0.6769853725674873 -0.41123343258355793 -0.06914221377581643 0.14194438961519235 0.43391840395417436 0.892222651582758 1.5012469210232169 2.0566285095660453 1.8681326290211513 0.7987623349140741 -0.7205961133472528 -1.24752889497232 -1.1955324402252392 -1.3243682779737918 -1.7634000814479478 -1.9854896000691928 -1.6249810517756835 -0.33690980397037845 0.2483860383448821 -0.06249289763691942 -0.5122522246514934 -0.5594878634851713 -0.14400252492961693 -0.8595942304320343 -1.23687014025549 -1.1236591033664607 -0.8786545204516163 -0.8193082960451548 -0.8848026209904886 -0.5309153966970301 0.15645339332915342 0.5321671679622628 0.7720743255734194 -0.03343633111872357 -0.5853981126543306 -0.8719190354151144 -0.8151920634447959 -0.4120707400489086 -0.5363915520989444 -0.7995530705050353 -0.4243793084067001 0.1668646238700911 1.0743951305324488 1.2437285630232113 0.6872883407180052 0.3806542799905458 0.17619457992526152 0.30151481199696 0.4411273962009778 -0.15624216453218157 -0.7203921945148061 -0.6672108511608024 -0.1887434814002129 0.3481550868002668 0.4103638211417868 0.08015975112630994 -0.2551884368693588 -0.29692376573646345 0.01360889987267471 0.06444905353848678 -0.4051042261135968 -0.6639644358443975 -0.399487501674283 -0.05185384486400007 0.44567697593473193 0.492269480392575 0.06865488638363815 -0.04987285613470766 0.03836370819225585 0.24526906706053328 0.34549728159722304 0.16967144140214105 -0.20892012179024214 0.06446337640008537 0.5037745126359651 1.0388004713413364 0.9048906770783975 0.39439338026061227 -0.14922826618543666 -0.014982883913393833 0.2256205190178851 -0.037708004938921985 -0.6226630331485457 -0.8596534151718505 -0.6839179517497963 0.07209751744130097 0.4711052913703214 0.5387809247103627 0.2792599731903705 -0.07762440917546706 0.04888939860034712 0.12360819667706083 -0.25275247203244805 -0.8188279090444353 -1.288996045080559 -0.822845936266487 -0.18930572997108638 0.3184770940623992 0.5435384082988223 0.43291185299567214 0.5800656378564788 0.82088018681786 1.0515559652148376 0.2790827250311215 -0.5855963309107798 -1.1039436476435016 -1.309302854333489 -0.748490272799369 -0.400322421324711 -0.4090298694301013 -0.3385933594692256 0.054608244930476765 0.5342704870744271 0.9668708235567518 0.4901962834812063 -0.31093448110283833 -0.7511678928186385 -0.886368540190788 -0.7436234681821478 -0.411191684890207 -0.5594871742629831 -0.4676770934185666 -0.014833969698659842 0.874572080598477 1.3737178149511569 1.3984315626351471 0.5663206963146653 0.38631470703985726 0.42298876247981865 0.4264810677833003 0.22837255383743482 -0.18935915955760946 -0.5928597570832809 -0.39377670435428025 0.4333527607368077 0.6575729628504504 0.7532917100673407 0.13254944629113072 -0.18516816007310286 0.03025256086191029 -0.09857675607381129 -0.3478167118136468 -0.7083785007310471 -1.0277915159222328 -0.7553958723422508 -0.20464448094884954 0.2195201011781102 0.0850981260671498 -0.30297567437766776 -0.42788908032424483 -0.06890249183384507 0.33631998148698894 -0.17382296955658535 -1.1398982382533616 -1.1773446429445018 0.22994079802979892 2.066525228739509 2.478178019474721 1.3482796974864177 -0.3316081387952591 -0.9094699736447651 -0.24119022806652027 0.05783504504636621 -0.4715747775393097 -1.2342474724799921 -0.6761623037048275 0.8558178062605246 1.6536141127986492 0.8940519093366578 -0.7421612309764549 -1.739724930527677 -1.2510608662891858 0.053266703992597426 0.25404297388494224 -0.6364397689555458 -1.1955035443310529 -0.6994071100961171 -0.01720455940699656 0.3963539566772848 -0.4849004652818133 -1.1137156150313585 -0.316347413208474 1.040549516346803 2.0602709431094515 1.6039808381038942 0.22238277641770096 -0.6617117114000814 -0.8020990462497425 -0.6837929176114771 -0.7279234976355967 -1.0267904576213378 -0.2888052924193159 1.0976399070317884 2.3465435639870136 2.4339546924354876 1.0660285402520147 -0.45567135497642164 -1.186799473941039 -1.03886305053383 -1.046418769015863 -1.1573544327678682 -0.8223840810907121 0.0638472713762461 1.1514524949262583 1.2769085773158464 0.7795974335608957 -0.34518611985426867 -0.2658839680901943 -0.06578944548585867 0.37642480059992256 0.19079613133584458 -0.052508172284155157 0.05691957340213914 0.18929206740972573 -1.168902694919404 -1.1421176871197336 -0.01998400611565237 0.4989340483880412 0.3919572489745996 0.48329730743639915 0.9110554291350271 0.9329132678722757 0.14473032994982807 -1.0095317462974978 -1.7021990310388213 -1.4687685133696988 -0.5595855007756548 -0.17712798804120436 -0.04636515987604958 -0.09579562667216768 0.4541936272316233 0.6027459561356835 0.026425132070121055 -0.9374138719614413 -1.1325753357996091 -0.5588956178878702 0.08987390043720933 0.023066514142203544 -0.15141969157307833 0.3109717133517008 1.154420496086122 1.4004447290337934 0.30289774242837003 -0.817118276615386 -1.3766024666074694 -0.33271227338642173 0.39456715046932805 0.435744061902119 -0.3740477655095336 0.21894596807308506 1.4231838406371502 1.6012037742789835 0.14305431339300934 -1.9652709158193191 -2.5645059389702762 -0.9059533164322517 0.8618374256011361 0.6402894679713103 -0.7905651001230779 -1.0143041532961246 0.36152804580459086 1.6424486196851484 0.9625352254333741 -1.2360108389769688 -1.474445581686716 0.45747602725032616 2.712546208545441 2.655947656200035 -0.05563343487895577 -2.1834908757511333 -1.3639145672783342 0.49252044347711194 1.3647631927758257 -0.001444008219585839 -0.4286138135375836 1.3313781571120884 3.4790788018331296 3.4239708552084003