Best initial_sol
Best: 2.000001 - Evals: 16401.000000
Best: 0.061034 - Evals: 16401.000000
Best: 0.061034 - Evals: 41301.000000
Best: 0.061034 - Evals: 42326.000000
Best: 0.061034 - Evals: 67326.000000
Best: 0.061034 - Evals: 67326.000000
Best: 0.061034 - Evals: 92226.000000
Best: 0.061034 - Evals: 97226.000000
Best: 0.061034 - Evals: 122226.000000
Best: 0.061034 - Evals: 122226.000000
Best: 0.061034 - Evals: 147126.000000
Best: 0.061034 - Evals: 152126.000000


Summary: Results

Best global fitness: 6.103375e-02
Time 35.453233
Total evals: 152126
BEST: 
-0.006436111023000699 -0.8569935676662691 -1.167939564446696 -0.9709040753282541 -0.7761976405132535 -0.9379941965698778 -1.23842667816699 -1.1794103056244716 -0.6282382673753995 -0.03230613814892344 0.06767366597560782 -0.34546581946605076 -0.7430369660537482 -0.6547742383076829 -0.19050865553677257 0.13199474227199803 0.030015864411892444 -0.19906115368530236 -0.049307281716258915 0.5553740409135393 1.1215636332353482 1.1255879150960262 0.603138902021534 0.09505326831933335 0.017677513238324456 0.20363336666342116 0.1486063538351425 -0.3381404456235922 -0.8686897263280344 -0.9151104844724652 -0.4376473395465495 0.05077725064868209 0.06661498610935442 -0.29905219534075655 -0.5120717876501999 -0.24096095350467306 0.25085112984140584 0.4310614340465152 0.14753227256760743 -0.17925689899008249 -0.05324138408420562 0.4975824461645132 0.9360074493775753 0.8310010631933306 0.3502246175826826 0.04928205129944139 0.21260275893898964 0.5308381755592475 0.4932952501273022 0.022292319318572795 -0.4130784323350315 -0.34407025585095224 0.13528139064913447 0.4643717477668177 0.25969481246784903 -0.25036975697761954 -0.5096410001604653 -0.29453076152545027 0.0368907883977683 -0.002343067054417962 -0.4192496564913405 -0.7092691984008985 -0.4487631932846874 0.1896662429517967 0.6121241532030487 0.4686419009779819 0.02561228432067033 -0.18276402094443028 -0.002705193388437997 0.1695170137021769 -0.10470198543705662 -0.732977689650944 -1.1468679522474683 -0.9349525232907157 -0.3103757158088079 0.1358989066710139 0.10460266127274798 -0.10740280910339868 -0.01683223591047375 0.42373955769434724 0.7437945083327697 0.5165818063526872 -0.10447778662766377 -0.5219231644054461 -0.35287768801196795 0.15674198207838524 0.44526065286205563 0.294668075885551 0.05672741703115881 0.1824334250594115 0.6312464827507503 0.8755858834265824 0.5095977657541323 -0.2576356516351475 -0.8116814551334791 -0.8046360404844304 -0.5053475269817296 -0.4247625199245842 -0.6772654779785937 -0.8424181225162666 -0.4920701149585895 0.25134640320874335 0.8033711105941413 0.7606577333248503 0.34552813963707335 0.13024975922845786 0.3683762320665751 0.7228520129455044 0.7029266145729309 0.2790350675478663 -0.06429725435497892 0.09312963934289124 0.5884128349511294 0.8399664314047884 0.5078307007791153 -0.12353097237030035 -0.48911032851899144 -0.40240454888882393 -0.24643494355293488 -0.47893603385656625 -1.0478233875242673 -1.4224321986597575 -1.209044405933064 -0.6210458459639466 -0.24167970931403077 -0.3550131190491672 -0.6334428873826708 -0.5477334882595148 -0.006461151752005701 0.6762070271027923 0.30997337724186264 -0.6598486431079793 -0.7547773193794106 0.6535955924874918 2.4010055757141036 2.7718863049937794 1.4572837822301867 -0.13277593534619767 -0.5560114016533618 0.059059698394655524 0.40619613137299054 -0.209503367663129 -0.9874173582718316 -0.7418278410962499 0.4476604001701588 1.1878061845657566 0.436066289292394 -1.181968889870334 -2.047265230605385 -1.4045131684505336 -0.15273195389958127 0.32901186025866463 -0.18341139307950383 -0.6602045482821827 -0.2630326554320937 0.5609730610975319 0.7085591006527281 -0.07912449165741968 -0.7921521163289884 -0.3650957682305929 0.9775501097228522 1.9179047820564816 1.536440790668846 0.2869625696123112 -0.656726044770018 -0.778569482567802 -0.6193832199285662 -0.827662466925262 -1.1961083081874058 -0.945464727442933 0.145564710060267 1.2637672299980365 1.390028708455661 0.4315971439608054 -0.7077943912522546 -1.1541734192420858 -0.9092105695098713 -0.5715313261692968 -0.44267131692530165 -0.21899023004433563 0.4099659825579339 1.1445607655942627 1.3229796902263082 0.727692776141691 -0.0947693054423066 -0.42944665479614963 -0.15330780465785046 0.25045259627731614 0.357978458343384 0.25066946769442244 0.22446390961115834 0.264320945998883 -1.7569770709549457 -1.2481319281575223 0.15257610093454504 0.7869879783683221 0.3446044189703179 0.034647542231006585 0.6636500156129085 1.3880746484054134 0.9052094486931621 -0.6021951008537552 -1.5255247900944298 -0.8790916829579885 0.4315126009997393 0.8385609115009643 0.13417173883698838 -0.44495130239536007 -0.07617379766205537 0.5039591395735467 0.14184728066323266 -0.9891423646584616 -1.5539951790903304 -0.907292784553289 0.0043876282652226 -0.0053696203902903585 -0.6750610504173298 -0.7010412381864849 0.3032548922979997 1.1115487755352604 0.54426858401184 -0.7918779338697491 -1.2002765620566578 -0.1715294165215921 0.9214805477835866 0.7509230630269588 -0.0791889603629549 0.08569032757972829 1.432021295005283 2.112589702479219 0.6723870493038385 -1.73121027427843 -2.5195463386918178 -0.9487652916577153 0.874839606663398 0.7172903328214709 -0.8810659562874493 -1.443037751449097 -0.04872171591765128 1.29200303282599 0.40163594907655736 -1.84088896235404 -2.3440687248862773 0.137138789977343 3.079284740973196 3.169294589099968 0.4693166319261195 -1.670060686050305 -0.8882400697419072 1.302291172911115 1.7835898483723096 0.14794185620935763 -0.783833487034954 1.0218185628888279 3.689419075319014 3.5678394589732134 0.0007355388895015317 -0.24014266204535006 0.25199000567506386 1.2329986383052265 1.6903933931575759 1.0073968310620993 -0.2925635486869219 -1.108825133664754 -0.9768483624421515 -0.5089964051273558 -0.5629361339703547 -1.1486117301899474 -1.390701558262116 -0.5961008203526301 0.8475669932162521 1.827378394990046 1.7135426007402563 1.0065519325068413 0.6758690120752938 0.9880744226335689 1.22330966300224 0.6078390733564863 -0.6621845404063766 -1.5468552523114805 -1.3105550561566244 -0.34583343657076143 0.29825572366863895 0.12017261150030116 -0.31760450412060987 -0.15687743858521436 0.6396898564519007 1.173016516878395 0.647213986978373 -0.6657705332811373 -1.6866047159135278 -1.717098507079244 -1.1627085474035137 -0.9523544952075279 -1.3659991377302338 -1.6791148252115489 -1.0520473560628205 0.3983787832187408 1.635122939406187 1.820975238799079 1.2139389327537058 0.7920711427974376 1.0665764786244574 1.4996773807337356 1.211329306765314 0.12074617182727908 -0.8577773811455003 -0.8178953813220239 0.1106735388707129 0.92230419481016 0.8913937600134654 0.35906183028216687 0.23135222695836838 0.8077748819738734 1.3548091431926257 0.9487229638304189 -0.4068102428758796 -1.7198914277123536 -2.0905149884588345 -1.666543400726945 -1.361762834955979 -1.6930243766298303 -2.135605890404175 -1.7699277452463498 -0.44638283322706407 0.9323946026377405 1.3682950005735273 0.8494138480270428 0.2919035803798324 0.4240964969621386 0.9455660254880974 0.953480437407178 0.11361943322932291 -0.840385330197377 -0.8954391000521364 0.08256886878752875 1.1874867253600603 1.5010228238206262 1.0967088518401211 0.8462949642913453 1.280704229137142 1.884937186259205 1.681747982773198 0.4176651508570608 -1.0625564835868027 -1.7134476974030024 -1.411927150999203 -0.9945874750941802 -1.1872552688893996 -1.7154846025327584 -1.658164463661721 -0.6177697582017158 0.7015208694293384 1.2182133281263705 0.6624352533939426 -0.16377694928832945 -0.3534347685262368 0.06414326791264745 0.2360919375379133 -0.3987260847661094 -1.3417372314863472 -1.5501954491785952 -0.6398700158055017 0.6461279539075737 1.263067417737552 1.014386250629721 0.6772729499905761 0.9787844356910755 1.6604796305913478 1.7601561313384866 0.7812339150393005 -0.6465911957732029 -1.4148200248927896 -1.1432464935962716 -0.5330483205954472 -0.46659208541342173 -0.9369607760906624 -1.0857356126732949 -0.29533947296125074 0.9772573242590066 1.6396379207505192 1.1745864900376286 0.20125392635995526 -0.2694746294324939 0.00074328471376376 0.25471808030109777 -0.1641269243171805 -1.0580247785863872 -1.5251936162520776 -0.9810138223873336 0.15851607505740883 0.9307494127961383 0.8899838346682175 0.5368110258172252 0.6252163709264195 1.1825570543030115 1.4243442904028785 0.6848229376239424 -0.7261825624475523 -1.771479609852141 -1.7794643570320574 -1.125874371464532 -0.7199848663087082 -0.9106752183329484 -1.1086777480333672 -0.5678379240598465 0.6150820551615692 1.4973862098676023 1.3230697740978599 0.3872161767075553 -0.29810307713642237 -0.15740951359231933 0.3285649443561567 0.2695462924357224 -0.4937811118535221 -1.127478450510488 -0.7558106950687814 0.4899079450452537 1.5749530761199686 1.7121346288673214 1.2041684039947342 0.9834492777753066 1.4105780208096188 1.787550688167065 1.1934719255236528 -0.3429289841942269 -1.7494876472036496 -2.0481479040348614 -1.3997256667457465 -0.8359664820526123 -1.0034324401797423 -1.4277638413882316 -1.1685081251038527 -0.06566959442912504 0.9482155717047434 0.8778989706696658 -0.1727450678598627 -1.1005308284897029 -1.061770092119199 -0.40034523698036506 -0.14938324031568148 -0.7159108643536709 -1.3386417501297132 -0.9806307807215661 0.4055774987318954 1.7621894901716257 2.1069289600900594 1.6088540869391708 1.4784922274170398 1.7816786616346822 2.132545904017653 1.7222738664965638 0.4167762036592345 -0.9592948303200123 -1.4381215667711948 -0.9277767630748144 -0.2725492062046097 -0.26765404135956644 -0.7574085978364721 -0.8762175883953491 -0.16360159736303082 0.7737726847367409 0.8887407106310504 -0.08424322274956324 -1.2672215571981749 -1.614885907480784 -1.1004127277294011 -0.6849478443248449 -1.0821259101030214 -1.8121523376665005 -1.7332248809108985 -0.4469447594533856 1.1300200744931304 1.765563745650989 1.307201700144305 0.783197115593464 1.0838824944474905 1.8383475150313353 1.8760773581267833 0.7151006211797418 -0.756493890902438 -1.260304238150613 -0.5851237836168824 0.24162245035988344 0.250848944433233 -0.31242199066427917 -0.37973432787502803 0.5207396511481923 1.5852674886793279 1.6354249593038905 0.49558040927539354 -0.8112320604394861 -1.2499403432865108 -0.8920615343537163 -0.6659368402647878 -1.1237516128904024 -1.7553518112452258 -1.6359761099438186 -0.570690722020014 0.6480523258247469 1.1302125355735844 0.837785393559037 0.5050120982355397 0.6969226275260832 1.1443927666796465 1.0974760252502338 0.23527879947693658 -0.9196124690682571 -1.5206863108556032 -1.2415199604675928 -0.5308703127990152 -0.05841171590341083 -3.850801019011077e-05 0.2582918686184585 0.447555177999011 0.4517842717674013 0.15873030213070158 -0.42422888069275416 -1.117425556398694 -1.6577335008703897 -1.8571874136657276 -1.6866274307769442 -1.2256981383150314 -0.5651303594970586 0.21883587669011825 1.0083437679980793 1.6087711836324112 1.8252718197931619 1.5984253869795193 1.0628501793382987 0.45930274644576086 -0.01658014156630066 -0.28982781472102087 -0.3607787740440376 -0.22944849863704717 0.09825921270736286 0.5362079638669094 0.888212826041649 0.9400219051411476 0.6083216240046763 0.0017334933552638479 -0.6622670056568574 -1.198012547462181 -1.511355784599316 -1.5558222468693612 -1.2777551621577623 -0.6520276312732891 0.22624121438331138 1.1159029225957358 1.736569141931154 1.9286774218440035 1.7199778042696003 1.2538095549203752 0.6689845150820038 0.06101512963808938 -0.4664986101177972 -0.77108042325592 -0.7352828196321954 -0.38249901431393285 0.09278944988510723 0.4334338913763238 0.4781359684210204 0.22481998491780186 -0.23436459999447068 -0.8091020321479342 -1.4231849991484862 -1.9545401114352985 -2.2152041528007262 -2.0432364961163016 -1.4320344225157275 -0.5669449678087001 0.2844108244097032 0.9230099380383465 1.2762950246916847 1.3417525130291827 1.1187774199724796 0.6268830099301314 -0.017751475712921044 -0.5910366659565577 -0.8694687060999303 -0.7746238174231844 -0.41618384171642275 0.010082258827463024 0.3541135123594213 0.5536086438938598 0.5749311266793531 0.3688725041750348 -0.0846193622284709 -0.6840787387176794 -1.1989731980254523 -1.3900327495158784 -1.1583234901339035 -0.5870566276416642 0.15078763870865092 0.909342641077801 1.5917980174116684 2.0944150845378355 2.281067307985172 2.061231572075095 1.495809407357597 0.8056505079738023 0.246319139809385 -0.04216524750026284 -0.07437945622124954 0.061248699656693356 0.2940242727695874 0.5689158536302392 0.7827522746127424 0.7747100275157432 0.42612620083307945 -0.22180024618255934 -0.958865861331284 -1.5332598279424665 -1.7942444608959027 -1.7278517724271485 -1.3817757658815946 -0.7993354309402246 -0.044828786226647946 0.7273114177695654 1.2801695120740706 1.4161984660825238 1.1098356735701693 0.520467137054717 -0.12781166038212427 -0.6769040438455384 -1.0597552532392953 -1.2368599296434555 -1.157177781374635 -0.8155142152503422 -0.3333964531963213 0.054187381226530565 0.1336267222321055 -0.14773821253154404 -0.6673419927317741 -1.2374683474343628 -1.7164349026863002 -2.019220632391647 -2.058138837015498 -1.7301540044170898 -1.0012373993364279 -0.00012992283761506399 1.030751221520726 1.6650189720831754 1.8481710789678765 1.8132116984795572 1.7257688919912761 1.4894649670242566 0.9523664146302245 0.23597571765541203 -0.25917676446965804 -0.2195896498241016 0.2640599628467462 0.8005706146018203 1.0899592523396195 1.1390096282949007 1.0829334475262828 0.8962770544186796 0.39856126069694026 -0.4399693976066067 -1.2962050448214983 -1.6950461404018247 -1.4204442862722486 -0.6796955503022071 0.1435215767228292 0.8358611209201636 1.4052854602132876 1.8436067075629834 1.9668669461295665 1.5809146310564848 0.7684749515448182 -0.0832457013127064 -0.5887988599858441 -0.6733455478541006 -0.5470117341553566 -0.4146901968983791 -0.2852234052671116 -0.08945267340128249 0.09719082310728176 0.047126240363398145 -0.37866566048015615 -1.0415938197189107 -1.6295038197064842 -1.9350225938943229 -1.9811423619564485 -1.874699649813699 -1.6081545444046004 -1.0768686380498478 -0.28184713335739575 0.5548695026762878 1.1296966257489875 1.2963900352877036 1.1331636134358738 0.794412727951961 0.3552948718440382 -0.15433333911461067 -0.615810264372167 -0.8108902600635967 -0.5950674979916846 -0.06160721643874004 0.5066688550120438 0.8517406328968671 0.8861910514578984 0.6461088029110459 0.17384127186953127 0.030748773981157263 -0.9472147079123454 -1.8914387346015198 -1.944790019582744 -1.0206236677597662 0.14040888483602545 0.887984290469026 1.3236987122482597 1.870112309980897 2.432737630736595 2.3830700898808805 1.4324999904146807 0.18937251774493608 -0.4284601546507121 -0.21860303076466484 0.16957344686941614 0.1437018116608005 -0.09812337967902195 0.036065912026165936 0.5944109265276495 0.9092768610628639 0.448920973843171 -0.4639528584516805 -1.0500948727147268 -1.0588306843522177 -1.0158245238950099 -1.404168880491972 -1.8978153214466504 -1.7066779316689522 -0.5998477076266122 0.7363013257364238 1.470226428513325 1.5114295744124302 1.3895741836308548 1.3826861458429933 1.128511912208232 0.24429259225483294 -0.932388765669318 -1.5473815314667048 -1.174360124196263 -0.2938687248028277 0.2957986304896446 0.35009394813778333 0.24746692679345803 0.2780649520141775 0.19056521682443386 -0.3971305522413986 -1.3372498724701127 -1.9822138198826151 -1.8895678938865943 -1.2764570844343097 -0.6584916831899048 -0.20273085560777404 0.3409740267133388 1.1114852266349824 1.793518073019905 1.942626480043882 1.5193584952477854 0.9088546105953434 0.44142653187678466 0.09083151501112377 -0.28050378565368905 -0.5581076600504274 -0.46822375132571586 -0.0010619555117235367 -0.26915652098492965 -0.20521265777288275 0.1450274134609583 0.4236059354972399 0.3898132854017655 0.19836724381953044 0.19820100745182384 0.49353255445029953 0.7944720840459532 0.7411389109707944 0.3204333334807317 -0.11611773171553218 -0.25511041886176467 -0.16563834750745202 -0.18175890068696993 -0.4683622272434501 -0.793622993922739 -0.7848245226745588 -0.3661370383169951 0.138846181529899 0.36816167096248575 0.31599211091315693 0.3021122440227621 0.5561819210784665 0.919281629341427 1.0194084737444054 0.7160168055406544 0.27956160553254217 0.09198998251002641 0.21688047003237762 0.34580696653771525 0.18008659525017237 -0.20807529188190793 -0.4652799291529845 -0.38783577444384965 -0.17744422996935277 -0.2122460231362495 -0.6013645674639541 -1.0499457099116367 -1.1941093047930387 -1.0099049866934 -0.8142466301994943 -0.8606944019071711 -1.019492893938814 -0.9244151267416114 -0.4175431633717529 0.24096529345731488 0.6456099368531728 0.6864127680468299 0.6370537529136934 0.793658794565091 1.0991538255015838 1.2039177514836237 0.890654498552448 0.3561054937903871 0.009327219821442582 0.02087979492899314 0.15189921011820093 0.062090172221091734 -0.27289806902430613 -0.5332726572908694 -0.44410354140228675 -0.11913373668602976 0.05931480766458802 -0.11790718627753351 -0.442158205202683 -0.5308554763238118 -0.27105515323572704 0.0629685265405841 0.15128016287462945 0.018883384913430938 0.006595279168271092 0.3529937465353553 0.8880554957579393 1.202556543775212 1.0990332540733097 0.7946690043904271 0.6388484827052041 0.6881986966233284 0.6467720828743788 0.24089062470559297 -0.4187578984813691 -0.9270414266072268 -1.022528554932362 -0.8636744427372075 -0.8164245628408027 -1.010769150714694 -1.1935393709846682 -1.04835792293935 -0.5992192203461568 -0.2103283779095003 -0.17617860267610927 -0.38783336351838926 -0.4665835650614878 -0.210311152370565 0.17748916854438798 0.3437199081935705 0.21597685086275367 0.09232725614085133 0.28124300773239547 0.7187145260579106 1.022426831462278 0.9216580171223122 0.5576176017251625 0.3022551938962125 0.31503509387151246 0.3664207704473781 0.13709413377419633 -0.3674752109215833 -0.7847633727476229 -0.792358181227655 -0.46590901789136957 -0.17862727342592422 -0.1624370776776588 -0.25273551335730055 -0.1149006108007148 0.3202257023071485 0.7397082291330945 0.7925481541306437 0.49164878365354675 0.19712695199682176 0.19865975680081388 0.3911849582909077 0.42600013944974624 0.14777501533248394 -0.2028558306021282 -0.2678524303443563 -0.0009584250618942372 0.38865304437486964 -0.06953927696698475 -1.0216177588237005 -1.2839244316395042 -0.3538552601580889 0.8480956538999621 0.9862372055207331 -0.12607624100868967 -1.3155143324082708 -1.4286880283997665 -0.6098796824629206 0.051909114901166814 -0.027991844966005697 -0.24553833624340296 0.273186085195617 1.3765493242400115 1.9161055394931024 1.1175404824123298 -0.4091303839540049 -1.2976815484664028 -0.9502138708053509 -0.11811899367919712 0.10647884160842323 -0.40735329594144015 -0.8249659371230281 -0.5430202020781093 -0.002701738136607255 -0.083643160798704 -0.885045605247128 -1.4853101225769412 -1.0217158954394032 0.24255723824344952 1.1881848453417359 1.106534909244534 0.4225857363411051 0.05746024894067038 0.30380509307000425 0.6187887736229154 0.4961849874066198 0.21147517630922907 0.4536524288137889 1.3395750671095268 2.108938690632688 1.9342791037165084 0.8577555782629133 -0.27862990598360654 -0.786502309897256 -0.7814017245114212 -0.8075075372211844 -1.0295906069170824 -1.0695428564599128 -0.6419325632674471 -0.07898637731424668 0.0020651750246462475 -0.5241151373294659 -1.0778014431046716 -1.0213339484795236 -0.3665507739311405 0.3118311378482978 0.5894398003337206 0.5992244152869936 0.6689373216814046 0.7648467337516992 2.238720657782694 0.6414236645589367 -1.6048108086069677 -1.9141337858685028 -0.09347379827235822 1.5008983768300301 1.0980097598346037 -0.3083625234026291 -0.604985030757491 0.35599921513273464 0.5549792398781804 -1.2120292442167004 -3.3170319834333712 -3.1770371576839773 -0.6425765968691012 1.6489921458006478 1.5159783807970006 -0.15650144592967388 -0.8184329057856048 0.3116476965633737 1.4044002988167057 0.7883809045591512 -0.5693015199119678 -0.33944826891125396 1.8364395661849378 3.5465671226281965 2.5729187588554536 -0.22353002492083854 -1.9117158351241192 -1.0890486712103387 0.600779267447903 0.8667163701147971 -0.24313213184274018 -0.7117943549738218 0.40888538691951765 1.5355249633683887 0.680807008430574 -1.7261923862034534 -3.1663817031403734 -2.12578979052541 0.07996378237195147 1.0581057253248791 0.2771974327421881 -0.5971014970849494 -0.15845445776746808 0.9150055715272386 1.002862041185996 -0.103445737902772 -0.8967507169212495 -0.2275261766999654 1.128120529740445 1.487307978542325 0.41250012821327914 -0.8574058193154874 -1.1059051790938488 -0.5744356513905693 -0.33349299332085536 -0.6940867230245017 -0.9089731260695756 -0.4067192515250107 0.33400963599015515 0.4890876013926031 0.05510982208772187 -0.22639667818229148